0.241975 0.600722 9.9982E-005 0.0614816 9.9982E-005 0.0749902 0.0206314
0.236054 0.49735 0.0279496 0.101452 0.110147 9.9991E-005 0.026948
0.340662 0.448017 0.0698021 9.9982E-005 0.0212747 9.9982E-005 0.120044
0.178691 0.511396 0.0991741 0.0867648 0.123774 9.9982E-005 9.9982E-005
0.0696988 0.615094 0.0113002 0.0962282 0.0327027 9.9991E-005 0.174876
0.0176522 9.9964E-005 0.842165 9.9964E-005 9.9964E-005 0.139783 9.9964E-005
0.177161 0.623273 9.9982E-005 0.0234733 9.9982E-005 0.103954 0.0719385
0.0234231 9.9973E-005 0.91654 0.0481293 9.9973E-005 9.9973E-005 0.0116079
0.0528326 0.6196 0.0471382 0.0431026 0.00914273 0.0408375 0.187347
0.178941 0.553875 9.9973E-005 0.179288 9.9973E-005 9.9973E-005 0.0875972
0.197789 0.669203 9.9982E-005 9.9982E-005 0.0191846 0.0298283 0.0837951
0.0684204 0.438113 0.260782 0.0817584 9.9982E-005 9.9982E-005 0.150727
0.0521274 0.637431 9.9973E-005 0.0628938 9.9973E-005 9.9973E-005 0.247248
0.11572 0.682681 0.097625 9.9991E-005 0.0581349 0.0064128 0.0393265
0.107045 0.101754 0.64573 0.120656 9.9982E-005 9.9982E-005 0.024615
0.237709 0.383242 0.0209941 9.9982E-005 0.0795268 9.9982E-005 0.278329
0.248273 0.517262 0.178543 9.9973E-005 9.9973E-005 0.0556215 9.9973E-005
9.9982E-005 0.709513 9.9982E-005 0.0318235 0.177529 0.0414825 0.0394526
0.193748 0.599094 0.000524686 0.138694 9.9982E-005 9.9982E-005 0.0677399
0.271861 0.611742 9.9982E-005 0.034402 0.0702156 9.9982E-005 0.0115799
0.0274539 0.748966 9.9991E-005 0.0373137 0.0380197 0.0298713 0.118276
0.133334 0.476641 0.0997845 0.0928042 0.0590328 9.9991E-005 0.138303
0.342936 0.561594 9.9991E-005 0.00371118 0.0137301 0.0762548 0.0016734
0.25438 0.0146088 0.550541 0.0690524 9.9982E-005 9.9982E-005 0.111217
0.0355243 0.607958 9.9982E-005 9.9982E-005 0.0771461 0.0987288 0.180442
0.170897 0.124139 0.625443 0.0792206 9.9973E-005 9.9973E-005 9.9973E-005
0.172682 0.181848 0.45274 9.9982E-005 0.0332039 9.9982E-005 0.159325
9.9973E-005 0.581054 0.373909 9.9973E-005 0.0341183 9.9973E-005 0.0106182
0.232162 0.0996316 0.655787 9.9973E-005 9.9973E-005 0.0121197 9.9973E-005
0.0819009 0.746373 0.136234 0.0351914 9.9973E-005 9.9973E-005 9.9973E-005
0.24594 0.153128 0.464952 9.9982E-005 9.9982E-005 0.114592 0.0211884
0.0732056 0.653002 0.0269184 0.0991957 0.000650703 0.0417672 0.105261
0.26649 0.307512 0.246778 9.9982E-005 0.078921 9.9982E-005 0.1001
9.9955E-005 0.13583 0.86367 9.9955E-005 9.9955E-005 9.9955E-005 9.9955E-005
9.9973E-005 9.9973E-005 0.854946 0.067095 0.0581153 9.9973E-005 0.0195437
0.0663232 0.713231 0.10808 0.0265709 0.0461833 0.039512 9.9991E-005
9.9973E-005 0.63028 0.164941 0.140583 9.9973E-005 9.9973E-005 0.063896
0.0451296 0.540124 9.9982E-005 0.0600734 0.195787 9.9982E-005 0.158687
0.0206344 9.9982E-005 0.720761 0.116091 0.110883 9.9982E-005 0.0314311
0.297058 0.178387 0.359061 0.0492444 9.9982E-005 0.11605 9.9982E-005
0.14774 0.324689 0.270018 0.0180462 0.172964 9.9991E-005 0.0664433
0.227946 0.731276 0.0121275 9.9982E-005 9.9982E-005 0.00807943 0.0203712
0.0836972 0.660985 0.123002 9.9982E-005 0.0740513 9.9982E-005 0.0580643
0.0176127 0.00213726 0.580036 0.0367572 0.270024 9.9991E-005 0.0933324
0.179402 0.499657 9.9982E-005 0.189554 0.100039 9.9982E-005 0.0311482
0.239932 0.328774 9.9991E-005 0.199332 0.0364001 0.0403649 0.155098
0.158096 0.508749 0.0737015 0.00603863 0.132188 0.0399691 0.0812565
0.282542 0.490084 0.0939806 9.9982E-005 0.101893 0.0313001 9.9982E-005
0.248808 0.331926 0.0417406 0.135253 0.106977 9.9991E-005 0.135196
0.197326 0.160121 0.535967 0.106286 9.9973E-005 9.9973E-005 9.9973E-005
0.133698 0.659699 9.9991E-005 0.0123453 0.133312 0.0125934 0.048251
0.181754 0.269674 0.405292 0.0230837 9.9991E-005 0.0719565 0.0481408
0.18486 0.388063 0.0211208 0.194925 9.9991E-005 0.0385345 0.172397
0.0248584 0.0156538 0.907775 9.9973E-005 0.0514125 9.9973E-005 9.9973E-005
0.146079 0.162463 0.423035 9.9973E-005 9.9973E-005 9.9973E-005 0.268123
0.0863394 0.713667 9.9991E-005 0.00615169 0.0525539 0.0365005 0.104687
0.219649 0.605636 9.9982E-005 0.0202116 0.0977986 9.9982E-005 0.0565048
0.205538 0.372566 0.157637 0.0591427 0.0502387 9.9991E-005 0.154778
0.273298 0.226879 0.296515 0.0660573 9.9982E-005 9.9982E-005 0.13705
9.9955E-005 0.641005 0.358495 9.9955E-005 9.9955E-005 9.9955E-005 9.9955E-005
0.129204 9.9964E-005 0.817501 9.9964E-005 0.0528947 9.9964E-005 9.9964E-005
0.0654146 9.9964E-005 0.899092 0.0350935 9.9964E-005 9.9964E-005 9.9964E-005
0.040236 0.717019 0.0521951 9.9991E-005 0.030994 0.115384 0.0440713
0.125571 9.9955E-005 0.873929 9.9955E-005 9.9955E-005 9.9955E-005 9.9955E-005
0.228593 0.500718 0.0475654 0.0515194 9.9991E-005 0.108907 0.0625975
0.0165157 9.9973E-005 0.785156 0.1329 0.065128 9.9973E-005 9.9973E-005
0.0298663 0.548834 9.9982E-005 0.111156 0.144542 9.9982E-005 0.165402
0.281448 0.35438 0.123195 0.0831403 9.9991E-005 0.0791527 0.078584
0.251968 0.532418 9.9982E-005 0.00964699 0.0261475 9.9982E-005 0.17962
0.133124 9.9964E-005 0.815775 9.9964E-005 9.9964E-005 0.0507013 9.9964E-005
0.195004 0.418314 9.9991E-005 0.126055 0.0316725 0.0260069 0.202848
0.0984943 0.6115 0.0313171 0.051945 0.029138 0.0137846 0.163821
0.111568 0.381237 0.281344 9.9982E-005 0.16588 9.9982E-005 0.0597712
0.237481 0.51668 0.00441543 0.103042 9.9991E-005 0.0484125 0.0898689
0.252601 0.497915 9.9982E-005 0.0470407 0.0869699 9.9982E-005 0.115274
0.141955 0.414088 0.376051 9.9991E-005 0.0245776 0.00858776 0.0346403
0.139445 0.666498 9.9973E-005 0.10626 0.0874966 9.9973E-005 9.9973E-005
0.214821 0.260966 0.17698 9.9982E-005 0.319696 9.9982E-005 0.0273382
0.25315 0.436906 0.116869 9.9982E-005 9.9982E-005 0.0744495 0.118426
0.128244 0.539476 0.00537733 0.00494039 0.124405 0.0551054 0.142452
0.296159 0.327728 9.9973E-005 0.243741 9.9973E-005 9.9973E-005 0.132072
0.192183 0.527011 9.9973E-005 9.9973E-005 0.0363465 9.9973E-005 0.24416
0.29579 0.449926 0.0305333 0.140729 9.9982E-005 9.9982E-005 0.0828213
0.193385 0.567313 9.9973E-005 0.220224 0.018777 9.9973E-005 9.9973E-005
0.211757 0.693221 9.9964E-005 0.094622 9.9964E-005 9.9964E-005 9.9964E-005
0.1837 0.292245 0.158519 0.131838 9.9982E-005 9.9982E-005 0.233497
0.117935 0.37226 0.353037 0.0769687 0.0310881 9.9991E-005 0.0486114
0.232614 0.411643 0.284482 9.9973E-005 9.9973E-005 9.9973E-005 0.0709616
0.0570759 9.9973E-005 0.783355 9.9973E-005 9.9973E-005 0.0233932 0.135876
0.232089 0.28803 0.19516 0.149388 0.00856762 0.0192021 0.107563
0.403118 0.318634 9.9982E-005 0.00954849 0.143391 9.9982E-005 0.125109
0.00774093 0.314064 0.581749 0.0633559 0.0214905 9.9991E-005 0.0115002
0.127671 0.713532 0.0217217 0.0557522 0.0233664 0.0171151 0.0408424
0.0898824 0.618508 0.263568 0.0277414 9.9973E-005 9.9973E-005 9.9973E-005
0.297082 0.184519 0.451052 9.9982E-005 9.9982E-005 0.0533013 0.0138456
0.0699965 9.9964E-005 0.848155 9.9964E-005 9.9964E-005 9.9964E-005 0.0814487
0.204482 0.454882 0.0906778 0.170719 0.0119458 9.9991E-005 0.0671927
0.264124 0.329265 0.0957511 0.187135 0.0634251 9.9991E-005 0.0602002
0.362258 0.36569 0.0284397 0.0628791 0.105409 9.9991E-005 0.0752243
0.036272 0.595722 0.239851 0.0459034 0.0194468 9.9991E-005 0.062705
0.355368 0.0487052 0.43045 9.9982E-005 9.9982E-005 0.0748065 0.0904698
0.100075 0.739403 0.0615417 0.0986807 9.9973E-005 9.9973E-005 9.9973E-005
0.243211 0.561867 9.9991E-005 0.0355359 0.0499711 0.064791 0.0445237
0.292385 0.587953 9.9973E-005 0.0862376 0.0331248 9.9973E-005 9.9973E-005
0.275714 0.55061 9.9982E-005 0.00239014 0.0989942 9.9982E-005 0.0720916
0.0877003 0.0625478 0.763434 9.9973E-005 9.9973E-005 9.9973E-005 0.086018
0.189739 0.174491 0.450009 0.151149 9.9982E-005 0.0344123 9.9982E-005
0.310907 0.581098 9.9973E-005 0.0388441 0.0688507 9.9973E-005 9.9973E-005
0.179937 0.45748 0.0314401 0.00270984 0.0175428 9.9991E-005 0.310791
0.181922 0.649268 9.9973E-005 9.9973E-005 0.129477 9.9973E-005 0.0390338
0.167866 0.330598 0.43436 0.0668752 9.9973E-005 9.9973E-005 9.9973E-005
0.0502361 9.9955E-005 0.949264 9.9955E-005 9.9955E-005 9.9955E-005 9.9955E-005
0.163773 0.379463 0.456365 9.9964E-005 9.9964E-005 9.9964E-005 9.9964E-005
0.0409666 0.775757 0.0120465 9.9991E-005 0.00270149 0.106319 0.06211
0.221778 0.559612 0.0662268 0.0324022 0.0402467 9.9991E-005 0.0796341
0.0493837 0.625473 9.9982E-005 0.210617 0.0757989 9.9982E-005 0.0385278
0.22718 0.642413 9.9973E-005 9.9973E-005 0.0296613 9.9973E-005 0.100446
0.0236513 9.9973E-005 0.902611 9.9973E-005 9.9973E-005 0.0394833 0.0339544
0.0279552 0.818416 0.0103028 0.0530212 9.9991E-005 0.051724 0.0384808
0.145187 0.590213 9.9973E-005 9.9973E-005 0.191626 9.9973E-005 0.0726748
0.129608 0.648397 0.0579077 0.0485387 0.0191759 9.9991E-005 0.0962735
0.0950918 0.167057 0.6168 9.9982E-005 9.9982E-005 0.0658797 0.0549711
0.0941649 0.633914 9.9973E-005 9.9973E-005 0.250785 9.9973E-005 0.0208361
0.131475 0.506556 0.0889532 0.0560526 0.0739286 0.0636623 0.0793723
0.0577641 0.726657 9.9991E-005 0.0768352 0.0144621 0.025177 0.0990045
0.173389 0.620208 0.0655034 0.0607133 0.00406339 0.0236416 0.0524808
0.0334105 0.192344 0.599438 0.0998503 0.0360531 9.9991E-005 0.038804
0.0463021 9.9973E-005 0.8648 9.9973E-005 0.0637574 0.0248405 9.9973E-005
0.337178 0.413902 9.9982E-005 0.0640322 9.9982E-005 0.0637167 0.12097
0.325892 0.387589 9.9991E-005 0.0686999 0.0995318 0.0772983 0.0408891
0.104747 0.640334 0.0158417 0.0670829 0.074319 9.9991E-005 0.0975755
0.123792 0.42295 0.0129979 0.185816 0.0164262 0.0150005 0.223018
0.125721 0.361195 0.422031 0.00350259 9.9991E-005 0.00916512 0.0782855
0.162413 0.541531 0.0238659 0.120372 0.0747355 0.0760144 0.00106922
0.0693923 0.614914 0.186373 0.0287659 0.100354 9.9982E-005 9.9982E-005
0.9994 9.995E-005 9.995E-005 9.995E-005 9.995E-005 9.995E-005 9.995E-005
0.167509 0.138435 0.545776 9.9991E-005 0.0962372 0.00659742 0.0453447
0.00721087 0.465698 0.291064 0.00375072 0.102077 9.9991E-005 0.1301
0.9994 9.995E-005 9.995E-005 9.995E-005 9.995E-005 9.995E-005 9.995E-005
0.336144 0.0781688 0.572734 9.9973E-005 9.9973E-005 0.0126532 9.9973E-005
0.153273 0.640783 0.188121 9.9982E-005 0.00451728 0.0131053 9.9982E-005
0.208991 0.210369 0.334422 0.0681042 0.0661008 0.111913 9.9991E-005
9.9973E-005 0.371433 0.32667 0.1442 9.9973E-005 9.9973E-005 0.157397
0.258683 0.267814 0.199916 0.0330718 9.9991E-005 0.00754445 0.232871
0.136947 9.9973E-005 0.681726 9.9973E-005 9.9973E-005 0.122905 0.0581221
0.0414808 0.400263 0.255589 0.161679 9.9982E-005 9.9982E-005 0.140788
0.218293 0.389781 0.230165 0.0308411 0.13072 9.9982E-005 9.9982E-005
0.22489 0.479956 9.9973E-005 9.9973E-005 0.192035 9.9973E-005 0.10282
0.141333 0.482563 9.9982E-005 0.140889 0.128944 9.9982E-005 0.106072
0.214626 0.441782 9.9991E-005 0.137069 0.0364826 0.144358 0.0255816
0.0159647 0.537575 0.0647456 0.22419 9.9982E-005 9.9982E-005 0.157324
0.0106679 0.560328 0.31684 0.0468461 9.9991E-005 0.0370457 0.0281714
9.9964E-005 0.0961382 0.755641 9.9964E-005 9.9964E-005 9.9964E-005 0.14782
0.0990154 0.253343 0.413904 0.149423 0.0309921 0.0370294 0.0162924
0.264689 0.284082 0.0140729 0.151637 0.151281 9.9991E-005 0.134139
0.161005 0.463013 9.9982E-005 0.105863 0.134189 9.9982E-005 0.135731
0.00101256 9.9964E-005 0.866771 0.131816 9.9964E-005 9.9964E-005 9.9964E-005
0.16247 0.531482 9.9991E-005 0.0524845 0.0424644 0.108592 0.102407
0.258657 0.45805 0.0127132 9.9991E-005 0.00469452 0.0303298 0.235455
0.195801 0.513855 0.197801 9.9991E-005 0.0334667 0.0217163 0.0372598
0.264198 0.505256 9.9982E-005 9.9982E-005 0.128481 0.0303867 0.0714782
0.148725 0.394871 0.181176 0.00550191 0.00760802 0.0874656 0.174652
0.371472 0.218158 0.069431 0.100888 0.1313 9.9991E-005 0.108651
0.326512 0.392911 9.9973E-005 0.207304 9.9973E-005 9.9973E-005 0.0729738
0.168798 0.716411 9.9982E-005 0.0465387 0.0186279 9.9982E-005 0.0494244
0.130945 0.709061 9.9982E-005 9.9982E-005 0.000716445 0.0784841 0.0805931
0.190232 0.233827 0.193747 0.172222 0.0182364 0.014015 0.17772
0.233797 0.116677 0.514439 9.9973E-005 0.134786 9.9973E-005 9.9973E-005
0.292278 0.404499 0.251654 0.0240134 9.9991E-005 0.0179838 0.00947179
0.324474 0.307067 0.061009 0.0679775 0.0530821 0.0748278 0.111563
0.380837 0.340562 0.117382 0.00334604 0.0642869 0.0934855 9.9991E-005
0.235025 0.608789 0.127022 0.0112399 9.9982E-005 9.9982E-005 0.0177232
0.00409518 9.9955E-005 0.995405 9.9955E-005 9.9955E-005 9.9955E-005 9.9955E-005
0.299086 0.387273 0.0566144 9.9973E-005 9.9973E-005 9.9973E-005 0.256728
0.418051 0.146533 0.333307 0.0888031 9.9982E-005 9.9982E-005 0.0131055
0.425283 0.270811 0.000509969 0.120424 0.0549264 0.0854046 0.0426407
0.198852 0.504998 0.200512 9.9982E-005 0.0756465 9.9982E-005 0.0197915
9.9982E-005 0.188634 0.591154 0.0604478 0.033047 9.9982E-005 0.126517
0.0355028 0.367747 0.421795 0.0173371 0.0603646 9.9991E-005 0.097153
0.0366575 0.344477 0.543069 9.9982E-005 0.0462154 0.0293809 9.9982E-005
0.215078 0.691789 0.00407764 0.0358628 9.9982E-005 9.9982E-005 0.0529924
9.9964E-005 9.9964E-005 0.830026 0.0645432 0.105031 9.9964E-005 9.9964E-005
0.0609811 0.476345 0.409288 9.9973E-005 0.0530856 9.9973E-005 9.9973E-005
0.120392 0.548675 0.00909719 0.0389969 0.0732645 9.9991E-005 0.209475
9.99551E-005 9.99551E-005 0.93234 9.99551E-005 0.0671602 9.99551E-005 9.99551E-005
0.329484 0.0450321 0.514058 9.9982E-005 0.00964038 9.9982E-005 0.101586
0.238751 0.561067 9.9991E-005 0.0393487 0.0218905 0.045717 0.093126
0.105082 0.416981 0.418253 0.0330456 9.9982E-005 9.9982E-005 0.026438
0.156009 0.5729 0.125108 9.9982E-005 0.066173 9.9982E-005 0.0796097
0.0915796 0.689062 9.9991E-005 0.0541223 0.110447 0.00390195 0.0507869
9.9982E-005 0.360448 0.338053 0.134172 0.0646082 9.9982E-005 0.102519
0.190896 0.79912 9.9964E-005 0.00958395 9.9964E-005 9.9964E-005 9.9964E-005
0.142531 0.739859 9.9964E-005 0.11721 9.9964E-005 9.9964E-005 9.9964E-005
0.175092 0.543794 0.00855988 0.0125338 0.164916 9.9991E-005 0.0950039
0.280366 0.168216 0.255865 0.125472 0.0672098 0.0141989 0.0886722
9.9982E-005 0.59979 0.266361 0.00479538 0.0817085 9.9982E-005 0.0471448
0.147339 0.552361 9.9991E-005 0.0738469 0.0184594 0.100898 0.106996
0.158973 0.599517 0.1282 0.0765192 9.9982E-005 9.9982E-005 0.0365911
0.161139 0.378761 0.00295555 0.106283 0.0800267 0.131643 0.139191
0.249762 0.496438 9.9982E-005 9.9982E-005 0.0959889 0.0403621 0.11725
0.134356 0.238922 0.32781 0.0629171 0.103654 9.9991E-005 0.132241
0.0982404 0.7604 9.9982E-005 0.0469857 9.9982E-005 0.0627937 0.0313802
0.0904921 0.446675 0.0482908 0.0264619 0.0561125 0.0166025 0.315366
0.187033 0.390115 9.9991E-005 0.179837 0.14112 0.0458786 0.0559178
0.17094 0.354067 9.9991E-005 0.136418 0.00495725 0.275426 0.0580928
0.345325 0.0744035 0.268048 0.221719 9.9982E-005 9.9982E-005 0.090304
0.0569834 0.656573 0.00284679 0.139915 9.9991E-005 0.0577969 0.0857841
0.414144 0.333706 0.150314 9.9982E-005 0.0129753 9.9982E-005 0.0886611
0.114367 0.561227 0.034861 0.0124697 9.9991E-005 0.021124 0.255852
0.0326707 0.787377 9.9973E-005 0.126961 0.0526909 9.9973E-005 9.9973E-005
0.0500026 0.578484 0.0128095 0.176235 9.9991E-005 0.0330638 0.149305
0.0682457 0.33427 0.399844 0.0694226 0.0921077 0.0360099 9.9991E-005
0.076917 0.290743 0.437811 0.141769 0.00651642 0.000845244 0.0453981
0.00114636 0.882313 9.9982E-005 0.00295815 0.0427073 9.9982E-005 0.0706748
0.119486 0.572917 9.9982E-005 0.0229459 0.207692 9.9982E-005 0.0767587
0.177409 0.645266 9.9973E-005 9.9973E-005 9.9973E-005 0.147143 0.0298826
0.305686 0.518231 9.9982E-005 0.0123125 9.9982E-005 0.135581 0.0279898
0.512143 0.19371 0.25501 0.0217463 0.0171908 9.9982E-005 9.9982E-005
0.329401 0.316716 0.185088 0.0415166 0.0701304 9.9991E-005 0.0570481
0.274258 0.41131 9.9991E-005 0.109221 0.0810386 0.111712 0.0123608
0.162069 0.0519062 0.580133 9.9982E-005 0.112175 9.9982E-005 0.0935164
0.079581 0.575529 0.193103 9.9973E-005 9.9973E-005 9.9973E-005 0.151487
0.309654 0.400548 0.0972851 0.155856 0.0364561 9.9982E-005 9.9982E-005
0.186009 9.9982E-005 0.748208 0.0154199 9.9982E-005 0.048736 0.00142662
0.21581 0.418383 0.0210008 0.026091 0.031046 0.0432758 0.244394
0.260627 0.513227 0.0445866 0.152654 9.9982E-005 9.9982E-005 0.0287058
0.0865885 0.755337 0.0588284 0.0388674 0.0285212 9.9991E-005 0.0317573
0.155208 0.525166 9.9982E-005 0.117422 0.0282965 9.9982E-005 0.173708
0.343234 0.367069 9.9991E-005 0.0463725 0.0688333 0.169414 0.00497681
0.200961 0.53272 0.0245482 0.0766728 9.9982E-005 9.9982E-005 0.164898
0.0429777 0.858324 9.9982E-005 9.9982E-005 0.00133282 0.0158589 0.0813063
0.15717 0.724478 9.9973E-005 0.0541224 0.0639298 9.9973E-005 9.9973E-005
0.279888 0.371941 0.188901 9.9991E-005 0.035249 0.00119905 0.122722
0.231485 0.525637 9.9973E-005 0.195766 9.9973E-005 9.9973E-005 0.0468128
0.339322 0.628641 9.9973E-005 0.0226894 0.00904697 9.9973E-005 9.9973E-005
0.480473 0.208559 0.214702 9.9973E-005 0.0959665 9.9973E-005 9.9973E-005
0.352853 0.496109 9.9973E-005 0.0960412 0.0546971 9.9973E-005 9.9973E-005
0.382255 0.482393 9.9973E-005 9.9973E-005 9.9973E-005 0.0417901 0.0932624
0.12589 0.456175 0.34035 9.9973E-005 9.9973E-005 9.9973E-005 0.077284
0.306674 0.362162 0.253312 9.99773E-005 0.0775516 9.99773E-005 9.99773E-005
0.0672481 0.765894 0.0583614 9.9982E-005 0.071723 9.9982E-005 0.0365738
0.098576 0.339665 0.48751 0.038829 9.9982E-005 9.9982E-005 0.0352202
0.209667 0.625816 9.9973E-005 0.130899 9.9973E-005 9.9973E-005 0.0333171
0.104298 0.478096 0.377157 0.0303547 9.9982E-005 9.9982E-005 0.00989433
9.9991E-005 0.753405 0.026364 0.132272 0.0199867 0.0126926 0.05518
0.491614 0.156684 0.154165 0.106253 9.9991E-005 0.0179142 0.0732703
0.127277 0.375786 0.302768 9.9973E-005 9.9973E-005 0.193869 9.9973E-005
0.224843 0.120217 0.442578 0.0779305 9.9982E-005 9.9982E-005 0.134232
0.0737009 0.677626 0.0545686 0.000251009 9.9991E-005 0.0586197 0.135134
0.356354 0.596758 9.9973E-005 0.0108479 9.9973E-005 9.9973E-005 0.0357402
0.12217 0.427519 0.325639 0.0839526 0.0354182 9.9991E-005 0.0052012
0.100594 0.519522 0.0572977 0.281469 9.9991E-005 0.0122106 0.0288062
0.0656978 0.676602 0.00115679 0.144121 9.9982E-005 9.9982E-005 0.112223
9.9964E-005 9.9964E-005 0.856568 0.0158167 9.9964E-005 9.9964E-005 0.127215
0.191799 0.562103 0.0290975 0.19471 9.9982E-005 9.9982E-005 0.0220903
0.173483 0.737364 9.9973E-005 9.9973E-005 9.9973E-005 0.0855047 0.00334872
0.0790255 0.72627 0.0567462 0.069314 0.0442442 9.9991E-005 0.0243003
0.246982 0.451501 0.0474673 0.0340865 0.149828 9.9991E-005 0.070035
0.17458 0.614222 0.00543557 0.123263 9.9982E-005 9.9982E-005 0.0822993
0.139693 0.635849 9.9973E-005 0.0399644 9.9973E-005 9.9973E-005 0.184193
0.157876 0.618485 0.0207542 9.9982E-005 0.150168 9.9982E-005 0.0525172
9.9973E-005 0.663351 0.0965488 9.9973E-005 0.113208 9.9973E-005 0.126593
0.122805 0.101695 0.542783 0.104996 0.0675287 0.0600914 9.9991E-005
0.122996 0.669591 0.00786886 9.9973E-005 9.9973E-005 9.9973E-005 0.199244
0.0839448 0.765849 9.9982E-005 0.0833224 9.9982E-005 0.0283066 0.038377
0.224909 0.334316 0.200295 0.0680496 0.0289756 0.0598838 0.0835721
0.169101 0.339041 0.388577 0.0300692 0.0730119 9.9982E-005 9.9982E-005
0.132163 0.533181 9.9991E-005 0.0931969 0.155188 0.0181633 0.0680078
0.129864 0.464894 0.273286 0.105347 0.0117996 9.9991E-005 0.0147095
0.131355 0.674996 0.0391085 0.0134405 0.00125295 9.9991E-005 0.139747
0.0720841 0.370413 0.384726 9.9982E-005 0.0780713 9.9982E-005 0.094505
0.278101 0.433905 0.0782408 0.0808647 0.128689 9.9982E-005 9.9982E-005
0.268525 0.0997755 0.474351 0.157048 9.9973E-005 9.9973E-005 9.9973E-005
0.10167 0.600183 0.206853 0.090994 9.9973E-005 9.9973E-005 9.9973E-005
0.243461 0.300951 0.0354132 9.9991E-005 0.0327334 0.132568 0.254773
0.0617612 0.512522 0.248052 0.0605294 9.9991E-005 0.0149694 0.102065
0.162319 0.530549 9.9973E-005 0.136736 9.9973E-005 9.9973E-005 0.170096
0.223762 0.596688 9.9982E-005 9.9982E-005 0.150962 0.00676788 0.0216203
0.404784 0.362952 0.0201824 0.0861004 0.0285773 9.9991E-005 0.0973043
0.357204 0.305299 0.296168 0.0281763 9.9982E-005 0.0129519 9.9982E-005
0.176689 0.573785 0.0493108 9.9982E-005 9.9982E-005 0.130975 0.0690416
9.9982E-005 0.429323 0.00281473 0.170176 0.211011 9.9982E-005 0.186476
0.100001 0.722018 9.9982E-005 0.0370973 0.10223 9.9982E-005 0.038454
9.9982E-005 0.194843 0.555453 0.139235 0.0467751 9.9982E-005 0.0634939
9.9964E-005 0.110813 0.848899 9.9964E-005 0.0398881 9.9964E-005 9.9964E-005
0.0958153 0.584161 0.0715745 0.0589941 0.189255 9.9982E-005 9.9982E-005
0.0702669 0.541983 0.0950285 0.183025 9.9991E-005 0.0312676 0.0783289
0.214521 0.223969 0.142898 0.154814 9.9991E-005 0.00981758 0.25388
0.194439 0.459544 0.177485 0.0986783 9.9982E-005 9.9982E-005 0.0696534
0.0476264 0.360466 0.262582 9.9991E-005 0.151533 0.048145 0.129547
0.042374 0.561074 0.127388 0.105098 0.087044 9.9991E-005 0.0769219
0.330606 0.422804 9.9991E-005 0.145547 0.014271 0.0696833 0.0169883
0.102643 0.573291 0.0472858 0.110623 0.0823629 0.0312308 0.0525635
0.170179 0.540901 9.9973E-005 9.9973E-005 0.0679281 9.9973E-005 0.220692
0.0517838 0.697012 9.9982E-005 0.119612 0.109345 9.9982E-005 0.022047
0.151495 0.691078 9.9973E-005 9.9973E-005 0.148957 9.9973E-005 0.00816978
0.169801 0.570716 9.9973E-005 9.9973E-005 0.172273 9.9973E-005 0.08691
0.547571 0.267021 0.00822833 0.067937 0.109043 9.9982E-005 9.9982E-005
0.0297936 0.664188 9.9982E-005 0.0686899 9.9982E-005 0.134441 0.102687
0.248971 0.483426 0.0135278 0.098644 0.150396 9.9991E-005 0.00493565
0.22193 0.495754 9.9991E-005 0.0904509 0.0620248 0.0444726 0.0852669
0.0273044 0.577152 0.0723957 0.156088 0.0919443 9.9991E-005 0.0750153
0.0543562 0.529646 0.13652 0.154232 0.0645099 9.9991E-005 0.0606362
0.0180172 0.105078 0.543514 0.0624606 0.27073 9.9982E-005 9.9982E-005
0.0879258 0.187589 0.464939 0.108688 0.0218552 9.9991E-005 0.128904
0.0128861 0.109983 0.808596 9.9982E-005 9.9982E-005 0.0432972 0.0250383
0.114083 0.731946 9.9982E-005 0.0519353 0.0827558 9.9982E-005 0.0190806
9.9973E-005 9.9973E-005 0.799372 0.021055 0.147983 9.9973E-005 0.0312902
0.150564 0.0199201 0.661554 9.9982E-005 0.145389 0.0223725 9.9982E-005
0.265542 0.481817 0.0217479 0.220724 0.00996873 9.9982E-005 9.9982E-005
0.190979 0.488796 9.9982E-005 0.119815 0.0578257 9.9982E-005 0.142385
0.140294 0.440325 0.0236338 0.230478 9.9991E-005 0.097109 0.0680605
0.0582371 0.102324 0.716409 0.0660466 9.9982E-005 0.0567836 9.9982E-005
0.219544 0.628476 9.9973E-005 9.9973E-005 9.9973E-005 0.0829974 0.0686825
0.318468 0.178514 0.394671 0.0752983 0.0328491 9.9982E-005 9.9982E-005
0.152288 0.460957 9.9973E-005 0.244959 0.141496 9.9973E-005 9.9973E-005
9.9982E-005 0.0037058 0.845031 0.0673383 0.0224328 9.9982E-005 0.0612923
0.202335 0.478257 0.15259 0.0990807 0.00610151 0.0310348 0.030601
0.0642896 0.759488 0.0538234 9.9982E-005 0.0614084 9.9982E-005 0.0607907
0.0991906 0.745079 9.9982E-005 0.00949598 0.0133206 9.9982E-005 0.132714
0.262524 0.530378 9.9982E-005 0.063153 9.9982E-005 0.0511529 0.0925925
0.0242863 0.183199 0.683042 0.0855772 0.00441792 0.0193771 9.9991E-005
0.130018 0.465005 0.219961 9.9982E-005 9.9982E-005 0.116678 0.0681371
0.195828 0.186599 0.349652 9.9991E-005 0.0086013 0.0898239 0.169395
0.265688 0.471684 9.9991E-005 0.153767 0.0958992 0.00933847 0.00352316
9.9964E-005 0.108637 0.791692 9.9964E-005 0.0992708 9.9964E-005 9.9964E-005
0.193051 0.329329 0.0659419 0.143382 0.0107334 0.148942 0.108621
0.164786 0.185181 0.445211 0.0302818 0.0201822 0.0660399 0.088318
9.9982E-005 0.626542 0.0565975 0.0591269 0.125253 9.9982E-005 0.13228
0.347919 0.392778 0.16679 9.9991E-005 0.0135982 0.0282996 0.0505152
9.9973E-005 0.271296 0.56152 0.0830868 9.9973E-005 9.9973E-005 0.0837973
0.195897 0.40751 9.9991E-005 0.256661 0.0243701 0.0168438 0.0986177
0.16195 0.557281 9.9982E-005 0.141343 0.10376 9.9982E-005 0.0354654
0.147521 0.51387 9.9982E-005 0.141934 9.9982E-005 0.00514833 0.191326
0.00472964 0.639316 0.00252263 0.0653821 0.0529439 0.0477665 0.187339
0.171497 0.222057 0.399043 0.0991324 9.9982E-005 9.9982E-005 0.108071
0.278687 0.484029 9.9991E-005 0.0588569 0.0154491 0.0305168 0.132361
9.9982E-005 0.736127 9.9982E-005 0.080132 0.0629289 0.0175922 0.103019
9.9982E-005 0.732871 0.0769915 0.154804 0.00826289 9.9982E-005 0.0268701
0.258841 0.126973 0.459114 0.0795899 0.0752829 9.9982E-005 9.9982E-005
0.202623 0.416351 0.26766 9.9982E-005 9.9982E-005 0.056456 0.0567094
0.0215011 0.678135 0.0191969 0.067499 9.9991E-005 0.0820207 0.131547
0.30733 0.0655255 0.174656 0.321185 0.0248118 9.9991E-005 0.106392
0.15743 0.385581 0.199915 0.0713657 0.00266977 9.9991E-005 0.182939
0.271928 0.426224 9.9982E-005 0.159045 9.9982E-005 0.0363634 0.106239
0.11552 0.234523 0.384943 0.0718882 0.167958 0.00608218 0.019087
0.350242 0.272039 0.0469277 9.9982E-005 0.242399 9.9982E-005 0.0881917
0.0792588 0.370562 0.43764 0.0416784 0.0706604 9.9982E-005 9.9982E-005
0.00328284 0.747891 9.9982E-005 9.9982E-005 0.0461776 0.0994126 0.103036
0.0260953 0.771904 9.9982E-005 0.00758755 0.13386 9.9982E-005 0.0603532
0.121583 0.689203 9.9964E-005 9.9964E-005 0.188815 9.9964E-005 9.9964E-005
0.170131 0.648936 9.9982E-005 0.0756254 9.9982E-005 0.0609748 0.0441331
0.218042 0.440268 9.9982E-005 0.00478152 0.185189 9.9982E-005 0.151519
0.127982 0.520354 9.9982E-005 0.0537169 0.23281 9.9982E-005 0.0649369
0.0677316 0.366504 0.330543 0.0929497 9.9982E-005 9.9982E-005 0.142072
0.345194 0.438223 0.0510213 9.9982E-005 9.9982E-005 0.113342 0.0520203
0.074418 0.711133 9.9982E-005 0.0732863 0.133045 9.9982E-005 0.00791715
0.0663543 0.799794 0.0491432 9.9973E-005 9.9973E-005 9.9973E-005 0.0844084
0.170427 0.529568 0.0626136 0.0927694 9.9982E-005 9.9982E-005 0.144422
0.115153 0.282281 0.308556 0.0769595 9.9991E-005 0.0209976 0.195953
0.177072 0.416138 9.9991E-005 0.0898921 0.173138 0.00222933 0.14143
0.151493 0.587057 9.9991E-005 0.00693022 0.173786 0.0287712 0.0518631
0.196135 9.9964E-005 0.69165 0.111816 9.9964E-005 9.9964E-005 9.9964E-005
0.121927 0.205932 0.585828 9.9991E-005 0.031823 0.0029004 0.0514893
0.232663 0.474704 9.9982E-005 0.0980088 0.159613 9.9982E-005 0.0348113
0.0358315 0.413821 9.9982E-005 9.9982E-005 0.286377 0.228344 0.0354265
0.0227214 0.0717546 0.0762983 0.297073 9.9991E-005 0.471376 0.060677
0.0198161 0.353087 9.9982E-005 0.255577 9.9982E-005 0.327934 0.0433865
0.0622562 0.651964 9.9991E-005 0.0521504 0.173974 0.0417173 0.0178382
9.9982E-005 0.252978 9.9982E-005 0.179307 0.174515 0.343304 0.0496961
0.025541 0.197023 0.0191309 0.101584 0.284982 0.306462 0.0652775
9.9991E-005 0.311985 0.0555887 0.000516849 0.164105 0.460454 0.00725056
9.9991E-005 0.0557411 0.0320914 0.165368 0.379326 0.290929 0.0764452
9.9991E-005 0.315937 0.0477779 0.0881841 0.203243 0.264948 0.0798096
0.139146 0.295973 9.9982E-005 9.9982E-005 0.313227 0.184331 0.0671238
0.208897 0.332657 9.9991E-005 0.0971383 0.0484431 0.253708 0.0590555
9.9991E-005 0.243096 0.0224401 0.145496 0.197472 0.342143 0.0492527
0.10193 0.431065 9.9991E-005 0.0989564 0.0281305 0.170343 0.169475
9.9982E-005 0.161562 9.9982E-005 0.317446 0.320134 0.072359 0.128299
9.9982E-005 0.265509 9.9982E-005 0.145915 0.218471 0.282241 0.0876634
0.0396929 0.120907 0.0364106 0.0186023 9.9991E-005 0.499837 0.28445
0.154976 0.311305 9.9991E-005 0.021934 0.0927285 0.385044 0.0339121
0.127716 0.179601 9.9991E-005 0.13743 0.245582 0.274641 0.0349303
0.00491829 9.9982E-005 0.791518 0.0830989 0.0406978 9.9982E-005 0.0795673
0.15177 0.249928 9.9982E-005 9.9982E-005 0.256986 0.272418 0.0686983
9.9991E-005 0.337907 0.0250626 0.0817769 0.225282 0.237605 0.0922668
0.143423 0.466366 0.115859 9.9991E-005 0.0680325 0.0674578 0.138762
0.00849232 0.0209499 9.9982E-005 0.0991321 0.332676 0.53855 9.9982E-005
0.188217 9.9982E-005 9.9982E-005 0.0161936 0.458168 0.293634 0.0435877
0.322123 0.343776 9.9982E-005 9.9982E-005 0.165632 0.0916681 0.0766013
9.9991E-005 0.26329 0.00105163 0.0437566 0.223302 0.375335 0.0931645
9.9991E-005 0.378068 0.000372153 0.0940111 0.0161687 0.362898 0.148382
0.0607684 0.231673 9.9991E-005 0.213766 0.0886526 0.334363 0.0706766
0.0810055 0.082054 0.0307666 0.077345 0.172217 0.530146 0.0264663
0.135468 9.9991E-005 0.0261296 0.118845 0.257037 0.33958 0.12284
0.0826667 0.00851091 9.9991E-005 0.260286 0.277104 0.369779 0.00155388
0.133198 9.9973E-005 0.0103175 9.9973E-005 9.9973E-005 0.795594 0.0605905
9.9982E-005 0.201533 9.9982E-005 0.159518 0.142208 0.273661 0.222879
9.9982E-005 0.247894 9.9982E-005 0.206725 0.204047 0.265162 0.0759725
0.0539899 0.106334 0.125251 0.0412349 0.125558 0.435535 0.112096
0.0843292 0.105711 9.9991E-005 0.0499315 0.193089 0.452913 0.113926
0.0202665 0.082267 0.0912913 0.159899 0.304936 0.268736 0.0726041
0.0658148 0.468813 9.9982E-005 0.189926 0.197716 9.9982E-005 0.0775295
9.9982E-005 0.0774709 9.9982E-005 0.201667 0.170161 0.288313 0.262188
9.9982E-005 0.279317 9.9982E-005 0.245655 0.193506 0.18789 0.0934321
0.199229 0.275964 9.9973E-005 0.019861 9.9973E-005 0.504646 9.9973E-005
0.050756 0.286532 0.0121873 0.167826 0.211708 0.202968 0.0680225
0.0920584 9.9964E-005 9.9964E-005 9.9964E-005 9.9964E-005 0.889663 0.0178791
0.0920694 0.619816 0.0367727 9.9991E-005 0.165065 0.0664165 0.0197601
9.9982E-005 0.223898 9.9982E-005 0.14108 0.170283 0.354281 0.110258
0.209096 0.398549 0.26145 9.9982E-005 9.9982E-005 0.06229 0.068415
0.190013 0.33136 9.9991E-005 0.150326 0.0973466 0.0847202 0.146134
0.209042 0.496131 0.0233822 0.00281127 0.177886 0.043729 0.047019
0.0276618 0.197655 0.0348738 9.9991E-005 0.213853 0.333852 0.192004
0.0451813 0.249524 0.0148801 0.138626 0.206901 0.275696 0.0691905
9.9991E-005 0.0942824 0.0183066 0.0895417 0.336967 0.373287 0.0875156
0.0503863 0.34044 9.9982E-005 0.0856861 0.0902759 0.433012 9.9982E-005
0.00452218 0.284986 0.0455447 0.183854 0.297336 0.137769 0.0459876
9.9991E-005 0.186474 0.0444975 0.084876 0.227191 0.320032 0.136829
0.0176736 0.399457 9.9982E-005 0.142993 0.156524 0.283152 9.9982E-005
0.12873 0.10686 9.9982E-005 0.129232 0.071832 0.563146 9.9982E-005
0.0229561 0.316024 9.9982E-005 9.9982E-005 0.0194492 0.507726 0.133644
9.9955E-005 9.9955E-005 0.00989871 0.989602 9.9955E-005 9.9955E-005 9.9955E-005
9.9973E-005 0.214797 9.9973E-005 0.0824115 0.0684639 0.634028 9.9973E-005
9.9982E-005 0.193063 0.0139662 0.12316 0.254424 0.415187 9.9982E-005
9.9991E-005 0.0894504 0.0495732 0.203226 0.33807 0.31592 0.0036606
0.0242628 0.142725 9.9991E-005 0.156109 0.242729 0.357185 0.0768889
0.244457 0.51966 9.9991E-005 0.0971644 0.0915165 0.0220937 0.0250087
0.0595874 0.180263 9.9982E-005 0.39494 0.0258214 0.339188 9.9982E-005
0.130783 0.557623 0.203494 9.9991E-005 0.00524372 0.0542978 0.0484592
0.019494 0.201221 0.00141781 0.0530097 0.357401 0.234952 0.132505
0.0376436 0.150577 0.042815 0.174394 0.129332 0.449989 0.0152499
0.150505 0.411293 0.0921412 0.113073 0.147696 9.9991E-005 0.0851916
9.9991E-005 0.254624 0.0409125 0.15077 0.190732 0.258026 0.104836
0.0487803 0.262573 0.0185412 0.0552189 0.0387856 0.546025 0.0300761
9.995E-005 9.995E-005 9.995E-005 0.9994 9.995E-005 9.995E-005 9.995E-005
9.9991E-005 0.176891 0.0273321 0.106539 0.256481 0.325227 0.107429
0.171668 0.199736 9.9991E-005 0.0766186 0.298424 0.13689 0.116564
0.00239816 0.222823 9.9991E-005 0.0723755 0.35183 0.316299 0.0341745
9.9991E-005 0.228926 0.0241568 0.157832 0.17805 0.393515 0.0174206
0.122391 0.293708 9.9991E-005 0.0713978 0.260607 0.243775 0.00802044
0.169619 0.461731 9.9991E-005 0.169157 0.0260022 0.158745 0.0146452
0.0966112 0.166146 9.9982E-005 0.213687 0.321871 0.201484 9.9982E-005
0.0808201 0.359048 0.045062 0.0760698 0.204139 0.196773 0.0380875
9.9964E-005 9.9964E-005 0.761144 0.197101 9.9964E-005 9.9964E-005 0.0413548
9.9991E-005 0.363159 0.00025301 0.163521 0.140579 0.280419 0.051968
0.058444 0.577841 0.153912 0.0349829 0.098879 9.9991E-005 0.0758414
0.107981 0.00536507 0.0240136 0.103822 0.262876 0.457824 0.0381174
0.0408436 0.219472 0.0334792 0.266888 0.260596 0.0606397 0.118082
9.9973E-005 0.410425 9.9973E-005 0.286337 9.9973E-005 0.0715744 0.231365
0.103949 0.603409 9.9982E-005 0.0642269 9.9982E-005 0.122587 0.105628
0.208759 0.248449 9.9982E-005 0.135941 0.103925 0.302727 9.9982E-005
9.9982E-005 0.247037 9.9982E-005 0.175553 0.183393 0.286666 0.107151
0.0847376 0.302091 9.9982E-005 0.036694 0.215095 0.361183 9.9982E-005
9.9991E-005 0.26583 0.000170602 0.268033 0.143333 0.265723 0.0568114
0.15754 0.452877 0.0016396 0.113006 0.0588697 0.0431211 0.172947
0.234391 9.9982E-005 9.9982E-005 0.0951135 0.373783 0.242332 0.0541809
0.161866 0.193683 9.9991E-005 0.0498641 0.0445725 0.378529 0.171386
0.0529785 0.340998 9.9991E-005 0.127978 0.168486 0.239269 0.070191
0.132527 0.640247 0.0247503 0.0606221 0.0139316 9.9991E-005 0.127822
0.152294 0.0835047 9.9991E-005 0.164406 0.20521 0.300781 0.0937048
0.101933 0.176355 9.9991E-005 0.0284031 0.152043 0.3967 0.144466
0.0348916 0.243885 9.9991E-005 0.23483 0.136674 0.26444 0.0851798
9.9982E-005 0.324723 9.9982E-005 0.193398 0.0623993 0.199086 0.220194
0.426833 0.462057 9.9973E-005 0.061312 9.9973E-005 9.9973E-005 0.0494977
9.9964E-005 9.9964E-005 0.883493 0.109493 9.9964E-005 9.9964E-005 0.00661396
0.0305492 0.199462 9.9991E-005 0.297774 0.0847303 0.32978 0.0576042
0.0227773 0.310884 9.9991E-005 0.262577 0.177898 0.0949532 0.130811
0.165278 0.349779 9.9991E-005 0.159493 0.123089 0.176092 0.0261682
0.103184 0.0980681 0.00578053 0.0167228 0.264784 0.313803 0.197658
9.9991E-005 0.109098 0.0464277 0.188435 0.256732 0.371703 0.0275035
0.0139467 0.289653 9.9991E-005 0.0830383 0.249219 0.332501 0.0315417
9.9982E-005 0.119643 9.9982E-005 0.159668 0.166786 0.499234 0.0544688
9.9982E-005 0.158077 0.0374196 0.203757 0.18223 0.418317 9.9982E-005
9.9991E-005 0.313505 0.0557579 0.10395 0.10865 0.380328 0.0377092
0.162093 0.240966 9.9991E-005 0.023443 0.150957 0.303469 0.118973
0.205852 0.470373 9.9982E-005 0.195805 0.100234 9.9982E-005 0.027536
9.9973E-005 0.182756 9.9973E-005 0.133093 0.259993 0.423858 9.9973E-005
0.138833 0.243203 9.9991E-005 0.12485 0.162584 0.323146 0.00728371
0.0873428 0.580329 9.9982E-005 0.178259 0.084891 9.9982E-005 0.0689784
0.147793 0.0699328 0.0346258 0.13483 0.304013 0.282217 0.0265874
0.404368 0.490375 9.9973E-005 0.0610491 9.9973E-005 9.9973E-005 0.0439083
0.210338 0.172354 0.0152391 0.119904 0.123667 0.351353 0.00714444
9.9982E-005 0.281342 9.9982E-005 0.211975 0.111582 0.330788 0.0641133
0.318623 0.436543 9.9982E-005 0.0411011 0.203098 0.000434507 9.9982E-005
0.0885395 0.228326 0.00573611 0.0523226 0.245331 0.379646 9.9991E-005
0.174743 0.390073 9.9982E-005 0.00342159 0.304184 0.127379 9.9982E-005
9.9973E-005 9.9973E-005 9.9973E-005 0.0100964 0.064359 0.0342398 0.891005
9.9955E-005 9.9955E-005 0.254629 9.9955E-005 9.9955E-005 9.9955E-005 0.744871
9.9982E-005 0.227701 9.9982E-005 0.139475 0.276641 0.311493 0.0444908
0.110244 0.237516 0.00656034 0.0645417 0.102809 0.450088 0.0282402
0.1425 0.181554 9.9991E-005 0.0514486 0.142329 0.39975 0.0823186
0.0566972 0.248614 0.0716184 0.206177 0.0766793 0.338958 0.00125625
9.9982E-005 0.234653 9.9982E-005 0.1755 0.137085 0.335936 0.116626
0.0779273 0.142031 9.9982E-005 0.179444 0.351771 0.248627 9.9982E-005
0.136596 0.198428 9.9991E-005 0.103428 0.326364 0.182564 0.0525202
0.24983 0.732813 9.9973E-005 9.9973E-005 9.9973E-005 0.00401256 0.0130443
9.9991E-005 0.145279 0.0335298 0.138653 0.212567 0.233341 0.236529
0.0836945 0.193607 9.9982E-005 0.125637 0.197433 0.399428 9.9982E-005
9.9973E-005 0.0741991 0.0296104 0.256596 9.9973E-005 0.639294 9.9973E-005
0.0951536 0.206531 9.9982E-005 0.223403 0.141996 0.332716 9.9982E-005
9.9982E-005 0.29778 0.0117492 0.364649 9.9982E-005 0.219266 0.106356
0.0904837 0.44501 9.9982E-005 9.9982E-005 0.157989 0.227116 0.0792015
9.9982E-005 0.506237 9.9982E-005 0.00722579 0.115853 0.132438 0.238046
0.20558 0.248555 0.0256197 0.261935 0.100263 0.157947 9.9991E-005
9.9982E-005 0.377537 0.0210236 0.143375 0.140108 0.317757 9.9982E-005
0.262825 0.00338996 9.9991E-005 0.0311356 0.261287 0.346208 0.0950544
0.321943 0.49992 9.9964E-005 9.9964E-005 9.9964E-005 9.9964E-005 0.177737
9.9973E-005 0.517498 9.9973E-005 0.188651 9.9973E-005 0.23739 0.0561605
0.174582 0.0155779 0.0240845 0.146672 0.140607 0.495206 0.00327163
0.101056 0.164729 9.9982E-005 0.144066 0.160542 0.429408 9.9982E-005
9.9982E-005 0.274907 9.9982E-005 0.130589 0.0421892 0.348124 0.203991
0.0550812 0.00863953 9.9991E-005 0.12025 0.48268 0.294636 0.0386142
0.12846 0.144351 9.9991E-005 0.212365 0.133476 0.21423 0.167019
0.0779018 0.684431 0.00626355 0.0601985 0.0596841 9.9991E-005 0.111421
0.114714 0.380431 0.077352 0.191766 0.157114 9.9991E-005 0.0785228
9.9991E-005 0.295167 0.0223846 0.208615 0.0223221 0.377947 0.0734646
0.120432 0.0258555 9.9991E-005 0.166204 0.394263 0.223808 0.069337
9.9982E-005 0.312491 9.9982E-005 0.137529 0.0279262 0.338137 0.183717
0.0104304 0.300213 0.00664879 0.139999 0.119632 0.253767 0.16931
0.0264987 0.0977686 0.00262028 0.203146 0.277968 0.289527 0.102471
9.9982E-005 0.00763682 9.9982E-005 0.0716516 0.226341 0.41836 0.275811
0.260127 0.283316 0.294716 0.042778 9.9991E-005 0.113017 0.00594606
9.9982E-005 0.294505 9.9982E-005 0.157275 0.106415 0.390371 0.0512331
0.123876 0.228453 9.9982E-005 0.21987 9.9982E-005 0.369918 0.0576827
0.129355 0.235356 0.336133 0.134668 0.110828 0.0472042 0.00645596
0.0582845 0.502888 0.2802 0.0448812 0.0878077 9.9991E-005 0.0258383
0.030817 0.203811 9.9991E-005 0.117816 0.0660346 0.494478 0.0869436
9.9991E-005 0.192462 0.0823891 0.212605 0.0271894 0.239399 0.245855
0.0204816 0.157357 9.9982E-005 0.333305 9.9982E-005 0.428544 0.060113
9.9973E-005 0.703938 9.9973E-005 0.075947 0.102563 9.9973E-005 0.117252
0.12335 0.23371 9.9991E-005 0.183484 0.146129 0.225365 0.0878625
0.00120316 0.272925 0.0279313 0.0756693 0.253864 0.316089 0.052317
0.198219 0.308073 0.271805 0.0630203 9.9991E-005 0.139298 0.0194849
0.157797 0.143299 9.9982E-005 0.259143 0.157637 0.281924 9.9982E-005
9.9982E-005 0.268568 0.0127788 0.0406116 0.324584 0.353258 9.9982E-005
0.11491 0.180639 9.9982E-005 0.0962509 0.314691 0.293309 9.9982E-005
9.9982E-005 0.300351 9.9982E-005 0.143104 0.16947 0.307558 0.0793166
9.9982E-005 0.206067 9.9982E-005 0.0803234 0.164891 0.504059 0.0444596
0.0611791 0.123806 9.9991E-005 0.24311 0.299554 0.248155 0.024096
0.0486834 0.145223 0.0730706 0.200657 0.195201 0.337065 9.9991E-005
0.0806435 0.221006 9.9982E-005 0.288806 0.239544 0.1698 9.9982E-005
0.118272 0.00294722 9.9982E-005 0.177189 0.321355 0.380037 9.9982E-005
0.139349 0.202034 9.9991E-005 0.031667 0.155963 0.434068 0.0368196
0.100698 9.9964E-005 0.630042 0.26886 9.9964E-005 9.9964E-005 9.9964E-005
0.0775623 9.9982E-005 9.9982E-005 0.0410642 0.360787 0.401496 0.118891
9.9973E-005 0.119161 0.0307017 9.9973E-005 0.352411 0.497427 9.9973E-005
0.161074 0.323213 9.9982E-005 9.9982E-005 0.279825 0.0574877 0.178201
9.9982E-005 0.0244289 9.9982E-005 0.256645 0.315324 0.361521 0.0418823
0.0416077 0.27574 0.0107435 0.278669 9.9991E-005 0.385679 0.0074607
9.9991E-005 0.12972 0.00817225 0.315329 0.118357 0.365867 0.0624549
0.301105 0.248541 0.0611009 0.087549 9.9991E-005 0.246955 0.0546483
9.9982E-005 0.169533 9.9982E-005 0.0461699 0.30156 0.234766 0.247771
9.9991E-005 0.187758 0.013724 0.167461 0.221476 0.403052 0.00642881
0.117074 0.104777 0.0147878 0.266827 0.17777 0.297993 0.0207707
0.0852298 0.154492 9.9991E-005 0.11277 0.304808 0.261187 0.0814141
0.000157186 0.403499 0.0055021 0.0213982 0.172222 0.316001 0.0812213
9.9964E-005 9.9964E-005 0.968471 9.9964E-005 9.9964E-005 0.0251097 0.00601948
9.9982E-005 0.215942 9.9982E-005 0.237764 0.142166 0.242093 0.161835
0.0362385 0.347407 9.9991E-005 0.0161845 0.287282 0.156392 0.156396
0.0322775 0.3039 0.0163053 0.122248 0.178247 0.24249 0.104533
0.0983691 0.0817881 9.9991E-005 0.126029 0.391823 0.246062 0.0558296
0.033205 9.9991E-005 0.0316743 0.200179 0.406738 0.275219 0.0528847
0.12591 0.168445 0.00461145 9.9991E-005 0.298484 0.299043 0.103407
0.21407 9.9964E-005 0.573606 0.211924 9.9964E-005 9.9964E-005 9.9964E-005
9.9973E-005 0.255224 9.9973E-005 0.166511 0.248139 0.329825 9.9973E-005
9.9991E-005 0.14985 0.0276219 0.164198 0.206433 0.315387 0.136411
0.0507712 0.256385 9.9982E-005 0.22227 0.209718 0.260655 9.9982E-005
9.9982E-005 0.224003 9.9982E-005 0.0201167 0.257614 0.269168 0.228898
0.12855 0.0757264 9.9991E-005 0.158796 0.298424 0.236406 0.101997
