0.400029 9.9982E-005 0.375804 0.134132 0.0769575 9.9982E-005 0.0128762
0.469544 0.236467 0.0441564 0.0840475 0.0855621 0.0801231 9.9991E-005
0.567016 0.104386 0.042573 9.9982E-005 0.204783 0.081042 9.9982E-005
0.564497 0.115471 0.150943 0.0164151 9.9982E-005 0.152474 9.9982E-005
0.597393 0.138248 0.24943 9.9973E-005 9.9973E-005 0.0146298 9.9973E-005
9.9964E-005 9.9964E-005 0.179665 0.0117399 9.9964E-005 0.808195 9.9964E-005
0.618198 0.0265503 0.158827 0.132486 0.0377132 9.9991E-005 0.026126
9.9973E-005 0.0118424 0.0354672 9.9973E-005 9.9973E-005 0.907059 0.0453317
0.440373 9.9991E-005 0.33622 0.0566922 0.115314 0.0182046 0.0330958
0.282655 0.0936061 0.409809 9.9973E-005 0.21363 9.9973E-005 9.9973E-005
0.455586 9.9973E-005 0.390511 9.9973E-005 0.123222 9.9973E-005 0.030381
0.371638 0.045115 0.243373 0.0637612 0.0321243 0.243888 9.9991E-005
0.440083 0.233236 0.23075 9.9973E-005 0.0956304 9.9973E-005 9.9973E-005
0.498506 9.9982E-005 0.30387 0.0438334 0.0659633 0.0876274 9.9982E-005
0.0691452 0.0694162 9.9982E-005 0.0865748 0.0733196 0.701344 9.9982E-005
0.373729 0.0126323 0.224257 0.102047 0.221762 0.0654727 9.9991E-005
0.276438 9.9982E-005 0.417394 0.0867769 0.051053 0.168138 9.9982E-005
0.58976 0.180082 0.0827046 0.0347703 9.9982E-005 9.9982E-005 0.112483
0.487561 0.057877 0.355377 0.0953773 9.9982E-005 0.00360766 9.9982E-005
0.640565 9.9973E-005 0.161811 0.108721 0.0886025 9.9973E-005 9.9973E-005
0.72406 0.154016 0.1179 0.000333236 9.9982E-005 0.00349022 9.9982E-005
0.443121 9.9982E-005 0.264113 0.117912 0.0897828 0.0848708 9.9982E-005
0.4918 9.9973E-005 0.190229 0.106405 0.211267 9.9973E-005 9.9973E-005
0.0148324 9.9973E-005 0.118149 9.9973E-005 0.268369 0.59835 9.9973E-005
0.40467 0.111973 0.39232 9.9982E-005 0.00820435 9.9982E-005 0.0826334
0.138173 0.099587 9.9973E-005 0.087514 9.9973E-005 0.674426 9.9973E-005
0.120423 9.9991E-005 0.217018 0.0192073 0.119791 0.455671 0.06779
0.585441 9.9964E-005 0.0855127 9.9964E-005 9.9964E-005 0.328646 9.9964E-005
9.9973E-005 9.9973E-005 0.206212 9.9973E-005 0.109102 0.630184 0.054202
0.57593 9.9964E-005 0.264694 9.9964E-005 9.9964E-005 0.158976 9.9964E-005
0.082085 9.9982E-005 0.123238 0.227667 0.127803 0.439007 9.9982E-005
0.653745 0.12058 0.168087 9.9991E-005 0.0170305 0.00172148 0.0387362
0.201165 9.9973E-005 0.437519 9.9973E-005 0.15469 0.206326 9.9973E-005
0.119302 9.9955E-005 9.9955E-005 9.9955E-005 9.9955E-005 0.880198 9.9955E-005
9.9973E-005 9.9973E-005 9.9973E-005 0.0238599 0.0382055 0.833801 0.103833
0.542123 0.161163 0.14147 0.017145 9.9991E-005 0.135074 0.00292385
0.509577 0.109572 0.269551 9.9973E-005 9.9973E-005 0.111 9.9973E-005
0.400074 0.090113 0.376942 9.9982E-005 0.0768595 9.9982E-005 0.0558117
9.9973E-005 0.106598 0.136964 9.9973E-005 0.0736829 0.682455 9.9973E-005
0.057591 0.0297062 0.234967 0.115616 0.164933 0.397087 9.9991E-005
0.21656 0.182465 0.364981 0.015989 9.9982E-005 0.219806 9.9982E-005
0.560901 9.9964E-005 0.417515 0.0211846 9.9964E-005 9.9964E-005 9.9964E-005
0.481351 0.0362117 0.170938 0.115217 0.107201 0.0889819 9.9991E-005
0.128418 0.11111 0.100091 0.00348523 0.0810623 0.566921 0.00891261
0.347225 9.9973E-005 0.472837 9.9973E-005 0.0745797 9.9973E-005 0.105059
0.158359 0.304313 0.343069 0.0405937 0.153466 9.9982E-005 9.9982E-005
0.443454 0.0457209 0.378583 0.052508 9.9991E-005 0.0598934 0.0197404
0.301022 9.9991E-005 0.637229 0.0323547 0.0049951 0.023849 0.000450129
0.265936 0.0848823 0.437816 9.9982E-005 0.184736 0.02643 9.9982E-005
9.9964E-005 9.9964E-005 0.347001 0.135736 9.9964E-005 0.516862 9.9964E-005
0.626633 9.9982E-005 0.150225 0.0121834 0.161843 9.9982E-005 0.048916
0.185586 9.9982E-005 0.284238 9.9982E-005 0.0155791 0.403604 0.110793
0.324165 0.272755 0.273376 0.0587217 0.0707821 9.9982E-005 9.9982E-005
0.0648677 0.117747 9.9964E-005 9.9964E-005 9.9964E-005 0.816985 9.9964E-005
0.155241 9.9982E-005 0.135008 0.0758891 0.173348 0.460314 9.9982E-005
0.644318 0.105389 0.0300224 0.105011 0.115059 9.9982E-005 9.9982E-005
0.381252 9.9982E-005 0.385478 0.0759173 0.0982155 9.9982E-005 0.0589374
0.43852 9.9982E-005 0.222954 0.0862577 0.0894035 0.162665 9.9982E-005
0.202254 9.9982E-005 0.263744 0.0489298 0.173602 0.31127 9.9982E-005
0.492582 9.9964E-005 0.216976 9.9964E-005 9.9964E-005 0.290043 9.9964E-005
9.9964E-005 9.9964E-005 0.165369 0.0479148 9.9964E-005 0.786317 9.9964E-005
9.9964E-005 9.9964E-005 0.0647414 9.9964E-005 0.0691468 0.865712 9.9964E-005
0.52469 9.9964E-005 0.414324 9.9964E-005 9.9964E-005 9.9964E-005 0.0605868
9.99551E-005 9.99551E-005 9.99551E-005 9.99551E-005 0.0360234 0.963477 9.99551E-005
0.261305 0.0993241 0.511723 0.127348 9.9973E-005 9.9973E-005 9.9973E-005
9.9964E-005 0.151808 0.0390954 9.9964E-005 9.9964E-005 0.808697 9.9964E-005
0.664931 0.061363 0.150949 9.9973E-005 0.122457 9.9973E-005 9.9973E-005
0.346991 0.0333808 0.132509 0.0867678 0.162357 0.237894 9.9991E-005
0.245906 0.083635 0.422118 0.0604688 0.187672 9.9982E-005 9.9982E-005
9.9973E-005 9.9973E-005 0.267818 0.00217142 9.9973E-005 0.722152 0.00755904
0.264071 0.0250623 0.245741 0.130766 0.33416 9.9982E-005 9.9982E-005
0.431243 0.110598 0.252657 0.0409969 0.144659 0.0197464 9.9991E-005
0.257726 9.9982E-005 0.293072 9.9982E-005 0.117734 0.293883 0.0373848
0.436431 0.0939789 0.309325 0.112337 0.047728 9.9982E-005 9.9982E-005
0.436195 0.0616739 0.25033 0.0904189 0.116503 0.0447796 9.9991E-005
0.378297 0.0229434 0.139932 9.9982E-005 0.0955392 0.363089 9.9982E-005
0.613494 0.105862 0.182301 0.0558064 0.00495156 0.0374849 9.9991E-005
0.0319037 0.12675 0.504241 9.9982E-005 0.176759 0.160147 9.9982E-005
0.135538 9.9982E-005 0.531049 9.9982E-005 0.180233 0.0944743 0.0585055
0.450941 0.0393726 0.292802 0.0295852 0.0803022 0.028334 0.0786629
0.48367 0.108499 0.0451334 0.132978 0.22952 9.9982E-005 9.9982E-005
0.481676 0.0127419 0.275485 9.9991E-005 0.192475 0.00968378 0.0278378
0.442292 0.00723667 0.323058 0.0484629 0.161202 0.0176475 9.9991E-005
0.573511 0.0985201 0.283682 0.0439872 9.9973E-005 9.9973E-005 9.9973E-005
0.463471 0.116561 0.354375 9.9973E-005 0.065293 9.9973E-005 9.9973E-005
0.173832 0.0390086 0.224578 0.194351 0.248869 0.119262 9.9991E-005
0.306672 0.0998623 0.178847 9.9982E-005 0.0913198 0.323099 9.9982E-005
0.274003 9.9982E-005 0.313557 9.9982E-005 0.0953112 0.290114 0.0268156
0.055283 9.9973E-005 9.9973E-005 0.0717881 0.0631296 0.809499 9.9973E-005
0.329451 9.9982E-005 0.32825 9.9982E-005 0.0478539 0.237056 0.057189
9.9973E-005 0.096614 0.706236 9.9973E-005 0.194627 0.00222301 9.9973E-005
0.127186 9.9973E-005 0.33397 9.9973E-005 9.9973E-005 0.499542 0.0390019
0.434037 0.0225399 0.466072 9.9982E-005 0.0596671 9.9982E-005 0.0174834
0.538461 9.9964E-005 0.222786 9.9964E-005 9.9964E-005 0.238353 9.9964E-005
0.103164 9.9973E-005 0.266042 0.151818 9.9973E-005 0.478677 9.9973E-005
9.9964E-005 9.9964E-005 9.9964E-005 0.090651 0.0349773 0.873972 9.9964E-005
0.376693 0.0926902 0.343662 9.9982E-005 0.120762 0.065992 9.9982E-005
0.353031 0.127248 0.232495 9.9982E-005 0.209438 0.0775876 9.9982E-005
0.38825 9.9982E-005 0.237547 0.134563 0.232318 0.00712282 9.9982E-005
0.530333 9.9973E-005 0.164525 0.0860317 9.9973E-005 0.218811 9.9973E-005
0.0931739 0.0223566 0.217778 0.0822671 0.147474 0.43685 9.9991E-005
0.723343 0.0538923 0.0409885 0.0027949 0.0934828 0.0853986 9.9991E-005
0.504682 0.117367 0.132776 9.9982E-005 0.18333 9.9982E-005 0.0616441
0.619572 0.0295659 0.237149 0.113414 9.9973E-005 9.9973E-005 9.9973E-005
0.455834 0.00794455 0.307292 9.9982E-005 0.172925 9.9982E-005 0.0558044
9.9973E-005 0.0346153 0.00498063 9.9973E-005 0.204169 0.755935 9.9973E-005
0.16691 0.0843389 9.9991E-005 0.10206 0.150722 0.488479 0.00738873
0.622837 9.9973E-005 0.150969 0.0700596 0.155834 9.9973E-005 9.9973E-005
0.578421 0.0308903 0.147762 0.00588067 0.178625 0.058321 9.9991E-005
0.57707 0.00634768 0.193428 0.110448 0.112506 9.9982E-005 9.9982E-005
0.0804925 9.9964E-005 0.479599 9.9964E-005 9.9964E-005 0.439509 9.9964E-005
9.9955E-005 9.9955E-005 9.9955E-005 0.084726 9.9955E-005 0.914774 9.9955E-005
0.168645 9.9973E-005 0.403963 9.9973E-005 9.9973E-005 0.424411 0.00268099
0.776638 9.9973E-005 9.9973E-005 0.140901 9.9973E-005 0.00788035 0.0742804
0.534134 0.00536545 0.254666 0.122481 9.9982E-005 0.0831534 9.9982E-005
0.624993 0.148735 0.0708958 0.0220614 0.0897219 9.9991E-005 0.0434925
0.599649 9.9973E-005 0.169951 0.0983305 0.13177 9.9973E-005 9.9973E-005
9.9964E-005 9.9964E-005 9.9964E-005 9.9964E-005 0.0129961 0.93217 0.0544338
0.635457 9.9982E-005 0.144245 0.133871 0.0454852 9.9982E-005 0.0407418
0.462224 9.9973E-005 0.258817 9.9973E-005 0.258344 9.9973E-005 0.0203145
0.60201 0.0677921 0.126881 0.0807892 0.0138631 0.108565 9.9991E-005
0.144415 9.9973E-005 0.152639 0.0733207 9.9973E-005 0.629325 9.9973E-005
0.434457 0.0749871 0.463745 9.9973E-005 0.0265112 9.9973E-005 9.9973E-005
0.644326 9.9973E-005 9.9973E-005 9.9973E-005 0.135125 0.0892329 0.131016
0.512863 0.152277 0.239127 9.9982E-005 0.0326 9.9982E-005 0.0629328
0.330274 0.127808 0.393607 0.113927 9.9982E-005 0.0341836 9.9982E-005
9.9982E-005 0.0383708 0.175291 0.154685 0.0120759 0.619377 9.9982E-005
9.9973E-005 9.9973E-005 9.9973E-005 0.0310593 0.0760801 0.870426 0.0221347
0.441269 0.201094 0.140384 0.025602 0.185513 9.9991E-005 0.00603823
0.357915 0.236627 0.150975 0.120177 0.134105 9.9982E-005 9.9982E-005
0.370586 0.118138 0.345876 0.0137211 0.141255 0.0101607 0.000262378
0.232281 0.211534 0.482308 0.0517323 9.9982E-005 9.9982E-005 0.0219445
0.166909 0.0930258 0.219112 9.9982E-005 0.104919 0.415835 9.9982E-005
0.439349 0.0125138 0.329279 0.00415786 0.00620647 0.0266913 0.181803
0.530542 0.0961186 0.224391 9.9973E-005 9.9973E-005 0.148648 9.9973E-005
9.995E-005 9.995E-005 9.995E-005 9.995E-005 0.9994 9.995E-005 9.995E-005
0.17999 9.9991E-005 0.152408 0.0257528 0.141587 0.483252 0.0169105
0.36578 0.0582416 0.177228 9.9991E-005 0.0741255 0.293128 0.0313974
9.99549E-005 9.99549E-005 9.99549E-005 9.99549E-005 0.986 0.0134998 9.99549E-005
9.9973E-005 9.9973E-005 0.169968 0.161804 0.0834077 0.58452 9.9973E-005
0.524958 9.9973E-005 0.329107 0.0198753 9.9973E-005 0.12576 9.9973E-005
0.240978 0.0629918 0.0649541 0.212467 0.0451235 0.373385 9.9991E-005
0.258064 0.212771 0.283302 0.0224772 9.9982E-005 0.223186 9.9982E-005
0.201194 0.134436 0.290231 0.0161216 0.170658 0.187259 9.9991E-005
9.9964E-005 9.9964E-005 0.247912 0.09148 9.9964E-005 0.660209 9.9964E-005
0.403554 0.231929 0.0560555 9.9982E-005 0.0111934 0.297069 9.9982E-005
0.0410396 0.0314127 0.560483 0.0718106 0.13427 0.160884 9.9991E-005
0.34928 0.0981213 0.263574 0.175909 0.112917 9.9982E-005 9.9982E-005
0.553891 0.115147 9.9973E-005 0.207494 0.123169 9.9973E-005 9.9973E-005
0.195203 0.0191973 0.486785 0.0669557 0.113855 9.9991E-005 0.117903
0.528942 0.180123 0.157678 9.9991E-005 0.0529182 0.0783814 0.00185765
0.361722 9.9982E-005 0.250691 9.9982E-005 0.0426865 0.2595 0.0852008
0.158447 9.9973E-005 0.0919459 0.019541 9.9973E-005 0.729766 9.9973E-005
0.182363 0.0794444 0.241455 9.9991E-005 0.0709196 0.384122 0.0415955
0.134182 0.265874 0.510869 9.9982E-005 0.0718381 0.017037 9.9982E-005
0.284238 0.183077 0.35275 0.0435667 0.136169 9.9982E-005 9.9982E-005
9.9973E-005 9.9973E-005 0.00096921 9.9973E-005 0.0911684 0.85702 0.0505422
0.244659 0.0578289 0.441481 9.9982E-005 0.169506 9.9982E-005 0.0863259
0.466302 0.0774727 0.158663 0.166259 0.113666 0.0175379 9.9991E-005
0.386589 0.148487 0.100167 0.0294077 0.144649 0.190601 9.9991E-005
0.399824 0.0861205 0.250436 9.9982E-005 0.203055 9.9982E-005 0.0603637
9.9973E-005 0.0531514 0.708625 9.9973E-005 0.150865 0.0870586 9.9973E-005
0.0412676 0.0981741 0.455172 0.180618 0.165704 0.0589646 9.9991E-005
0.491872 0.15032 9.9982E-005 0.255715 0.0358647 0.0660282 9.9982E-005
0.59289 0.105743 0.196179 0.0641219 0.0408658 9.9982E-005 9.9982E-005
0.750154 9.9964E-005 9.9964E-005 9.9964E-005 0.222763 9.9964E-005 0.0266828
0.107984 0.203248 0.495189 9.9991E-005 0.03259 0.1365 0.024389
0.0553529 0.0618064 0.336056 9.9982E-005 0.0935343 0.453051 9.9982E-005
0.143958 0.0456102 0.379114 9.9982E-005 0.151617 0.2795 9.9982E-005
0.135922 9.9982E-005 0.469046 9.9982E-005 0.243719 0.0735212 0.0775915
0.33145 9.9982E-005 0.170501 0.307981 0.0351012 0.154768 9.9982E-005
0.470275 9.9982E-005 0.408931 0.0256183 0.0221198 0.0728568 9.9982E-005
9.99551E-005 9.99551E-005 9.99551E-005 9.99551E-005 0.0202443 0.979256 9.99551E-005
0.249666 9.9982E-005 0.342022 0.0242819 0.307799 0.0760303 9.9982E-005
0.253986 9.9973E-005 0.220533 9.9973E-005 0.226144 0.299037 9.9973E-005
0.130856 9.9982E-005 0.417058 0.236223 0.213166 9.9982E-005 0.00249802
0.410421 9.9982E-005 0.230223 0.0964804 0.00941573 0.25326 9.9982E-005
0.177547 0.0462604 0.0239103 0.0383269 0.057468 0.619536 0.0369514
0.322966 0.0838598 0.137731 9.9973E-005 9.9973E-005 0.455143 9.9973E-005
0.321155 9.9973E-005 9.9973E-005 0.0856373 0.00213767 0.59077 9.9973E-005
0.623662 9.9973E-005 0.321975 9.9973E-005 0.0447188 0.00934387 9.9973E-005
9.9982E-005 0.0738558 0.0290319 0.0513865 0.0244301 0.821096 9.9982E-005
0.350116 0.0559991 0.0449938 0.122164 0.00257494 0.424052 9.9991E-005
0.235163 0.13749 0.516649 0.0554556 0.0550423 9.9982E-005 9.9982E-005
9.995E-005 9.995E-005 9.995E-005 9.995E-005 9.995E-005 0.9994 9.995E-005
9.9973E-005 9.9973E-005 0.40393 0.0366697 0.100259 0.458841 9.9973E-005
0.185325 0.0796074 0.526067 0.0703338 0.130791 0.00777644 9.9991E-005
0.143162 9.9982E-005 0.387939 0.062003 0.00720154 0.399494 9.9982E-005
0.397952 9.9973E-005 0.411741 9.9973E-005 0.125946 0.0640616 9.9973E-005
0.426542 9.9973E-005 0.439502 0.053584 0.0800724 9.9973E-005 9.9973E-005
0.430537 0.203298 9.9982E-005 9.9982E-005 0.0217397 0.342366 0.00185916
0.459322 9.9964E-005 0.37843 0.161848 9.9964E-005 9.9964E-005 9.9964E-005
0.721436 9.9973E-005 0.271052 0.00263462 0.00457727 9.9973E-005 9.9973E-005
0.335301 0.0565429 0.318279 0.148943 0.12349 0.00255996 0.0148853
0.178883 0.100748 0.162598 0.0151618 0.249654 0.226111 0.0668429
0.644719 0.0368979 0.0657718 9.9973E-005 9.9973E-005 0.252312 9.9973E-005
0.390466 0.0845961 0.261864 0.166838 0.0607112 9.9991E-005 0.0354253
0.582241 9.9991E-005 0.0648831 0.0176062 0.0512435 0.19213 0.0917961
0.096669 0.126293 0.540354 0.0802509 0.129583 9.9991E-005 0.0267499
0.450499 0.0394515 0.309139 0.0365234 0.143573 9.9991E-005 0.0207143
0.265372 0.155057 0.205518 9.9982E-005 0.0940708 0.279782 9.9982E-005
0.690018 9.9991E-005 0.108518 0.0305914 0.107231 0.0400683 0.0234733
0.300418 0.0658849 0.351809 9.9991E-005 0.248836 0.0230687 0.00988395
0.260905 0.246487 0.308182 0.0170806 0.0691194 9.9991E-005 0.0981252
0.234739 0.106231 0.349344 0.0628383 0.0533417 9.9991E-005 0.193406
0.24803 0.159317 0.2121 0.0327397 0.0985558 0.249157 9.9991E-005
0.750909 9.9973E-005 9.9973E-005 0.183233 0.0551816 9.9973E-005 0.0103768
0.193033 9.9973E-005 0.567426 9.9973E-005 0.0643741 0.174867 9.9973E-005
0.459818 0.0948015 0.331466 9.9973E-005 0.113614 9.9973E-005 9.9973E-005
0.645811 0.136064 0.185835 9.9973E-005 0.031991 9.9973E-005 9.9973E-005
0.367404 0.165333 0.403768 9.9982E-005 0.0291646 9.9982E-005 0.0341303
0.364518 0.0739816 0.050171 0.182294 9.9982E-005 0.328836 9.9982E-005
0.31371 0.0761267 0.0700296 0.0806544 9.9991E-005 0.432204 0.0271751
0.829448 0.0512424 0.11891 9.9964E-005 9.9964E-005 9.9964E-005 9.9964E-005
0.46175 0.16587 0.178608 9.9982E-005 0.154892 9.9982E-005 0.0386812
0.562956 0.0405797 0.330696 0.0461345 9.9982E-005 9.9982E-005 0.0194332
0.211332 9.9973E-005 0.702379 0.0566323 0.0293564 9.9973E-005 9.9973E-005
0.174187 9.9973E-005 0.262444 9.9973E-005 0.291395 0.271674 9.9973E-005
0.224811 0.0701564 0.162538 0.166265 0.15541 0.220719 9.9991E-005
0.351104 0.138981 0.305137 0.176673 0.00572017 9.9991E-005 0.0222843
9.9982E-005 0.0547054 0.174684 0.0943707 0.17099 0.505051 9.9982E-005
0.497278 0.0230186 0.151549 0.0627339 0.0261283 0.239193 9.9991E-005
0.238105 9.9991E-005 0.422216 0.110071 0.141782 0.0762636 0.011462
9.9973E-005 9.9973E-005 0.0558706 0.128416 0.0204761 0.794938 9.9973E-005
0.139291 0.0613012 0.625355 9.9991E-005 0.109191 0.00671166 0.0580507
0.377876 0.112368 0.361569 9.9982E-005 0.112149 0.0358372 9.9982E-005
0.546115 9.9973E-005 0.337812 9.9973E-005 0.0757026 0.0400708 9.9973E-005
0.431153 0.190434 0.277426 0.0107259 0.0900613 9.9982E-005 9.9982E-005
0.251045 9.9982E-005 0.419791 0.11423 0.114203 9.9982E-005 0.100532
0.538325 0.0757628 0.033159 9.9982E-005 0.305617 0.0469367 9.9982E-005
0.592532 0.194356 0.176168 9.9973E-005 0.0366442 9.9973E-005 9.9973E-005
0.567883 0.0200103 0.231077 0.0903609 0.0904697 9.9982E-005 9.9982E-005
0.142164 0.187001 0.327734 9.9982E-005 0.118714 0.224187 9.9982E-005
0.462706 0.0652422 0.25346 0.109733 0.108659 9.9982E-005 9.9982E-005
0.592441 0.075324 0.233778 0.00823184 0.0900261 9.9982E-005 9.9982E-005
0.0681783 0.0219444 0.777037 9.9982E-005 0.0206969 0.111943 9.9982E-005
0.498379 0.0274508 0.128184 0.212547 0.133239 9.9982E-005 9.9982E-005
0.527073 9.9973E-005 0.18692 0.148096 0.137611 9.9973E-005 9.9973E-005
0.436883 0.0047759 0.0998216 0.0450203 0.0724565 0.340943 9.9991E-005
0.307702 9.9982E-005 0.196956 0.110432 0.07921 0.3055 9.9982E-005
0.562024 9.9973E-005 0.384885 9.9973E-005 0.0266165 9.9973E-005 0.0261747
0.219486 0.101644 0.0235129 9.9982E-005 0.0451488 0.610009 9.9982E-005
0.37522 0.103319 0.445394 9.9982E-005 0.0638525 0.0120143 9.9982E-005
0.399514 9.9964E-005 0.271016 9.9964E-005 9.9964E-005 0.329071 9.9964E-005
0.672068 0.0628003 0.0599952 0.00295167 0.0610095 9.9991E-005 0.141075
9.9973E-005 9.9973E-005 0.529883 0.159994 0.192463 0.117361 9.9973E-005
0.11941 9.9991E-005 0.297776 0.0725669 0.0488952 0.32174 0.139512
0.198642 9.9973E-005 0.000536452 9.9973E-005 0.299694 0.500828 9.9973E-005
0.578784 0.0665089 0.272041 0.0230735 0.000623548 0.038764 0.020205
0.44842 9.9973E-005 0.261179 0.170175 0.119927 9.9973E-005 9.9973E-005
0.26139 9.9973E-005 0.389753 9.9973E-005 0.0475419 0.301014 9.9973E-005
0.573487 0.278054 0.0219345 0.0710815 0.0337777 0.0215653 9.9991E-005
0.651629 0.0147425 0.128097 9.9991E-005 0.103612 0.00803015 0.0937889
9.9982E-005 0.00908814 0.0264115 0.124973 0.0140107 0.825317 9.9982E-005
0.611842 0.171962 0.128579 9.9982E-005 0.0468803 0.0405373 9.9982E-005
0.570436 9.9973E-005 0.282357 0.107063 0.039843 9.9973E-005 9.9973E-005
0.720736 9.9973E-005 0.225591 0.0525582 9.9973E-005 9.9973E-005 0.000814593
0.482102 0.202625 0.0971337 0.119262 0.0770092 0.0217675 9.9991E-005
0.533243 0.0805045 0.213442 0.0781104 0.0599928 0.0346078 9.9991E-005
0.423582 0.0440989 0.531919 9.9964E-005 9.9964E-005 9.9964E-005 9.9964E-005
0.617609 0.0686429 0.218377 0.0172424 0.0328827 0.0451459 9.9991E-005
0.43598 0.0586725 0.312894 0.0980969 9.9982E-005 0.0941562 9.9982E-005
0.0301519 0.109538 0.180011 0.0596896 0.060347 0.560162 9.9991E-005
0.485355 9.9973E-005 0.331916 0.053966 0.128463 9.9973E-005 9.9973E-005
0.658859 0.0191177 0.218073 0.0320511 0.0716995 9.9982E-005 9.9982E-005
0.260162 0.0366676 0.301487 0.080624 0.160639 0.160321 9.9991E-005
0.158202 0.0406666 0.179367 0.0486269 0.174042 0.398996 9.9991E-005
0.356355 0.0968889 0.339994 0.0426839 0.117135 9.9991E-005 0.0468429
0.572687 0.0525807 0.0921482 9.9982E-005 0.0284447 0.25394 9.9982E-005
0.479502 0.119748 0.351445 0.0490051 9.9973E-005 9.9973E-005 9.9973E-005
0.0800713 9.9982E-005 0.508633 0.0327238 0.0715154 0.306856 9.9982E-005
0.37651 9.9982E-005 0.263224 9.9982E-005 0.139491 0.120441 0.100135
0.21106 0.0589354 0.106402 9.9982E-005 0.172093 0.451309 9.9982E-005
0.513234 9.9973E-005 0.1535 0.107704 9.9973E-005 0.225263 9.9973E-005
0.310571 0.0378222 0.233372 0.0787431 0.251568 0.0399847 0.0479393
0.457043 0.109837 0.0563036 0.139167 9.9982E-005 0.237449 9.9982E-005
0.305675 0.116014 0.304531 0.126513 0.147067 9.9982E-005 9.9982E-005
0.563663 0.00241264 0.251845 0.0396891 0.0958516 0.0464387 9.9991E-005
0.253425 0.0888786 0.431623 0.0061408 0.219732 9.9982E-005 9.9982E-005
0.333369 9.9982E-005 0.0886908 0.177837 0.128962 0.270942 9.9982E-005
0.396008 9.9982E-005 0.233847 9.9982E-005 0.288812 0.0382574 0.0428757
0.364512 0.284014 0.243656 9.9973E-005 0.107518 9.9973E-005 9.9973E-005
0.591928 0.015436 0.309882 0.0124697 0.0316964 9.9991E-005 0.0384883
0.243967 0.0519998 0.0201468 0.0930697 9.9982E-005 0.590617 9.9982E-005
9.9955E-005 0.101049 9.9955E-005 9.9955E-005 9.9955E-005 0.898452 9.9955E-005
0.343668 0.170011 0.354967 9.9982E-005 9.9982E-005 0.0891867 0.0419675
0.497148 0.181177 0.0331842 0.0523607 0.0877527 0.124053 0.0243245
0.17352 0.108408 0.286073 9.9991E-005 0.28164 0.11209 0.038169
0.316734 0.0507876 0.360544 0.0233458 0.071777 0.176712 9.9991E-005
0.419679 0.0698003 0.184723 0.0261952 0.0760737 0.213038 0.0104915
0.494971 0.298746 0.0640582 0.0601729 0.0226905 0.0592614 9.9991E-005
0.397078 0.148987 0.237904 0.105059 0.110772 9.9982E-005 9.9982E-005
0.507032 0.0800038 0.279639 0.0161383 0.0259006 9.9991E-005 0.0911864
0.481894 0.0242447 0.365443 0.0602686 0.0679495 9.9982E-005 9.9982E-005
0.707422 0.0560606 0.10577 9.9973E-005 9.9973E-005 9.9973E-005 0.130448
0.550454 9.9964E-005 0.443317 9.9964E-005 0.0058291 9.9964E-005 9.9964E-005
0.447031 0.00330474 0.442751 0.0719715 0.0347424 9.9982E-005 9.9982E-005
0.0978372 9.9982E-005 0.365379 0.157118 0.357582 0.0218846 9.9982E-005
0.610267 9.9973E-005 0.175711 9.9973E-005 0.0445476 9.9973E-005 0.169175
0.438712 0.161099 0.12463 0.0646382 0.0975414 0.113279 9.9991E-005
0.381051 0.102486 0.307509 0.0402403 0.115868 0.00882063 0.0440257
0.391631 0.101084 0.41666 9.9982E-005 0.0339581 0.0564668 9.9982E-005
0.565582 0.157382 0.0548015 0.00884805 0.0747262 0.13856 9.9991E-005
0.143621 0.0919885 9.9982E-005 0.151815 0.0275649 0.584811 9.9982E-005
0.13712 0.166496 0.215299 9.9982E-005 0.0904979 0.390387 9.9982E-005
0.0858376 9.9964E-005 9.9964E-005 0.142088 9.9964E-005 0.771674 9.9964E-005
0.405527 0.163107 0.373191 9.9973E-005 0.057875 9.9973E-005 9.9973E-005
0.146949 0.102676 9.9964E-005 9.9964E-005 9.9964E-005 0.749974 9.9964E-005
0.0472401 9.9982E-005 9.9982E-005 0.166828 0.00147225 0.754515 0.0297445
0.344388 0.190543 0.366555 0.0866394 0.0116753 9.9982E-005 9.9982E-005
0.638356 0.0765503 0.114046 0.0487229 0.0375328 0.00539278 0.0793993
0.527524 0.141416 0.157137 0.00264354 0.110585 9.9991E-005 0.0605936
0.16662 9.9973E-005 9.9973E-005 0.048447 0.00260693 0.782026 9.9973E-005
0.489891 0.0126413 0.354704 0.0451333 0.06133 9.9991E-005 0.0362009
0.0368813 0.0931915 0.260271 0.135827 0.0793173 0.394413 9.9991E-005
0.351253 0.248705 0.15669 9.9973E-005 0.243053 9.9973E-005 9.9973E-005
0.0635041 0.100874 9.9973E-005 9.9973E-005 0.0148599 0.820462 9.9973E-005
0.221645 0.17755 0.413318 9.9982E-005 0.0596387 0.127648 9.9982E-005
0.542163 9.9973E-005 0.398067 0.0370281 0.0224421 9.9973E-005 9.9973E-005
0.750441 9.9964E-005 0.174802 0.0743565 9.9964E-005 9.9964E-005 9.9964E-005
0.46673 0.000392213 0.322676 9.9982E-005 0.171143 9.9982E-005 0.0388583
0.212572 0.00778989 9.9973E-005 0.0577126 9.9973E-005 0.721625 9.9973E-005
0.326167 0.0158454 0.250112 0.0732167 0.125504 0.209055 9.9991E-005
0.113865 9.9991E-005 0.285759 0.00496545 0.114239 0.369898 0.111173
0.265098 0.135443 0.333736 0.137622 0.127901 9.9982E-005 9.9982E-005
0.0710445 0.0525307 0.056672 0.0211094 9.9991E-005 0.736185 0.0623588
0.280259 0.0838324 0.252372 9.9991E-005 0.066012 0.0982955 0.219129
0.262673 0.0177318 0.243811 0.0453323 0.0582521 0.372099 9.9991E-005
0.609192 9.9982E-005 0.147544 9.9982E-005 0.130375 0.00516413 0.107525
0.0829519 0.0442728 0.458381 0.141197 0.101795 0.171303 9.9991E-005
0.0409374 0.114731 0.339967 9.9973E-005 9.9973E-005 0.504065 9.9973E-005
0.470548 0.0470455 0.134091 0.0979076 0.250208 9.9982E-005 9.9982E-005
0.375698 0.147983 0.261269 0.189243 0.0256068 9.9982E-005 9.9982E-005
0.374447 0.113781 0.213407 0.0997895 0.188737 9.9991E-005 0.00973977
0.594795 0.0420985 0.104052 0.00588389 0.115738 9.9991E-005 0.137332
0.114468 0.00495501 0.332632 9.9982E-005 0.133207 0.414538 9.9982E-005
0.537826 0.0625353 0.239144 9.9991E-005 0.0820914 0.0179859 0.0603169
0.63117 0.159885 0.182437 9.9973E-005 9.9973E-005 9.9973E-005 0.0262083
0.804748 9.9982E-005 0.0565171 9.9982E-005 0.051545 0.0174619 0.0695282
0.02446 0.0169942 0.337273 0.144155 0.00866029 0.468357 9.9991E-005
0.405118 0.0786164 0.11643 0.0257709 0.118209 0.255755 9.9991E-005
0.363476 0.168282 0.467688 9.9973E-005 0.000254494 9.9973E-005 9.9973E-005
9.9982E-005 0.292486 0.294188 0.0543542 0.245355 0.113416 9.9982E-005
0.140204 0.15899 0.409284 0.0374438 0.0477619 0.206217 9.9991E-005
0.359033 0.110594 0.256259 0.139902 0.134012 9.9982E-005 9.9982E-005
0.201739 0.0707666 0.124724 0.129353 0.109827 0.361798 0.00179227
0.13863 0.0813314 0.471695 9.9982E-005 0.271127 0.0370168 9.9982E-005
0.24427 0.0847141 0.139529 0.0548227 0.0682623 0.408301 9.9991E-005
0.668663 9.9964E-005 0.124778 0.206159 9.9964E-005 9.9964E-005 9.9964E-005
0.58842 0.0773869 0.263043 9.9973E-005 0.0708497 9.9973E-005 9.9973E-005
0.470144 0.0858134 0.443642 9.9964E-005 9.9964E-005 9.9964E-005 9.9964E-005
0.72113 0.0105773 0.0828123 0.0276068 0.157674 9.9982E-005 9.9982E-005
0.193754 0.00168011 0.456667 0.231197 0.116502 9.9982E-005 9.9982E-005
0.41878 0.147457 0.273956 9.9973E-005 0.159507 9.9973E-005 9.9973E-005
0.320635 0.113491 0.175074 0.0130372 0.0669027 0.31076 9.9991E-005
0.280675 0.00158001 0.420083 0.107691 0.153522 0.0363496 9.9991E-005
0.617691 0.163639 0.166417 9.9973E-005 0.0519527 9.9973E-005 9.9973E-005
0.54996 9.9973E-005 0.344809 0.0619707 9.9973E-005 0.04296 9.9973E-005
0.251131 0.075923 0.497877 0.00396666 0.130087 0.0409162 9.9991E-005
0.107224 0.0537863 0.402454 9.9991E-005 0.0293888 0.325449 0.0815986
0.142476 0.146913 0.450371 9.9982E-005 0.217267 9.9982E-005 0.0427724
0.525454 0.108526 0.184968 0.151643 0.0292093 9.9982E-005 9.9982E-005
0.0446432 9.9973E-005 9.9973E-005 0.0900516 0.0403658 0.824639 9.9973E-005
0.336302 9.9973E-005 9.9973E-005 0.0486548 9.9973E-005 0.614214 0.000528748
0.496971 0.24692 0.0532586 0.0595057 0.131231 0.0120135 9.9991E-005
0.393468 0.155904 0.0626429 0.102283 9.9982E-005 9.9982E-005 0.285502
9.9991E-005 0.184627 0.15949 0.210218 0.0776008 0.0310106 0.336954
0.335628 0.19944 9.9991E-005 0.183707 0.0676179 0.00774962 0.205757
0.522901 0.00311679 0.244034 9.9982E-005 0.0762899 9.9982E-005 0.153459
0.155894 0.221437 0.0776346 0.116003 0.0230703 9.9991E-005 0.405861
0.210101 0.111822 0.0626732 0.185318 0.0334876 0.0580841 0.338514
0.237088 9.9982E-005 9.9982E-005 0.056886 0.0942566 0.0795857 0.531984
0.104381 0.317222 0.0287403 0.10807 0.0470613 0.0279853 0.366541
0.221119 0.292826 9.99909E-005 0.138999 9.99909E-005 0.0517457 0.29511
0.303369 0.128218 0.00754458 0.275716 0.121791 9.9991E-005 0.16326
0.322535 0.0760597 0.0933343 0.197405 0.196433 9.9991E-005 0.114134
0.174385 0.146069 0.141485 0.0981042 0.0438269 0.00816369 0.387966
0.486942 0.0507043 0.10987 0.0142759 0.129848 9.9991E-005 0.20826
9.9982E-005 0.46654 0.264661 0.0402282 0.110137 9.9982E-005 0.118233
0.29188 0.227656 9.9982E-005 0.0971201 0.0547166 9.9982E-005 0.328427
0.0653889 0.199273 0.000439458 0.239304 9.9991E-005 0.0829774 0.412518
0.194535 0.0275379 0.242259 0.0663906 0.14833 9.9991E-005 0.320848
0.221773 0.0932788 0.253062 0.22473 0.041942 9.9991E-005 0.165114
0.0162958 0.0272522 9.9991E-005 0.0584792 0.0749898 0.762268 0.060615
0.190013 9.9982E-005 0.294277 0.0296129 0.185696 9.9982E-005 0.300201
0.0829925 0.239017 0.214196 0.136373 0.0738586 9.9991E-005 0.253463
0.435187 0.00321534 0.185354 0.122746 0.0894466 0.0868583 0.0771928
0.0426417 0.106852 0.0998493 0.281623 9.9982E-005 9.9982E-005 0.468834
9.9982E-005 0.184435 0.149514 0.27354 0.168804 9.9982E-005 0.223507
0.266257 0.0372152 0.285472 0.0297486 0.265737 0.0240294 0.0915419
0.188739 0.228748 0.0212932 0.138692 9.9991E-005 0.0111599 0.411268
0.270393 0.195434 0.0691089 0.0898371 0.0251519 0.0243822 0.325694
0.0874918 0.311915 0.198413 0.16423 9.9991E-005 0.0136914 0.224159
0.0702158 0.18167 0.092741 0.290165 9.9991E-005 0.0392056 0.325903
9.9982E-005 0.367742 9.9982E-005 0.119918 0.188532 0.0314308 0.292178
0.0322088 0.321078 0.0317114 0.174928 0.0403143 9.9991E-005 0.399659
9.995E-005 9.995E-005 9.995E-005 0.9994 9.995E-005 9.995E-005 9.995E-005
0.197348 0.319031 9.9991E-005 0.20891 0.0515481 0.017348 0.205715
0.257898 0.300888 0.0524778 0.00233807 9.9982E-005 9.9982E-005 0.386198
0.0495306 9.9991E-005 0.0266701 0.158184 0.135124 0.115727 0.514665
0.320375 0.139626 9.9973E-005 0.135429 9.9973E-005 9.9973E-005 0.404269
0.131586 0.182999 0.119979 9.9991E-005 0.0604818 0.0878768 0.416978
0.337949 0.356999 0.226983 0.0176536 0.0602156 9.9982E-005 9.9982E-005
0.0689278 0.262696 9.9991E-005 0.14461 0.0968899 0.00388605 0.42289
0.156681 0.296858 0.247502 0.0687237 9.9982E-005 9.9982E-005 0.230036
0.218225 9.9991E-005 0.117622 0.235899 0.0641321 0.0379686 0.326053
0.291382 0.169568 0.160455 0.0262321 0.00594919 9.9991E-005 0.346314
9.995E-005 9.995E-005 9.995E-005 0.9994 9.995E-005 9.995E-005 9.995E-005
0.301771 0.169897 0.51892 9.9973E-005 9.9973E-005 9.9973E-005 0.00911184
0.151398 0.129465 0.159339 0.234627 9.9991E-005 0.00235512 0.322716
0.436315 9.9991E-005 0.0304643 0.0307904 0.0529788 0.349956 0.0993955
0.242592 0.390045 0.243642 0.0398745 0.0836462 9.9982E-005 9.9982E-005
0.286144 0.0160159 0.472313 0.0300989 0.0630487 9.9991E-005 0.132279
0.243028 9.9973E-005 9.9973E-005 0.193192 0.126225 9.9973E-005 0.437255
0.101272 0.245732 0.220296 0.16474 0.0134029 9.9991E-005 0.254458
0.133335 0.246192 9.9982E-005 0.137052 9.9982E-005 0.0290599 0.454161
0.199914 0.131704 0.199138 0.174398 9.9982E-005 9.9982E-005 0.294646
0.220377 0.195979 0.159014 0.0632157 0.0125846 0.0353641 0.313466
0.223811 0.267132 0.043797 0.0856952 9.9982E-005 9.9982E-005 0.379364
0.3003 0.0691809 0.261517 9.9973E-005 9.9973E-005 9.9973E-005 0.368702
9.9982E-005 0.0933975 0.0832578 0.493396 0.000129458 9.9982E-005 0.329619
0.146003 9.9982E-005 0.135675 0.413715 0.0570935 9.9982E-005 0.247313
0.0875103 0.901678 9.9964E-005 9.9964E-005 9.9964E-005 0.0104115 9.9964E-005
0.230303 0.0484342 9.9973E-005 0.194769 9.9973E-005 9.9973E-005 0.526194
0.286239 0.110803 9.9982E-005 0.0741844 0.0264677 9.9982E-005 0.502106
9.9982E-005 0.396439 0.169089 0.0524639 0.0536967 9.9982E-005 0.328112
0.0789929 0.214636 0.111517 0.0395707 0.0553336 9.9991E-005 0.49985
0.432272 0.0191915 0.340528 0.0181666 0.0758136 9.9991E-005 0.113928
0.176901 0.350512 9.9982E-005 0.00892083 0.105321 9.9982E-005 0.358145
0.377795 9.9973E-005 0.318167 9.9973E-005 9.9973E-005 0.196076 0.107662
0.184726 0.198154 0.0869169 0.205379 0.0128934 0.0414999 0.27043
0.225324 0.0893656 9.9991E-005 0.0594172 0.144436 0.0763234 0.405034
0.300706 0.108744 0.501734 0.0450598 0.0232207 0.0204357 9.9991E-005
0.121846 0.429151 0.141227 0.142652 9.9991E-005 0.0261504 0.138873
0.178368 0.0816557 0.173337 0.117805 9.9982E-005 9.9982E-005 0.448635
9.9955E-005 0.974418 9.9955E-005 9.9955E-005 9.9955E-005 9.9955E-005 0.0250819
0.177729 0.203749 0.119491 9.9991E-005 0.014463 0.0204752 0.463993
0.217081 0.103066 0.128873 0.176847 0.136729 0.0120988 0.225306
0.0568262 0.282353 0.123503 0.118905 9.9982E-005 9.9982E-005 0.418214
0.0154647 0.172111 0.282834 0.251502 9.9982E-005 9.9982E-005 0.277889
0.233095 0.00956311 0.143719 0.196126 0.0299389 9.9991E-005 0.387458
0.298966 0.0377309 0.294906 0.036568 0.119238 9.9991E-005 0.212491
0.112282 0.181448 0.165147 0.0484757 0.133481 9.9991E-005 0.359066
0.285028 0.178841 0.151393 0.0947518 9.9991E-005 0.0411719 0.248714
9.9973E-005 0.0518918 9.9973E-005 9.9973E-005 0.038128 0.872399 0.0372809
0.196367 0.240024 0.155386 0.0909241 9.9982E-005 9.9982E-005 0.317099
0.509524 9.9991E-005 0.233719 0.0264718 0.0901934 0.120663 0.0193281
0.0779366 0.134928 0.0228219 0.246873 0.062048 0.0167291 0.438664
0.116656 0.208501 0.248097 9.9982E-005 0.139243 9.9982E-005 0.287303
0.444572 0.234416 0.0453499 9.9982E-005 0.121748 9.9982E-005 0.153714
0.559803 0.0876645 0.129957 0.0690184 0.093272 9.9991E-005 0.0601851
0.078112 0.190759 0.373321 0.304611 9.9982E-005 9.9982E-005 0.0529969
0.16459 0.145062 0.255109 0.135969 9.9982E-005 9.9982E-005 0.299069
0.0765273 0.225248 0.240401 0.1065 9.9982E-005 9.9982E-005 0.351123
0.0535379 0.239843 0.17795 0.18921 0.059685 9.9991E-005 0.279673
0.389419 0.104689 0.0565455 0.123484 0.300694 0.011247 0.0139217
0.021993 0.251421 0.196661 0.249974 0.0493766 9.9991E-005 0.230474
0.356722 0.0422623 9.9982E-005 0.20854 0.0411044 9.9982E-005 0.351171
0.228844 0.124481 0.146839 0.214197 0.0202087 9.9991E-005 0.265331
0.523544 0.0116145 0.45414 9.99892E-005 0.00196424 9.99892E-005 0.0085376
0.0674573 0.147373 0.231683 0.205209 0.01865 9.9991E-005 0.329527
0.147946 0.193827 0.0888922 0.0579838 0.148566 0.00997522 0.352809
0.194796 0.21101 9.9982E-005 0.387473 0.0695695 9.9982E-005 0.136952
0.169376 0.428942 9.9982E-005 0.0395196 0.133827 9.9982E-005 0.228135
0.427652 0.0574787 0.349804 9.9973E-005 0.164766 9.9973E-005 9.9973E-005
9.9973E-005 0.0717876 0.0126322 0.027638 9.9973E-005 0.887642 9.9973E-005
0.197648 0.1673 0.15222 0.139514 9.9982E-005 9.9982E-005 0.343118
0.216001 0.320448 0.190623 0.229866 9.9982E-005 9.9982E-005 0.0428628
0.400533 0.127981 9.9982E-005 0.144725 0.156749 9.9982E-005 0.169812
0.141952 0.114664 0.0429546 0.0778025 0.198633 9.9991E-005 0.423894
0.0933982 0.1444 0.20703 0.0224551 9.9991E-005 0.0170717 0.515546
0.263848 9.9982E-005 0.15303 0.162305 0.0263853 9.9982E-005 0.394231
0.0862053 0.23275 0.110306 0.0451335 0.0272938 0.0310746 0.467237
0.159185 0.120636 0.0533467 0.134052 9.9991E-005 0.0380547 0.494626
0.21222 0.19268 0.029607 0.030558 9.9991E-005 0.0934591 0.441377
0.23528 0.0781471 0.247781 0.149281 0.0542627 9.9991E-005 0.235148
0.479124 0.0792181 0.167596 9.9982E-005 0.22904 9.9982E-005 0.0448221
0.105116 0.473082 0.0191578 0.0534749 9.9982E-005 9.9982E-005 0.348969
0.318917 0.189014 9.9982E-005 0.215732 0.0515461 9.9982E-005 0.22459
0.557152 0.143402 0.159888 9.9973E-005 0.139258 9.9973E-005 9.9973E-005
0.017313 0.116458 0.155141 0.132733 0.132115 0.0207956 0.425445
0.473125 0.0396156 0.27573 0.0112218 0.190803 0.00940502 9.9991E-005
0.252014 0.0268143 9.9991E-005 0.16448 0.238631 0.0186334 0.299327
0.163675 0.23657 0.147059 0.0114534 0.0324433 9.9991E-005 0.408699
0.341914 0.275117 0.247819 0.0843046 0.0205469 0.00429017 0.0260075
0.155694 0.0867187 0.148786 0.150029 0.0313841 0.0357069 0.391681
0.0566991 9.9982E-005 0.584825 0.0201717 0.0906769 9.9982E-005 0.247428
0.0240693 0.725487 9.9991E-005 0.0837635 0.0278493 0.0153213 0.123409
9.9955E-005 0.438151 9.9955E-005 9.9955E-005 9.9955E-005 0.561349 9.9955E-005
0.191736 0.341182 9.9973E-005 9.9973E-005 0.0749039 9.9973E-005 0.391878
0.190948 0.25064 0.0443871 0.237435 0.000309051 9.9991E-005 0.27618
0.0507623 0.140582 0.117701 0.1242 0.123945 9.9991E-005 0.44271
0.224192 0.12962 0.151081 0.0944782 9.9991E-005 0.0104994 0.39003
0.117097 0.284418 9.9982E-005 0.32675 0.0946826 9.9982E-005 0.176852
0.0581814 0.306682 0.0550746 0.137186 0.0823351 9.9991E-005 0.36044
0.0380834 0.346905 0.113701 0.0919636 0.188496 9.9991E-005 0.220751
0.564628 9.9973E-005 0.224989 0.100723 0.10936 9.9973E-005 9.9973E-005
9.9991E-005 0.510634 0.188531 0.097525 0.0186128 0.0229678 0.16163
0.190095 0.19916 0.0203238 0.0275424 0.134036 0.00753367 0.421309
0.0281758 0.131864 0.118215 0.267367 9.9982E-005 9.9982E-005 0.454178
9.9982E-005 0.0682829 0.253383 0.141314 0.147628 9.9982E-005 0.389192
0.133868 0.527268 0.121104 0.000142538 9.9991E-005 0.0296489 0.187869
0.234446 0.00472944 0.256837 0.225244 0.0514228 9.9991E-005 0.227222
0.501438 0.0411107 9.9982E-005 0.204688 0.0897049 9.9982E-005 0.162858
9.9991E-005 0.261064 0.38901 0.0901189 0.109561 0.0310653 0.119081
0.13534 0.346573 0.205597 0.0881061 9.9982E-005 9.9982E-005 0.224183
9.9982E-005 0.0799958 0.290225 0.0743867 0.117248 9.9982E-005 0.437945
0.565138 0.0164458 0.0747604 0.155737 0.112237 0.0755817 9.9991E-005
0.473174 0.182299 0.0215989 0.150262 9.9982E-005 9.9982E-005 0.172466
9.9991E-005 0.243597 0.130346 0.144588 0.0128802 0.000532202 0.467956
0.0569672 0.0617982 0.217992 0.11263 0.0663357 9.9991E-005 0.484176
0.163523 0.253828 0.0763335 0.0657191 0.131454 0.048302 0.26084
0.012574 0.476465 0.0464644 0.0600754 0.0725975 9.9991E-005 0.331724
0.201868 0.0665968 9.9982E-005 0.0750462 0.329138 9.9982E-005 0.327151
0.465521 0.167075 0.342557 9.9973E-005 9.9973E-005 0.024547 9.9973E-005
0.274914 0.153306 0.303981 0.117765 0.108297 0.0416371 9.9991E-005
0.207817 0.0049259 0.134261 0.106154 0.135648 0.0091775 0.402016
0.182397 0.214427 9.9982E-005 0.337473 0.0210394 9.9982E-005 0.244463
0.336384 0.239515 9.9982E-005 0.110037 0.00242064 9.9982E-005 0.311443
0.337727 0.202143 0.050112 0.171463 0.0888428 9.9991E-005 0.149612
0.129345 0.194187 9.9991E-005 0.253356 0.0618457 0.0417771 0.319389
9.9973E-005 0.131947 0.281356 0.132559 9.9973E-005 9.9973E-005 0.453837
0.0467564 9.9991E-005 0.442634 0.0337217 0.10714 0.268798 0.100851
0.301554 0.116829 0.0954722 0.00870036 0.0299886 0.0232629 0.424193
0.25649 0.233612 0.084915 0.136229 0.0674007 9.9991E-005 0.221253
0.129855 0.0471432 0.246781 9.9991E-005 0.10756 0.261217 0.207344
0.319657 0.161558 0.2721 9.9973E-005 9.9973E-005 0.246386 9.9973E-005
0.112777 0.22083 9.9982E-005 0.227223 9.9982E-005 0.0122092 0.42676
0.16931 0.164951 0.15096 0.0789371 0.171116 0.0705734 0.194153
0.110245 0.402711 9.9982E-005 0.163831 0.00918669 9.9982E-005 0.313826
0.787998 0.12036 0.0414779 9.9973E-005 9.9973E-005 9.9973E-005 0.0498638
0.168178 0.184606 0.0420317 0.0501319 0.141965 0.0354674 0.377621
0.215596 0.326912 9.9982E-005 0.100782 0.0602526 9.9982E-005 0.296257
0.255622 0.125835 0.221636 9.9982E-005 9.9982E-005 0.294153 0.102553
0.150471 0.172212 0.15039 0.232693 9.9982E-005 9.9982E-005 0.294034
0.269487 0.123421 9.9982E-005 0.21573 0.0621231 9.9982E-005 0.329039
0.187491 0.282719 9.9982E-005 0.35861 0.00315419 9.9982E-005 0.167826
0.239601 0.177374 0.00250881 0.142503 0.0367946 0.0364533 0.364765
0.169995 0.0562329 0.215705 0.0997262 9.9982E-005 9.9982E-005 0.458142
0.0777695 0.0891277 0.24338 0.078206 0.10695 9.9991E-005 0.404467
0.122551 0.108133 0.086884 0.176073 0.0686166 0.0374319 0.40031
0.200409 0.2439 0.129361 0.215339 9.9982E-005 9.9982E-005 0.210791
0.0958533 0.139723 0.126134 0.310167 9.9982E-005 9.9982E-005 0.327923
0.0807139 0.0398575 0.255821 0.10914 0.16273 9.9991E-005 0.351637
0.0289916 0.100331 9.99951E-005 0.029826 0.101977 0.698903 0.0398718
0.0816199 0.309155 0.0175348 0.176939 0.0372731 9.9991E-005 0.377379
0.179647 0.101824 0.0505649 0.162868 9.9982E-005 9.9982E-005 0.504897
0.0603352 0.216999 0.501201 9.9982E-005 0.152528 9.9982E-005 0.0687362
0.0655362 0.457135 9.9982E-005 0.0163937 0.0239322 9.9982E-005 0.436802
0.278634 0.0858315 0.0100459 0.144818 0.0484859 9.9991E-005 0.432085
0.130555 0.269371 0.105104 0.0357636 0.0497335 9.9991E-005 0.409373
0.172972 9.9991E-005 0.494214 0.220424 0.00608617 0.0150709 0.0911329
0.0814349 0.296827 0.11919 0.118468 0.0804829 9.9991E-005 0.303498
0.0904123 0.202557 0.213569 0.0806326 9.9982E-005 9.9982E-005 0.412629
0.125604 0.222975 0.110207 0.0373399 0.0551163 0.0298298 0.418928
0.108836 0.127846 0.215284 0.119504 0.0534902 9.9991E-005 0.374939
0.369948 0.10762 0.129953 9.9982E-005 9.9982E-005 0.0321376 0.360141
9.9955E-005 9.9955E-005 9.9955E-005 9.9955E-005 9.9955E-005 0.944011 0.0554897
0.140333 0.392309 0.0399755 0.124699 0.0164166 0.0104494 0.275818
0.411364 0.191717 9.9982E-005 0.0758602 0.0919457 9.9982E-005 0.228914
0.138618 0.117643 0.210288 0.0552226 0.171098 9.9991E-005 0.30703
9.9982E-005 0.225514 0.180028 0.0292024 0.171551 9.9982E-005 0.393504
0.0748736 0.0585141 0.0525514 0.133755 0.16226 0.0304231 0.487623
0.0015603 0.0878028 0.276122 0.0874287 0.178149 0.0505969 0.31834
9.9973E-005 0.0672244 0.223682 9.9973E-005 0.116525 0.592269 9.9973E-005
9.9973E-005 0.153851 0.35727 0.0275746 9.9973E-005 9.9973E-005 0.461004
0.116502 0.23001 0.215238 0.016953 9.9991E-005 0.0341371 0.38706
0.449288 0.114668 9.9982E-005 0.11952 0.0569843 9.9982E-005 0.259339
0.221428 0.224183 9.9982E-005 0.0409103 0.122719 9.9982E-005 0.39056
