9.9973E-005 0.126713 0.160667 0.486075 9.9973E-005 0.226246 9.9973E-005
0.0357671 0.00891368 0.0858567 0.445665 0.242399 0.181299 9.9991E-005
9.9982E-005 0.192044 0.354438 0.37326 0.0090556 0.0710025 9.9982E-005
0.133331 9.9973E-005 0.209372 0.608348 9.9973E-005 0.0486499 9.9973E-005
9.9973E-005 9.9973E-005 0.134457 0.657013 0.0148406 0.193389 9.9973E-005
0.648651 9.9964E-005 0.339478 9.9964E-005 9.9964E-005 9.9964E-005 0.0114707
9.9991E-005 0.0432526 0.175921 0.601659 0.0305366 0.105185 0.0433461
0.812505 0.0373469 0.113815 9.9973E-005 9.9973E-005 0.0360329 9.9973E-005
9.9982E-005 0.121943 0.285915 0.339643 0.181441 0.0708581 9.9982E-005
9.9982E-005 0.143005 0.272771 0.485463 0.0471705 0.0513907 9.9982E-005
9.9973E-005 0.190707 0.248068 0.535672 9.9973E-005 0.0252521 9.9973E-005
0.168871 0.0227327 0.227097 0.223872 0.270763 0.0865637 9.9991E-005
9.9973E-005 0.101661 0.140863 0.496148 0.261027 9.9973E-005 9.9973E-005
0.0320354 0.0998331 0.248024 0.472904 0.147003 9.9982E-005 9.9982E-005
0.573351 0.0211939 0.281442 9.9982E-005 0.0891847 0.034628 9.9982E-005
9.9982E-005 0.185044 0.358552 0.433061 0.0212299 9.9982E-005 0.00191313
0.0597356 0.0441794 0.47282 0.283384 9.9982E-005 0.139681 9.9982E-005
9.9973E-005 9.9973E-005 9.9973E-005 0.72059 0.123247 0.0220595 0.133803
9.9973E-005 9.9973E-005 0.160296 0.464662 0.239579 0.135164 9.9973E-005
9.9973E-005 0.113629 0.122999 0.646508 9.9973E-005 0.116564 9.9973E-005
9.9973E-005 9.9973E-005 0.0283943 0.772539 0.142925 0.0558424 9.9973E-005
0.0487341 0.0966794 0.230945 0.450872 0.0204349 0.152234 9.9991E-005
9.9973E-005 0.158789 0.195413 0.501425 9.9973E-005 0.144073 9.9973E-005
0.562125 0.20364 0.197958 0.00557576 0.00691385 0.0236881 9.9991E-005
9.9991E-005 0.100945 0.0912231 0.549246 0.0235478 0.148888 0.0860501
0.519884 9.9973E-005 0.224722 9.9973E-005 0.160814 0.0942801 9.9973E-005
0.397223 0.0148707 0.334423 0.208432 0.020318 0.0150458 0.00968769
0.314219 9.9964E-005 0.00617538 0.679206 9.9964E-005 9.9964E-005 9.9964E-005
0.6085 0.103703 0.260793 9.9973E-005 9.9973E-005 9.9973E-005 0.0267046
0.144788 9.9964E-005 0.141046 0.713767 9.9964E-005 9.9964E-005 9.9964E-005
0.41373 0.129905 0.176309 0.0994175 0.156221 0.0243181 9.9991E-005
9.999E-005 0.0471334 0.227985 0.573215 0.114372 0.000151055 0.0370434
0.15237 0.131891 0.39195 0.276853 0.0270776 9.9991E-005 0.0197584
0.845813 9.9964E-005 0.0322547 0.121532 9.9964E-005 9.9964E-005 9.9964E-005
0.789016 0.0290807 9.9973E-005 9.9973E-005 0.135055 9.9973E-005 0.046548
0.0899774 0.00863839 0.138196 0.583785 0.0684614 0.108049 0.00289207
0.127536 9.9973E-005 0.171093 0.543295 0.157777 9.9973E-005 9.9973E-005
9.999E-005 0.11764 0.147921 0.514021 0.204695 0.00664567 0.00897664
0.697278 0.162763 0.0287373 0.0946708 9.9982E-005 0.016351 9.9982E-005
0.346128 0.118744 0.210488 0.182755 9.9982E-005 0.141686 9.9982E-005
0.172672 0.0700125 0.3454 0.144747 0.246939 9.9991E-005 0.0201291
9.9964E-005 9.9964E-005 0.495554 0.357145 0.146901 9.9964E-005 9.9964E-005
0.134021 0.10456 0.0240443 0.626112 0.0189273 0.0922349 9.9991E-005
0.58982 0.057832 0.0563317 0.150072 0.145743 9.9982E-005 9.9982E-005
9.9982E-005 0.0807804 0.226145 0.46781 0.102708 9.9982E-005 0.122356
9.9991E-005 0.166033 0.056352 0.451332 0.277768 0.0110416 0.0373738
0.0774481 0.0901342 0.1599 0.440912 0.0158536 0.123443 0.0923095
9.9973E-005 0.0324789 0.506699 0.35908 9.9973E-005 0.101442 9.9973E-005
0.0256852 0.234047 0.150893 0.27145 0.215213 0.102611 9.9991E-005
0.363668 9.9973E-005 0.475785 0.0196294 9.9973E-005 0.140617 9.9973E-005
0.00327674 0.0789757 0.0883489 0.694724 9.9991E-005 0.0505814 0.0839928
0.376864 0.185341 0.151188 0.116019 0.0158902 0.127937 0.0267613
0.00274744 0.144469 0.173969 0.330263 0.229958 0.118494 9.9991E-005
0.829973 9.9982E-005 0.0670572 0.0624762 0.0191022 9.9982E-005 0.0211911
0.316602 0.157057 0.435282 0.0478387 0.0430196 9.9982E-005 9.9982E-005
9.9982E-005 0.111837 0.036778 0.679272 0.075045 0.0968684 9.9982E-005
9.9973E-005 0.270645 0.0413919 0.56564 9.9973E-005 0.122023 9.9973E-005
0.107836 0.000674965 0.251647 0.420707 0.172759 0.0462759 9.9991E-005
0.202151 0.131062 0.406116 0.229345 9.9982E-005 0.0311264 9.9982E-005
0.311521 9.9964E-005 0.026053 0.662027 9.9964E-005 9.9964E-005 9.9964E-005
0.79817 0.0368249 0.112271 9.9982E-005 0.0253407 9.9982E-005 0.0271932
0.794769 9.9955E-005 0.204731 9.9955E-005 9.9955E-005 9.9955E-005 9.9955E-005
0.00679591 0.0467642 0.165011 0.58425 0.137396 9.9991E-005 0.0596822
0.903601 0.00912749 0.0868718 9.9964E-005 9.9964E-005 9.9964E-005 9.9964E-005
9.9982E-005 0.0210044 0.299259 0.362665 0.130156 0.186716 9.9982E-005
0.804847 9.9964E-005 9.9964E-005 0.0461618 0.148592 9.9964E-005 9.9964E-005
0.00748071 0.165944 0.0328381 0.593488 0.20005 9.9982E-005 9.9982E-005
0.12742 0.0409218 0.378443 0.213946 0.150987 0.0881819 9.9991E-005
9.9982E-005 0.278806 0.101883 0.457643 0.14855 0.0129188 9.9982E-005
0.553981 9.9955E-005 0.445519 9.9955E-005 9.9955E-005 9.9955E-005 9.9955E-005
9.9982E-005 0.350666 0.0164673 0.366771 0.143311 0.122585 9.9982E-005
0.0519356 0.14427 0.0351455 0.528639 0.0865629 0.153347 9.9991E-005
0.269525 0.130733 0.15415 0.340108 9.9991E-005 0.0625969 0.042787
9.9982E-005 0.124405 0.279341 0.343961 0.169567 0.082525 9.9982E-005
0.0484985 0.129467 0.123463 0.468489 0.158281 0.0717017 9.9991E-005
0.365743 0.18773 9.9973E-005 0.39623 0.0499967 9.9973E-005 9.9973E-005
0.00728388 9.9982E-005 0.214249 0.599917 0.0888425 0.0895075 9.9982E-005
0.13328 0.32704 0.257761 0.240567 9.9982E-005 9.9982E-005 0.0411522
0.0909205 0.135535 0.444202 0.208731 0.0554286 0.0650832 9.9991E-005
9.9991E-005 0.124316 0.0740064 0.594532 0.135968 0.0546724 0.0164056
9.9982E-005 0.143666 0.15154 0.294354 0.112966 0.297273 9.9982E-005
9.9982E-005 0.124185 0.275777 0.368864 0.218271 0.0127028 9.9982E-005
0.0580454 0.233985 0.175858 0.51247 0.0194414 9.9982E-005 9.9982E-005
9.9982E-005 0.0517732 0.117575 0.653426 0.123221 0.0538041 9.9982E-005
9.9982E-005 0.0438335 0.216628 0.615453 0.0535643 0.070321 9.9982E-005
0.105578 0.248222 0.258992 0.112457 0.22964 0.0450115 9.9991E-005
0.240588 0.0384836 0.262985 0.346279 0.111465 9.9982E-005 9.9982E-005
0.174561 0.108765 0.484883 0.23149 9.9973E-005 9.9973E-005 9.9973E-005
0.830627 0.0340497 0.0825797 0.00796262 0.0424265 0.0022549 9.9991E-005
0.161584 0.0579238 0.377183 0.304366 9.9991E-005 0.0645894 0.0342549
9.9973E-005 0.22934 0.356746 0.234125 0.179489 9.9973E-005 9.9973E-005
0.389502 9.9973E-005 0.444927 0.132461 9.9973E-005 0.0328098 9.9973E-005
9.9982E-005 0.158361 0.204223 0.526727 0.0679685 0.0425197 9.9982E-005
0.260967 9.9973E-005 0.0819411 0.600402 9.9973E-005 0.0563898 9.9973E-005
0.376674 0.00862909 0.391823 0.131342 9.9982E-005 0.0913326 9.9982E-005
0.827102 0.0959468 9.9964E-005 9.9964E-005 9.9964E-005 0.0765509 9.9964E-005
0.0852905 0.088393 0.0844262 0.4762 0.146862 0.118728 9.9991E-005
9.9982E-005 0.117288 0.469225 0.22679 0.135615 0.0508825 9.9982E-005
0.0688622 0.212347 0.0606445 0.405404 0.0479521 0.20469 9.9991E-005
0.218315 0.0145676 0.0948883 0.623027 0.046081 0.00302084 9.9991E-005
0.34612 0.131162 0.386891 9.9973E-005 0.135527 9.9973E-005 9.9973E-005
0.0574371 0.129722 0.18298 0.487547 0.142114 9.9982E-005 9.9982E-005
9.9991E-005 0.189923 0.0937152 0.506013 0.0039527 0.102808 0.103489
9.9982E-005 0.0806625 0.0779031 0.58199 0.110298 0.148946 9.9982E-005
9.9982E-005 0.202224 0.133116 0.517021 0.127085 0.0203537 9.9982E-005
0.671766 0.133512 0.0954838 9.9973E-005 0.0989378 9.9973E-005 9.9973E-005
0.356576 0.0285881 0.273981 0.0662506 9.9991E-005 0.235107 0.0393973
0.00617195 0.248699 0.14917 0.595659 9.9973E-005 9.9973E-005 9.9973E-005
9.9973E-005 0.181554 0.250933 0.408062 0.159152 9.9973E-005 9.9973E-005
9.9991E-005 0.0360375 0.155269 0.702585 0.0666583 0.013244 0.0261061
0.362909 9.9973E-005 0.443371 0.171165 0.0222556 9.9973E-005 9.9973E-005
0.945098 9.9955E-005 9.9955E-005 9.9955E-005 9.9955E-005 0.0544025 9.9955E-005
0.366912 9.9973E-005 0.282014 0.319027 0.0317465 9.9973E-005 9.9973E-005
0.0114963 0.065685 0.0457258 0.700297 0.146547 9.9991E-005 0.0301491
0.0939452 0.0593953 0.14692 0.443693 0.102449 0.153498 9.9991E-005
9.9973E-005 0.241268 9.9973E-005 0.565618 0.0987655 0.0940488 9.9973E-005
9.9973E-005 0.309513 0.0755386 0.564778 0.0498705 9.9973E-005 9.9973E-005
0.902656 0.0619816 9.99673E-005 9.99673E-005 9.99673E-005 9.99673E-005 0.034963
0.0319258 0.0701093 9.9982E-005 0.703262 0.0104936 0.184009 9.9982E-005
9.9973E-005 0.305243 0.0668634 0.508941 9.9973E-005 9.9973E-005 0.118653
0.11046 0.0988787 9.9982E-005 0.580936 0.121125 0.0884004 9.9982E-005
0.515221 0.0024518 0.321662 0.122004 0.0384606 9.9982E-005 9.9982E-005
9.9973E-005 0.0961049 0.228488 0.600921 9.9973E-005 9.9973E-005 0.0741864
0.00777387 0.130468 0.339462 0.395584 0.020622 9.9991E-005 0.10599
9.9982E-005 0.112667 9.9982E-005 0.676935 0.179711 0.0236782 0.00680866
0.0250225 0.0881274 0.232488 0.429032 0.144945 0.0802843 9.9991E-005
0.591675 9.9973E-005 9.9973E-005 0.291073 0.0148307 0.102121 9.9973E-005
0.757838 0.156257 0.0855045 9.9964E-005 9.9964E-005 9.9964E-005 9.9964E-005
9.9973E-005 0.201518 0.309705 0.317311 0.171165 9.9973E-005 9.9973E-005
0.00202087 0.21103 9.9982E-005 0.430475 0.175172 0.181103 9.9982E-005
9.9982E-005 0.153039 0.128505 0.535536 0.0978394 0.0848809 9.9982E-005
9.9982E-005 9.9982E-005 0.427119 0.249478 0.152179 0.114699 0.0563263
0.30054 0.0871722 0.34597 0.197968 0.0681495 9.9982E-005 9.9982E-005
9.9973E-005 0.0588237 0.32061 0.405194 9.9973E-005 9.9973E-005 0.215072
0.15435 0.0325978 0.0377388 0.701774 9.9982E-005 0.0733394 9.9982E-005
9.9955E-005 0.968638 9.9955E-005 9.9955E-005 0.0308617 9.9955E-005 9.9955E-005
0.565889 0.0703199 0.012059 0.18848 9.9991E-005 0.106276 0.0568758
0.235785 0.054218 0.206539 0.332508 0.105905 9.9991E-005 0.0649451
0.0956818 0.903818 9.99549E-005 9.99549E-005 9.99549E-005 9.99549E-005 9.99549E-005
0.552501 0.0423694 0.109328 0.0884314 9.9982E-005 0.20717 9.9982E-005
0.13309 9.9973E-005 0.351177 0.476893 0.0385401 9.9973E-005 9.9973E-005
0.330415 9.9982E-005 0.155251 0.232012 0.0546874 0.227435 9.9982E-005
0.229078 9.9991E-005 0.19387 0.338444 0.215396 0.015766 0.0073463
0.112708 0.119458 0.498293 0.0853567 0.135138 9.9991E-005 0.0489462
0.7094 9.9973E-005 0.240547 9.9973E-005 0.038247 0.0115055 9.9973E-005
0.26361 0.0704623 0.061566 0.363083 0.241079 9.9982E-005 9.9982E-005
0.119193 0.0174057 0.489227 0.252605 0.0235444 0.0979249 9.9991E-005
9.9982E-005 0.19001 0.24697 0.392795 0.127914 0.0421111 9.9982E-005
9.9973E-005 0.186744 9.9973E-005 0.586954 0.088655 0.137347 9.9973E-005
9.9991E-005 0.139214 0.17181 0.383906 0.0439772 0.180408 0.080584
9.9973E-005 0.0169481 0.468696 0.383382 0.130675 9.9973E-005 9.9973E-005
0.287698 0.012148 0.1164 0.447058 9.9991E-005 0.110249 0.0263477
0.654104 0.0164993 0.0956061 0.0683988 0.165192 9.9982E-005 9.9982E-005
0.401156 0.081202 0.280234 0.0838315 0.0407442 0.00571541 0.107117
9.9991E-005 0.205576 0.263823 0.265436 0.094747 0.132716 0.0376022
9.9982E-005 0.0781623 0.2655 0.360495 0.278484 0.0171579 9.9982E-005
0.789737 9.9964E-005 0.162593 9.9964E-005 9.9964E-005 9.9964E-005 0.0472705
9.9982E-005 0.242646 0.141784 0.464605 0.143517 9.9982E-005 0.0072481
9.9982E-005 0.114692 0.149762 0.392251 0.141335 0.201759 9.9982E-005
0.13598 0.0880156 0.131468 0.4481 0.0676511 0.128685 9.9991E-005
9.9982E-005 0.231436 0.179592 0.452105 9.9982E-005 0.0537134 0.0829543
0.0869071 0.0930329 0.392464 0.20805 0.16636 0.0530851 9.9991E-005
0.0155563 0.178543 0.230519 0.193984 0.223738 0.15756 9.9991E-005
0.0415228 9.9982E-005 0.12349 0.367059 0.222099 0.245628 9.9982E-005
0.00229256 0.191345 0.0980189 0.558437 0.149706 9.9982E-005 9.9982E-005
9.9973E-005 0.275997 9.9973E-005 0.640311 9.9973E-005 0.0510252 0.0323673
0.0582108 0.0870295 0.47396 0.150609 0.21018 0.0199113 9.9991E-005
0.454925 0.153974 0.309785 9.9973E-005 9.9973E-005 0.0810164 9.9973E-005
0.20179 0.147361 0.339662 0.179386 0.1316 9.9982E-005 9.9982E-005
0.00993541 0.123849 0.45402 0.205718 0.00336782 0.110558 0.0925517
0.0700292 0.0723456 0.260366 0.284082 0.109524 0.203554 9.9991E-005
9.9973E-005 0.0171603 0.533039 0.401436 9.9973E-005 0.048065 9.9973E-005
0.927939 0.0510572 9.9964E-005 9.9964E-005 9.9964E-005 0.0206035 9.9964E-005
0.00701858 0.162591 0.407211 0.321212 0.101767 9.9982E-005 9.9982E-005
0.212642 0.185396 0.575395 0.0262666 9.9973E-005 9.9973E-005 9.9973E-005
9.9991E-005 0.225311 0.290626 0.23086 0.179851 0.0293703 0.0438826
0.117796 0.0493628 0.481285 0.285695 9.9982E-005 0.0656615 9.9982E-005
0.541217 0.115117 0.292727 0.0059867 9.9991E-005 0.0181162 0.0267367
0.369706 0.0145208 0.217948 0.297337 0.0274891 0.0728993 9.9991E-005
0.527 9.9964E-005 9.9964E-005 0.400867 9.9964E-005 0.0717332 9.9964E-005
9.9964E-005 9.9964E-005 0.373031 0.598631 9.9964E-005 0.0279385 9.9964E-005
0.676608 9.9973E-005 0.301867 9.9973E-005 0.0209312 0.000293197 9.9973E-005
0.390824 9.9982E-005 0.150206 0.347473 0.0573966 0.0539004 9.9982E-005
0.00373318 0.130494 0.0838957 0.432145 0.213314 0.136318 9.9991E-005
0.956441 9.99551E-005 9.99551E-005 9.99551E-005 9.99551E-005 0.0430588 9.99551E-005
0.369875 0.00190922 0.561276 9.9973E-005 9.9973E-005 0.0666391 9.9973E-005
9.9973E-005 0.12792 0.464704 0.372131 0.0349459 9.9973E-005 9.9973E-005
0.317662 9.9973E-005 0.447534 0.202288 9.9973E-005 0.0322156 9.9973E-005
0.0881342 0.211544 0.118518 0.565492 0.016112 9.9982E-005 9.9982E-005
9.9991E-005 0.0674629 0.209472 0.594931 0.0117979 0.0235905 0.092646
0.203559 0.00460914 0.21677 0.380232 0.0283699 0.166361 9.9991E-005
9.9973E-005 9.9973E-005 0.18482 0.758465 0.0107183 0.0456969 9.9973E-005
9.9964E-005 9.9964E-005 0.336712 0.599559 0.063329 9.9964E-005 9.9964E-005
0.0342559 0.102156 0.20698 0.456159 0.115748 0.0257421 0.0589585
0.196059 0.177585 0.343155 0.0490215 0.0305875 0.15875 0.0448417
0.257191 0.0313402 9.9973E-005 0.683744 0.027425 9.9973E-005 9.9973E-005
9.9991E-005 0.0654028 0.0319033 0.625695 0.0529872 0.120299 0.103612
0.0869471 0.10455 0.19517 0.524074 9.9982E-005 9.9982E-005 0.0890594
9.9982E-005 0.0743552 0.222946 0.314867 0.286072 9.9982E-005 0.101559
9.9982E-005 0.122969 0.30201 0.458775 0.0377662 9.9982E-005 0.0782797
0.282711 0.154695 0.216601 0.212865 0.132927 9.9982E-005 9.9982E-005
9.9973E-005 0.229655 0.0621209 0.636178 0.0717461 9.9973E-005 9.9973E-005
9.9982E-005 0.36884 0.289204 0.287337 0.033452 9.9982E-005 0.0209674
9.9991E-005 0.1257 0.180062 0.349724 0.118913 0.122515 0.102986
9.9991E-005 0.0513941 0.117173 0.381333 0.202901 0.0624173 0.184682
0.206091 0.180421 0.265799 0.136021 0.14077 0.0707973 9.9991E-005
0.0404491 0.179061 9.9982E-005 0.603207 9.9982E-005 0.151739 0.0253437
0.0671498 0.0759746 0.51248 0.292412 9.9991E-005 0.0473681 0.00451593
0.00915743 0.1302 0.197493 0.435747 0.123135 0.065216 0.0390523
9.9973E-005 0.191738 9.9973E-005 0.659692 0.121953 0.0263172 9.9973E-005
9.9973E-005 0.0833856 0.103276 0.55358 0.259459 9.9973E-005 9.9973E-005
0.311231 9.9982E-005 0.187825 0.21794 0.136343 0.146461 9.9982E-005
0.417222 9.9982E-005 0.371564 0.165639 0.036379 9.9982E-005 0.00899585
9.9964E-005 0.00186399 9.9964E-005 0.953014 0.0447224 9.9964E-005 9.9964E-005
0.000235598 0.259463 9.9982E-005 0.566399 0.107965 9.9982E-005 0.0657382
9.9982E-005 9.9982E-005 0.129498 0.600071 0.158587 0.0733657 0.038278
9.9991E-005 0.134911 0.389321 0.316438 0.0736033 0.0538126 0.0318139
0.210493 0.191086 0.358846 0.222835 9.9982E-005 0.0165389 9.9982E-005
0.177974 0.0571321 0.259614 0.243394 0.149757 0.112029 9.9991E-005
9.9991E-005 0.227214 0.24741 0.285726 0.116531 0.0598092 0.0632091
0.489779 0.269607 0.0734052 0.0817082 0.060146 0.0252549 9.9991E-005
0.139058 0.0591024 0.243278 0.465181 0.0931799 9.9982E-005 9.9982E-005
0.0174784 0.154008 0.480498 0.160876 0.0879382 9.9991E-005 0.0991011
0.651549 9.9964E-005 0.234601 9.9964E-005 9.9964E-005 0.11345 9.9964E-005
9.9982E-005 0.114413 0.52534 0.159121 0.169663 9.9982E-005 0.0312633
0.0533112 0.172189 0.153332 0.40805 0.133313 0.0797041 9.9991E-005
0.0361845 0.0631487 0.117532 0.711233 0.0717015 9.9982E-005 9.9982E-005
9.9973E-005 0.17419 9.9973E-005 0.544028 0.205299 0.0761828 9.9973E-005
9.9991E-005 0.217966 0.331959 0.178034 0.0628754 0.119368 0.089698
9.9973E-005 0.165043 0.268237 0.39845 0.167969 9.9973E-005 9.9973E-005
9.9982E-005 0.0790192 0.0765556 0.693858 0.0803533 0.0700136 9.9982E-005
9.9973E-005 0.199949 0.0455715 0.641286 9.9973E-005 0.112893 9.9973E-005
0.14639 0.218776 0.195171 0.252017 0.168115 0.0194313 9.9991E-005
9.9982E-005 0.0968188 0.0999777 0.527187 0.159384 0.116432 9.9982E-005
9.9973E-005 0.174758 0.118667 0.633981 9.9973E-005 0.0722941 9.9973E-005
9.99551E-005 0.0758072 0.923693 9.99551E-005 9.99551E-005 9.99551E-005 9.99551E-005
9.9982E-005 0.0736924 0.166137 0.41537 0.132227 0.212374 9.9982E-005
9.9973E-005 0.191084 0.191106 0.454365 0.163145 9.9973E-005 9.9973E-005
0.351747 0.0259602 0.0587548 0.477726 0.056355 9.9991E-005 0.0293575
0.293977 0.0625655 0.132191 0.366795 9.9982E-005 0.144271 9.9982E-005
9.9973E-005 9.9973E-005 0.21687 0.742948 0.0170292 0.0228525 9.9973E-005
0.540185 9.9973E-005 0.114237 0.241058 0.10422 9.9973E-005 9.9973E-005
9.9991E-005 0.0447047 0.375598 0.389733 0.116404 0.0725127 0.000947744
0.195079 9.9964E-005 0.448815 0.355707 9.9964E-005 9.9964E-005 9.9964E-005
0.0632574 0.058437 0.00371245 0.632789 0.0737658 0.109187 0.0588514
9.9973E-005 0.0277558 0.658948 9.9973E-005 0.0133265 0.29967 9.9973E-005
0.205169 0.0730172 0.349085 0.178887 9.9991E-005 0.0147189 0.179022
0.467387 0.30169 0.111762 0.015593 0.103369 9.9982E-005 9.9982E-005
0.00206864 9.9982E-005 0.327369 0.526788 0.128498 0.0150756 9.9982E-005
9.9982E-005 0.11095 0.168112 0.581047 0.00789994 0.13179 9.9982E-005
0.325694 0.130497 0.196383 0.344871 9.9982E-005 0.00235483 9.9982E-005
9.9982E-005 0.0210855 0.239911 0.364663 0.198362 0.175778 9.9982E-005
0.0516064 0.0860223 0.117553 0.674908 9.9982E-005 9.9982E-005 0.0697107
0.834186 9.9964E-005 9.9964E-005 9.9964E-005 0.133035 0.0323791 9.9964E-005
9.9982E-005 0.117809 0.162449 0.536763 0.0990845 0.0836945 9.9982E-005
9.9982E-005 0.0638737 0.274005 0.551448 0.0491919 9.9982E-005 0.0612815
9.9973E-005 9.9973E-005 0.139079 0.643701 0.0615045 0.155415 9.9973E-005
0.0303702 0.104581 0.188847 0.480788 0.0439412 0.151372 9.9991E-005
9.9982E-005 0.0788345 0.257512 0.484932 0.12082 0.0577018 9.9982E-005
9.9982E-005 0.0932056 0.177962 0.57858 0.128174 0.0218792 9.9982E-005
0.0220794 0.0663471 0.100374 0.766612 0.0272768 9.9991E-005 0.017211
0.0773158 9.9982E-005 0.261177 0.542457 0.11088 0.00796992 9.9982E-005
0.474934 9.9982E-005 0.221179 0.079722 0.166858 0.0571066 9.9982E-005
9.9982E-005 0.127952 0.23522 0.530674 0.0376249 0.0683292 9.9982E-005
9.9973E-005 0.133659 0.0425786 0.700425 0.123037 9.9973E-005 9.9973E-005
0.108129 0.132684 0.267762 0.220283 0.195875 0.0751667 9.9991E-005
0.338753 0.118555 0.153659 0.26942 0.0405943 0.0789187 9.9991E-005
9.9973E-005 0.265791 9.9973E-005 0.627803 0.0229005 9.9973E-005 0.0832053
0.166862 0.00162656 0.386069 0.437492 9.9982E-005 0.00775089 9.9982E-005
0.0152506 0.0471701 0.0502843 0.630638 0.137219 0.119338 9.9991E-005
0.271448 9.9982E-005 0.312841 0.289655 0.00612004 0.119735 9.9982E-005
0.0922093 0.110558 0.339048 0.313039 0.0259158 0.0797962 0.0394343
0.376086 0.121934 0.310517 0.121079 0.0346273 0.0356563 9.9991E-005
0.272792 9.9973E-005 9.9973E-005 0.552613 0.0195296 0.154765 9.9973E-005
9.9991E-005 0.217351 0.341977 0.241462 0.0932946 0.0751697 0.0306457
0.199072 0.0113963 0.171556 0.380587 0.210027 0.027261 9.9991E-005
9.9982E-005 0.12689 0.255795 0.37656 0.144566 0.0959891 9.9982E-005
0.0694197 0.139856 0.138147 0.556093 9.9982E-005 0.0962843 9.9982E-005
9.9982E-005 0.287935 0.397608 0.222132 0.0658412 0.0262843 9.9982E-005
0.216269 0.151047 0.226108 0.335994 9.9982E-005 0.0703821 9.9982E-005
9.9964E-005 0.156473 0.551481 0.291646 9.9964E-005 9.9964E-005 9.9964E-005
9.9982E-005 0.12798 0.238484 0.385938 0.24192 9.9982E-005 0.00547759
9.9982E-005 0.168495 0.0476017 0.628659 9.9982E-005 0.039902 0.115143
0.473723 9.9973E-005 0.255588 0.131 0.139389 9.9973E-005 9.9973E-005
0.896718 9.9964E-005 9.9964E-005 0.0102614 9.9964E-005 9.9964E-005 0.0926209
0.120319 0.0560406 0.134265 0.527269 9.9991E-005 0.0530243 0.108982
0.0346233 9.9973E-005 0.25331 0.430257 0.28151 9.9973E-005 9.9973E-005
0.00398352 0.127771 0.558015 0.126714 0.0955058 9.9991E-005 0.0879109
0.0557051 9.9973E-005 0.570045 0.205226 0.168723 9.9973E-005 9.9973E-005
0.261069 0.0385177 0.152044 0.431207 9.9982E-005 9.9982E-005 0.116962
0.0839559 0.0866922 9.9982E-005 0.599206 0.0123027 0.217643 9.9982E-005
9.9982E-005 0.153563 0.145862 0.500648 0.124057 0.0756703 9.9982E-005
9.9982E-005 0.046712 0.234461 0.486062 0.16099 9.9982E-005 0.0715751
0.028654 0.185598 0.0191468 0.581237 0.0413442 0.0529502 0.0910703
9.9964E-005 9.9964E-005 9.9964E-005 0.807648 0.0696043 9.9964E-005 0.122348
0.0211803 0.068686 0.125705 0.693165 9.9982E-005 0.0910638 9.9982E-005
9.9982E-005 0.0628176 0.235896 0.547678 0.135116 0.0182925 9.9982E-005
9.9973E-005 0.356012 0.354866 0.138472 9.9973E-005 0.150351 9.9973E-005
9.9982E-005 0.0640352 0.188171 0.554745 9.9982E-005 0.0222559 0.170592
0.0841175 0.152711 0.0474576 0.477676 0.0738277 0.16411 9.9991E-005
0.0162106 0.157462 0.132828 0.506825 0.0917097 0.0627439 0.0322212
9.9982E-005 0.0430593 0.402065 0.468466 0.0114034 9.9982E-005 0.0748056
0.205058 0.0936001 9.9991E-005 0.546327 0.0707091 0.0511845 0.0330219
0.501192 0.111866 9.9991E-005 0.176435 0.0708375 0.118732 0.0208369
0.326771 0.0653038 0.217489 0.133293 0.142451 0.114592 9.9991E-005
0.783971 9.9964E-005 9.9964E-005 0.192808 0.0228208 9.9964E-005 9.9964E-005
9.9973E-005 0.100078 0.163001 0.712221 9.9973E-005 0.0243999 9.9973E-005
0.738809 0.0432233 0.0391128 0.119968 0.0586869 9.9982E-005 9.9982E-005
0.622045 0.0634971 0.161487 9.9973E-005 9.9973E-005 0.152671 9.9973E-005
9.9973E-005 9.9973E-005 0.298657 0.370384 0.189797 0.140862 9.9973E-005
0.0133217 0.00524768 0.0341254 0.62233 0.0971786 0.183654 0.0441425
9.9991E-005 0.174974 0.0934815 0.464652 0.199974 0.0621519 0.00466647
0.685403 9.9991E-005 0.162456 0.109678 0.00312748 0.00527591 0.0339599
0.0016394 0.130701 0.137913 0.662746 9.9991E-005 0.0582915 0.00860985
0.340472 9.9982E-005 0.394767 0.054707 0.157149 0.0527046 9.9982E-005
0.0580922 0.265543 9.9982E-005 0.515202 0.0502908 0.110672 9.9982E-005
0.784738 0.0859328 0.0393652 9.9982E-005 0.0809474 9.9982E-005 0.00881682
0.112134 0.0874492 0.250631 0.359127 0.00637317 0.106898 0.0773868
9.9964E-005 0.0648128 0.155869 0.778919 9.9964E-005 9.9964E-005 9.9964E-005
9.9973E-005 0.0986597 9.9973E-005 0.812152 0.027904 0.0609846 9.9973E-005
9.9982E-005 0.168792 0.217618 0.517368 0.0483342 0.0476875 9.9982E-005
0.652308 9.9964E-005 9.9964E-005 0.230271 9.9964E-005 0.117022 9.9964E-005
0.140763 0.113217 0.34973 0.353933 9.9982E-005 0.0421569 9.9982E-005
0.320562 0.170295 0.21138 0.205804 9.9991E-005 0.00739936 0.0844602
9.9991E-005 0.181407 0.195029 0.421155 0.0243949 0.106047 0.0718676
0.713653 0.0216255 0.129838 0.0563976 9.9982E-005 9.9982E-005 0.0782854
0.0561369 9.9991E-005 0.251578 0.281787 0.192831 0.041056 0.176511
0.212081 9.9982E-005 0.494938 0.148357 0.130904 9.9982E-005 0.0135209
9.9982E-005 0.156369 0.180994 0.439548 0.121489 9.9982E-005 0.101401
0.134216 0.0263744 0.46438 0.195683 0.0607542 0.118492 9.9991E-005
0.491671 0.0754476 0.193341 0.140844 0.0417416 0.0568541 9.9991E-005
9.9991E-005 0.21951 0.0814617 0.414256 0.112244 0.156067 0.0163613
9.9973E-005 0.163683 0.190924 0.489258 9.9973E-005 0.155836 9.9973E-005
9.9982E-005 0.198927 0.170989 0.442268 0.159814 0.0278019 9.9982E-005
9.9991E-005 0.106075 0.0686983 0.473179 0.269954 0.0367086 0.0452852
0.263706 0.126294 0.414902 9.9973E-005 9.9973E-005 0.194798 9.9973E-005
9.9973E-005 0.0178927 0.336705 0.410831 0.234271 9.9973E-005 9.9973E-005
0.0197008 0.0496319 0.0256518 0.731501 0.0658576 0.107557 9.9991E-005
0.0339013 0.0727067 0.101126 0.723783 0.00984312 0.0585395 9.9991E-005
0.418371 0.0469002 0.247788 0.107544 9.9982E-005 0.179196 9.9982E-005
0.192911 0.210619 0.331957 0.120571 0.0569863 0.0868552 9.9991E-005
0.0529386 0.0935677 0.0143381 0.633859 0.195445 0.00975172 9.9991E-005
0.0358082 0.140719 0.454178 9.9973E-005 0.368995 9.9973E-005 9.9973E-005
0.152389 0.0701806 0.265155 0.16521 0.177635 0.169331 9.9991E-005
9.9982E-005 0.092974 0.311821 0.25953 0.157332 0.178144 9.9982E-005
0.313561 0.0209114 0.407543 0.0770921 9.9982E-005 0.180692 9.9982E-005
9.9982E-005 0.18226 0.528394 0.240138 0.0145797 9.9982E-005 0.0344274
0.382011 9.9982E-005 0.296556 0.248177 0.0253981 0.0476576 9.9982E-005
9.9973E-005 0.059923 9.9973E-005 0.758826 0.0375563 0.143395 9.9973E-005
9.9982E-005 0.145511 0.0608388 0.737455 9.9982E-005 0.0103093 0.0456859
9.9991E-005 0.0143285 0.297773 0.539965 0.124337 0.0140439 0.00945247
9.9973E-005 0.211523 0.0157983 0.708908 9.9973E-005 0.0634713 9.9973E-005
9.9982E-005 0.175288 0.11651 0.447242 0.0556202 0.205141 9.9982E-005
9.9982E-005 0.204762 0.146193 0.447043 0.131174 0.0706286 9.9982E-005
0.153813 9.9982E-005 0.421276 0.276559 0.121625 0.0265264 9.9982E-005
9.9982E-005 0.073767 0.549286 0.256362 0.0691805 0.0512049 9.9982E-005
9.9973E-005 0.0486379 0.127822 0.710451 0.112789 9.9973E-005 9.9973E-005
0.0106231 0.056858 0.122759 0.753432 0.00475534 0.0514732 9.9991E-005
0.0109827 0.0270341 0.309902 0.385955 0.0769854 0.18904 9.9991E-005
0.186198 9.9982E-005 0.55987 0.0397606 0.113967 9.9982E-005 0.100004
9.9991E-005 0.258604 0.0964788 0.334639 0.143358 0.102226 0.0645943
0.0128566 0.0348969 0.0864604 0.61474 0.0512927 0.132226 0.0675264
0.70942 0.0596486 9.9973E-005 0.164316 9.9973E-005 0.0663157 9.9973E-005
0.623207 0.181307 9.9964E-005 0.195086 9.9964E-005 9.9964E-005 9.9964E-005
9.9982E-005 0.188165 0.0383223 0.52615 0.10767 0.139493 9.9982E-005
0.0243899 0.0305415 9.9991E-005 0.478831 0.116942 0.0834739 0.265721
9.9973E-005 9.9973E-005 0.165292 9.9973E-005 0.24179 0.289451 0.303167
9.9991E-005 0.0580114 0.140075 0.134356 0.25513 0.192083 0.220245
9.9982E-005 0.147703 0.11602 0.61063 9.9982E-005 0.0384432 0.0870031
9.9982E-005 0.0878217 9.9982E-005 0.191177 0.249665 0.122079 0.349057
0.0284071 0.14434 9.9991E-005 0.182907 0.120636 0.222056 0.301553
0.0114862 0.0219157 0.159544 0.28467 9.9982E-005 9.9982E-005 0.522184
0.0263416 0.099273 9.9991E-005 0.105468 0.306052 0.0825315 0.380234
9.9982E-005 0.0332957 9.9982E-005 0.195896 0.368172 0.0126633 0.389773
9.9991E-005 0.116246 0.075846 0.364811 0.16757 0.1603 0.115126
9.9991E-005 0.119994 0.222292 0.117549 0.181266 0.223059 0.13574
9.9991E-005 0.116689 0.111691 0.160829 0.124259 0.107316 0.379116
9.9991E-005 0.0366634 0.0577522 0.515118 0.198018 0.0726006 0.119747
9.9982E-005 0.163741 9.9982E-005 0.197396 0.348215 0.0853917 0.205056
0.00174693 0.115443 9.9991E-005 0.242515 0.245488 0.0523026 0.342404
9.9973E-005 9.9973E-005 0.189888 9.9973E-005 0.244968 0.125642 0.439201
9.9982E-005 0.16722 0.00405424 0.321512 9.9982E-005 0.229776 0.277238
9.9982E-005 9.9982E-005 0.240942 0.30128 0.0242938 0.207101 0.226183
0.736004 0.0523393 0.0824519 0.0245543 9.9991E-005 0.0159908 0.0885592
0.00231773 0.28859 9.9982E-005 0.337938 9.9982E-005 0.0412263 0.329728
9.9991E-005 0.11412 0.127197 0.196383 0.207542 0.108507 0.246151
0.137898 0.05169 0.177943 0.394926 0.0213468 0.138076 0.0781205
0.0299655 0.0451661 9.9991E-005 0.108716 0.140574 0.207523 0.467956
9.9973E-005 0.275246 9.9973E-005 9.9973E-005 0.191957 0.138011 0.394486
0.00225146 0.303621 0.305773 0.159397 9.9991E-005 0.0542485 0.17461
9.9982E-005 0.0616157 9.9982E-005 0.219897 0.181904 0.19762 0.338764
9.9982E-005 9.9982E-005 0.084008 0.332239 0.144126 0.170561 0.268867
9.9991E-005 0.0438963 0.152797 0.194638 0.19952 0.169494 0.239554
0.0297339 0.0531609 0.0650103 0.0838464 0.0822001 0.193205 0.492843
0.0539218 0.146542 9.9982E-005 9.9982E-005 0.256755 0.161295 0.381287
9.9982E-005 0.073063 0.0313679 0.0423125 9.9982E-005 0.444521 0.408536
9.995E-005 9.995E-005 9.995E-005 9.995E-005 9.995E-005 0.9994 9.995E-005
9.9982E-005 0.0352498 9.9982E-005 0.158987 0.395143 0.127408 0.283012
9.9982E-005 0.0558404 9.9982E-005 0.352366 0.0513749 0.0915291 0.44869
0.0444463 0.10604 0.203171 9.9991E-005 0.0624063 0.064639 0.519197
0.0127309 0.0962339 0.0966974 0.0873631 0.227607 0.076618 0.402749
0.0856054 0.0920258 0.0442834 0.0222103 0.207309 0.078768 0.469798
0.00714108 0.119606 0.0169695 0.503109 0.140513 0.172103 0.0405584
9.9982E-005 0.157487 9.9982E-005 0.107825 0.300111 0.0507574 0.38362
0.0137699 0.0328905 0.0488418 0.280605 0.204984 0.120646 0.298262
0.00469873 0.0126306 0.123115 0.232661 0.262211 0.0859994 0.278684
9.9991E-005 0.0890117 0.150632 0.174029 0.0890931 0.134183 0.362951
9.9955E-005 9.9955E-005 9.9955E-005 9.9955E-005 9.9955E-005 0.993127 0.00637278
0.0019049 0.124181 0.121428 0.534974 9.9991E-005 0.0835825 0.13383
0.012799 9.9982E-005 9.9982E-005 0.23893 0.0688742 0.241719 0.437478
0.230048 9.9982E-005 0.425417 0.130033 9.9982E-005 0.133247 0.0810552
9.9982E-005 0.121951 0.0553353 0.358902 0.221967 0.241645 9.9982E-005
9.9982E-005 0.126239 0.230038 0.461544 0.0942405 9.9982E-005 0.0877387
0.0525399 0.235981 9.9991E-005 0.127395 0.0858488 0.0751437 0.422991
0.010168 0.118099 0.0102983 0.26011 0.151018 0.0894402 0.360866
0.0341136 0.124261 9.9991E-005 0.162765 0.195712 0.0901242 0.392925
9.9982E-005 9.9982E-005 0.150529 0.257304 0.0956065 0.135277 0.361084
0.0268798 0.0179224 0.129204 0.227315 0.222063 0.0874722 0.289143
0.017224 9.9982E-005 9.9982E-005 0.232784 0.263287 0.0903365 0.396169
9.9991E-005 0.103101 0.064536 0.388683 0.021622 0.0272392 0.394719
9.9991E-005 0.0628231 0.0449457 0.029756 0.0904526 0.397167 0.374756
9.9991E-005 0.0926078 0.0136292 0.268825 0.0522994 0.279861 0.292678
9.9955E-005 9.9955E-005 0.096031 9.9955E-005 9.9955E-005 0.903469 9.9955E-005
9.9982E-005 9.9982E-005 0.0198344 0.204142 0.0292339 0.132542 0.614047
0.0365153 0.0582147 9.9991E-005 0.2129 0.076333 0.134815 0.481122
0.060934 0.148462 9.9991E-005 0.0773243 0.136226 0.197638 0.379316
9.9982E-005 0.236683 0.0236443 0.0786018 0.24992 9.9982E-005 0.410952
0.0241919 0.0874444 0.140542 0.492657 0.0325174 0.0936792 0.128968
9.9991E-005 0.0393404 0.0154059 0.234607 0.0910087 0.319335 0.300202
0.104707 9.9973E-005 0.385118 0.451277 9.9973E-005 9.9973E-005 0.0585979
0.0109305 0.00446981 9.9991E-005 0.320379 0.310107 0.048447 0.305567
0.086889 0.0798129 0.050997 0.105377 0.143487 0.103792 0.429645
0.0925774 0.0290105 0.263754 0.41418 9.9991E-005 0.16787 0.0325078
0.0343027 0.0908294 9.9991E-005 0.156124 0.28083 0.183821 0.253992
9.9982E-005 9.9982E-005 0.192046 0.139012 0.0663587 0.156167 0.446217
9.9955E-005 9.9955E-005 9.9955E-005 9.9955E-005 9.9955E-005 0.961377 0.0381228
0.000458996 0.0406771 0.0477908 0.255992 0.167346 0.0255648 0.462171
9.9991E-005 0.103013 0.063507 0.262031 0.147853 0.186134 0.237363
0.0168198 0.00997139 0.00151496 0.241328 0.237019 0.0387935 0.454553
9.9991E-005 0.0116342 0.0786162 0.145801 0.101376 0.166103 0.49637
0.0109998 0.0967041 9.9991E-005 0.301497 0.0670149 0.142742 0.380943
9.9991E-005 0.214894 0.049577 0.416716 0.041613 0.157598 0.119502
9.9991E-005 0.128974 0.232716 0.0450589 0.109454 0.134901 0.348795
9.9991E-005 0.0163857 0.142389 0.318455 0.149105 0.104858 0.268707
0.710832 9.9973E-005 0.239871 9.9973E-005 0.0316772 0.0173201 9.9973E-005
9.9982E-005 9.9982E-005 0.0304048 0.402147 0.0704974 0.155571 0.341179
0.104519 0.130872 0.0681342 0.552001 0.00928056 0.0351726 0.100021
9.9991E-005 0.112291 0.14408 0.0203765 0.196869 0.111488 0.414795
9.9982E-005 0.307595 0.0958677 0.227477 9.9982E-005 0.035157 0.333703
9.9991E-005 0.107556 0.0299952 0.458131 0.13967 0.0151226 0.249425
9.9982E-005 0.108924 9.9982E-005 0.590221 0.0516922 0.169204 0.0797585
9.9982E-005 9.9982E-005 0.068742 0.217908 0.202335 0.266478 0.244337
9.9973E-005 9.9973E-005 9.9973E-005 0.295987 0.302264 0.0553145 0.346135
9.9982E-005 9.9982E-005 0.0440408 0.242221 0.151797 0.107906 0.453835
0.0350663 9.9982E-005 9.9982E-005 0.220571 0.110643 0.38357 0.24995
0.0590333 0.302496 0.0397847 0.318291 0.135537 0.100165 0.0446926
9.9991E-005 0.0729681 0.0109993 0.203407 0.11286 0.294746 0.30492
9.9991E-005 0.0379151 0.27359 0.0833991 0.0702171 0.238774 0.296005
9.9982E-005 9.9982E-005 0.16343 0.166891 0.220947 0.204591 0.243941
0.0177572 0.0459165 0.185687 0.627934 0.0766073 0.045998 9.9991E-005
9.9982E-005 9.9982E-005 0.102049 0.074811 0.18865 0.219078 0.415213
9.9982E-005 0.0985868 0.29006 9.9982E-005 0.127137 0.0224973 0.461519
9.9982E-005 0.220373 9.9982E-005 0.160614 0.0736735 0.360692 0.184448
9.9991E-005 0.0825442 0.00413964 0.26513 0.370001 0.028086 0.249999
9.9982E-005 0.110339 0.391576 0.310566 0.169882 0.0174375 9.9982E-005
0.852509 9.9973E-005 0.0377986 9.9973E-005 0.0959461 0.013446 9.9973E-005
9.9991E-005 0.00559203 0.187619 0.130646 0.147766 0.229183 0.299094
9.9982E-005 0.0274948 9.9982E-005 0.254564 0.396591 0.20279 0.11836
9.9982E-005 0.194037 9.9982E-005 0.259162 0.00477178 0.306055 0.235775
0.0099032 0.182741 9.9991E-005 0.240099 0.102106 0.103791 0.36126
0.0362085 0.00947108 9.9991E-005 0.122533 0.161894 0.13273 0.537063
9.9973E-005 9.9973E-005 0.144695 0.212966 9.9973E-005 0.263422 0.378616
0.00449642 9.9991E-005 0.0329818 0.182073 0.13224 0.0792684 0.56884
0.0439302 9.9973E-005 9.9973E-005 0.199365 9.9973E-005 0.302838 0.453567
0.055427 9.9991E-005 0.0605394 0.20231 0.135279 0.00623149 0.540113
9.9991E-005 0.0710791 0.00149951 0.343533 0.120077 0.258141 0.205571
9.9991E-005 0.20298 0.206072 0.433345 0.017927 0.127737 0.011839
9.9982E-005 0.0655362 9.9982E-005 0.123913 0.18793 0.208792 0.413628
9.9982E-005 0.0978087 9.9982E-005 0.258549 0.121297 0.27218 0.249965
0.00934781 0.204928 0.0082043 0.668202 0.00304976 0.0898424 0.0164256
0.0497335 0.172293 0.100158 9.9991E-005 0.154767 0.107046 0.415902
9.9982E-005 0.16544 0.234717 0.430224 0.16571 0.00370878 9.9982E-005
0.0377035 0.236738 9.9991E-005 0.266132 0.0193666 0.185364 0.254596
9.9991E-005 0.0926438 0.00213156 0.253638 0.201555 0.0418615 0.40807
9.9982E-005 0.0416075 0.242166 0.404218 9.9982E-005 0.210345 0.101464
9.9991E-005 0.14343 0.19307 0.13922 0.0708673 0.0523091 0.401004
0.0499295 0.210986 0.0591781 0.252301 0.0477495 9.9991E-005 0.379756
9.9955E-005 9.9955E-005 9.9955E-005 9.9955E-005 0.973784 9.9955E-005 0.0257164
0.303652 9.9955E-005 9.9955E-005 9.9955E-005 0.695849 9.9955E-005 9.9955E-005
0.028115 0.104174 9.9991E-005 0.20694 0.223295 0.0265644 0.410811
9.9982E-005 0.0125316 9.9982E-005 0.279303 0.290184 0.19864 0.219142
9.9991E-005 0.151356 0.0380834 0.114803 0.197514 0.0626308 0.435513
0.0638493 9.9991E-005 0.0641154 0.23783 0.121068 0.0771449 0.435893
9.9982E-005 0.178956 9.9982E-005 0.116925 0.149952 0.259132 0.294834
9.9991E-005 0.049258 0.0636369 0.129449 0.0868686 0.310629 0.360059
9.9982E-005 0.328319 9.9982E-005 0.14965 0.00933748 0.250848 0.261645
9.9973E-005 0.0892995 0.190831 0.682912 9.9973E-005 0.0366577 9.9973E-005
0.0442065 0.0363149 0.147983 9.9991E-005 0.327405 0.218375 0.225616
0.0301183 0.15187 9.9991E-005 0.165995 0.0820302 0.103191 0.466696
9.9973E-005 9.9973E-005 9.9973E-005 0.0323227 0.288465 0.236118 0.442795
9.9991E-005 0.210615 0.123845 0.054858 0.00216156 0.189584 0.418837
9.9973E-005 9.9973E-005 0.0503468 0.166236 0.529532 9.9973E-005 0.253585
0.0280807 0.119598 0.03811 0.400531 0.156861 0.00857309 0.248246
9.9982E-005 0.14674 9.9982E-005 0.461988 0.00191264 0.260102 0.129058
9.9991E-005 0.0204017 0.33986 0.0514069 0.231736 0.103693 0.252802
9.9982E-005 9.9982E-005 0.0943079 0.207171 0.306235 0.0734557 0.31863
9.9973E-005 9.9973E-005 0.361044 9.9973E-005 0.107658 0.08113 0.449868
0.0616094 0.00329987 0.0979049 0.491789 0.30823 0.0370669 9.9991E-005
9.9973E-005 9.9973E-005 9.9973E-005 0.484541 0.18626 0.207398 0.1215
9.9973E-005 9.9973E-005 0.182273 9.9973E-005 0.250526 0.0642031 0.502698
0.046439 0.168045 0.00224567 0.155677 9.9991E-005 0.145855 0.481639
0.0290653 0.0995647 0.026019 0.148488 0.411244 0.0173869 0.268232
9.9982E-005 0.0753584 9.9982E-005 0.0770172 0.25773 0.0748346 0.51486
9.9991E-005 0.20548 0.188088 0.0587524 0.0950923 0.143944 0.308544
9.9973E-005 9.9973E-005 0.208164 0.568015 0.179949 0.043571 9.9973E-005
0.0523917 0.114378 0.118441 0.391352 0.107122 0.216216 9.9991E-005
0.029566 0.134001 0.066843 0.240259 0.0321241 0.0530405 0.444166
9.9991E-005 0.113886 0.0528687 0.0738471 0.138482 0.34335 0.277466
9.9973E-005 9.9973E-005 9.9973E-005 0.324459 0.251494 0.051391 0.372356
9.9991E-005 0.142893 0.0349802 0.198877 0.267452 0.225835 0.129862
0.0120985 0.133097 9.9991E-005 0.0773513 0.158292 0.270185 0.348876
9.9973E-005 9.9973E-005 0.259173 9.9973E-005 0.0936814 0.176307 0.470539
0.178582 9.9982E-005 0.429371 0.193269 0.069338 9.9982E-005 0.12924
0.0242959 0.0406597 9.9991E-005 0.321557 0.240414 0.0488887 0.324084
9.9991E-005 0.00798673 0.174326 0.186341 0.101938 0.280366 0.248943
0.203025 0.12945 0.403873 0.0944416 0.0203795 9.9991E-005 0.148731
0.156045 9.9982E-005 0.362483 0.451948 9.9982E-005 0.0211139 0.00821029
9.9982E-005 9.9982E-005 0.00849793 0.141094 0.246922 0.175984 0.427302
0.0505964 0.0885536 0.04537 0.181299 0.311772 0.0668417 0.255567
9.9991E-005 0.0362774 0.0018918 0.0807319 0.258874 0.300875 0.32125
0.0233875 0.0443849 0.0263495 0.715277 0.100675 0.00399095 0.0859354
9.9991E-005 0.109137 0.0641273 0.279048 0.141345 0.0467461 0.359497
0.0169611 0.187076 9.9991E-005 0.149943 0.213221 0.163976 0.268723
0.206895 9.9982E-005 0.469293 0.147731 0.0530128 9.9982E-005 0.122868
9.9982E-005 9.9982E-005 0.0978957 0.106693 0.200929 0.351003 0.243279
0.00752985 0.0786267 9.9991E-005 0.160869 0.195626 0.141848 0.4154
9.9982E-005 0.115727 9.9982E-005 0.215493 0.163423 0.278177 0.22698
9.9982E-005 9.9982E-005 0.125727 0.188373 0.20311 0.155628 0.326961
9.9982E-005 9.9982E-005 0.0959468 0.172995 0.106629 0.139406 0.484822
9.9991E-005 0.103816 0.0268857 0.11168 0.175982 0.237115 0.344422
0.0503522 0.089088 9.9991E-005 0.137043 0.0845507 0.322684 0.316182
9.9973E-005 9.9973E-005 9.9973E-005 0.336081 0.30666 0.176885 0.180074
0.0116435 0.0156446 9.9991E-005 0.220739 0.0356998 0.386233 0.329941
9.9991E-005 0.180785 0.0375515 0.167947 0.0513604 0.239334 0.322922
0.549425 0.044802 0.285493 9.9973E-005 9.9973E-005 0.119981 9.9973E-005
9.9982E-005 0.0841562 9.9982E-005 0.0149473 0.395387 0.0864752 0.418834
9.9982E-005 0.0785271 9.9982E-005 0.201577 0.0715564 0.13974 0.508399
9.9982E-005 0.242242 0.236055 0.234843 0.134139 9.9982E-005 0.152521
9.9982E-005 0.107327 9.9982E-005 0.0499305 0.24494 0.206811 0.390791
9.9982E-005 9.9982E-005 0.166214 0.254038 0.132993 0.169161 0.277394
9.9982E-005 9.9982E-005 0.181589 0.0374063 0.245721 0.124139 0.410945
0.0187326 0.138352 0.319548 0.125731 0.123779 0.246501 0.0273571
9.9991E-005 0.111186 0.0638086 0.0844509 0.31463 0.0846689 0.341156
0.041359 0.0634407 9.9991E-005 0.204705 0.0629837 0.191537 0.435874
0.0476327 0.0607735 0.161108 0.0419481 0.229322 0.133859 0.325356
9.9991E-005 0.104237 0.0998782 0.143804 0.132442 0.144442 0.375096
9.9991E-005 0.0672363 0.153962 0.336675 0.0197399 0.0808223 0.341464
0.950056 0.0141271 9.9982E-005 0.00229377 9.9982E-005 0.00556281 0.0277605
9.9991E-005 0.017862 0.126096 0.172768 0.338814 0.0104551 0.333905
9.9991E-005 0.205038 0.0880838 0.283635 0.0768356 0.112535 0.233773
0.00113597 0.15915 9.9991E-005 0.247934 0.128068 0.208222 0.25539
9.9982E-005 0.219432 9.9982E-005 0.0898628 0.0961776 0.113409 0.480919
0.0287758 0.11243 9.9991E-005 0.0116492 0.0165432 0.374688 0.455814
0.0150243 0.223049 9.9991E-005 0.290429 0.07622 0.0512841 0.343894
0.525977 0.113202 0.208588 9.9982E-005 0.0467369 0.105295 9.9982E-005
9.9973E-005 9.9973E-005 0.026159 0.290003 0.191423 9.9973E-005 0.492115
9.9973E-005 9.9973E-005 0.218437 0.165832 0.23661 9.9973E-005 0.378821
9.9982E-005 0.123986 9.9982E-005 0.249515 0.20405 0.132595 0.289654
9.9991E-005 0.149758 0.077817 0.122793 0.22967 0.048853 0.371009
9.9982E-005 0.113218 9.9982E-005 0.0878832 0.239057 0.357577 0.202065
9.9991E-005 0.0213197 0.133091 0.0592831 0.145117 0.264259 0.37683
