0.057721 0.00496094 0.603073 0.0359276 9.9991E-005 0.232289 0.0659283
9.9973E-005 9.9973E-005 0.377771 0.197013 0.165422 0.259494 9.9973E-005
9.9982E-005 0.0438898 0.231231 0.327158 9.9982E-005 0.157927 0.239594
9.9982E-005 0.116527 0.518623 0.0903907 0.144459 0.129801 9.9982E-005
9.9982E-005 0.0229412 0.568755 0.298802 0.0956771 0.0136243 9.9982E-005
9.9973E-005 0.830113 9.9973E-005 0.0289047 9.9973E-005 0.00805796 0.132624
0.0637185 0.0290755 0.484537 0.0928611 0.0875047 0.0442158 0.198088
0.0270794 0.8683 0.0543808 9.9973E-005 9.9973E-005 0.0499401 9.9973E-005
9.9973E-005 0.0291199 0.300897 0.42648 9.9973E-005 9.9973E-005 0.243203
9.9991E-005 0.0246901 0.272299 0.219936 0.154226 0.103997 0.224752
9.9982E-005 9.9982E-005 0.51835 0.244458 0.0232125 0.179555 0.0342241
9.999E-005 0.228436 0.360647 0.196842 0.0655096 0.0763106 0.0721555
9.9982E-005 9.9982E-005 0.450135 0.261479 0.127259 0.0815011 0.0794253
9.999E-005 0.0951528 0.353645 0.182864 0.00940899 0.181237 0.177592
9.9973E-005 0.568335 9.9973E-005 0.272742 0.0507426 0.10788 9.9973E-005
9.9973E-005 9.9973E-005 0.242509 0.304391 9.9973E-005 0.301884 0.150916
9.9982E-005 0.16206 0.358071 0.194916 9.9982E-005 0.1532 0.131553
0.0944788 9.9982E-005 0.647111 0.0169303 0.144047 9.9982E-005 0.0972331
9.9982E-005 9.9982E-005 0.209666 0.625465 0.0561259 0.0299254 0.0786177
9.9982E-005 9.9982E-005 0.609025 0.0488629 0.014955 0.275189 0.0517681
9.9964E-005 9.9964E-005 0.525199 0.40486 0.069541 9.9964E-005 9.9964E-005
9.999E-005 0.0813776 0.37534 0.237656 0.0573432 0.215076 0.0331073
0.0212756 9.9982E-005 0.527751 0.153145 9.9982E-005 0.285556 0.0120728
9.9973E-005 0.566937 0.0501537 0.139942 9.9973E-005 0.242667 9.9973E-005
0.106709 9.9991E-005 0.603042 0.108472 0.0654411 0.000351522 0.115885
9.9982E-005 0.650324 0.0347619 0.122708 0.15095 9.9982E-005 0.0410552
0.0289889 0.440901 0.155439 0.245914 9.9991E-005 0.0546756 0.0739809
9.9973E-005 0.319644 0.627317 0.036705 0.016034 9.9973E-005 9.9973E-005
9.9964E-005 0.650612 9.9964E-005 9.9964E-005 9.9964E-005 0.182473 0.166516
9.999E-005 0.128571 0.594029 0.0637419 0.0389284 0.0803073 0.0943222
0.0177722 0.468122 0.0926152 0.092653 9.9991E-005 0.212544 0.116194
9.9982E-005 0.014512 0.370382 0.274349 0.161059 9.9982E-005 0.179498
9.9982E-005 0.141208 0.021918 0.433679 9.9982E-005 0.250652 0.152343
9.9964E-005 0.838309 0.0800727 9.9964E-005 9.9964E-005 9.9964E-005 0.0812186
0.0801537 0.891466 9.9964E-005 9.9964E-005 9.9964E-005 9.9964E-005 0.02798
9.9982E-005 0.110001 0.29867 0.298869 0.0480027 9.9982E-005 0.244258
9.9973E-005 0.153136 0.511114 0.160323 0.175126 9.9973E-005 9.9973E-005
9.9982E-005 9.9982E-005 0.30504 0.48879 0.102479 0.0582943 0.0451968
9.9973E-005 0.677239 9.9973E-005 9.9973E-005 0.197673 0.0869878 0.0378001
0.0573943 0.400211 0.140873 0.112941 0.00545374 0.0611777 0.221949
0.0913742 0.178992 0.0903751 0.4451 0.0657793 0.128279 9.9991E-005
9.9964E-005 9.9964E-005 0.404301 0.549139 9.9964E-005 0.0461606 9.9964E-005
9.9982E-005 0.137242 0.589747 0.159336 0.0567345 0.05674 9.9982E-005
0.0551902 0.590576 0.126275 0.130047 0.0977124 9.9982E-005 9.9982E-005
0.0534692 9.9991E-005 0.245295 0.258943 0.0802623 0.145214 0.216717
0.0243136 9.9991E-005 0.283615 0.213456 0.172525 0.210705 0.0952844
9.999E-005 0.0732134 0.418146 0.132797 0.0895936 0.103728 0.182422
9.999E-005 0.0882395 0.124197 0.387108 0.0403874 0.10281 0.257157
9.9982E-005 9.9982E-005 0.106652 0.495144 0.0714805 0.118465 0.208059
9.9964E-005 0.461108 9.9964E-005 0.450269 9.9964E-005 0.088223 9.9964E-005
0.0507246 9.9991E-005 0.453178 0.146841 0.0060078 0.106111 0.237036
0.0316749 0.407794 0.232228 9.9991E-005 0.0130921 0.152376 0.162735
0.0694448 0.0467864 0.290217 0.192605 0.165006 0.121265 0.114676
9.9982E-005 0.857503 9.9982E-005 0.0386872 0.0660214 0.0252861 0.0123027
9.9982E-005 0.390808 0.0174266 0.299151 9.9982E-005 0.0364061 0.256008
9.9973E-005 9.9973E-005 0.689973 0.000173354 9.9973E-005 0.110488 0.199066
0.00638624 9.9973E-005 0.561158 9.9973E-005 9.9973E-005 0.229906 0.202249
9.9982E-005 0.113654 0.384543 0.26162 9.9982E-005 0.132652 0.107331
9.9973E-005 0.225846 0.13926 0.266673 9.9973E-005 0.367922 9.9973E-005
9.9973E-005 0.363351 0.47421 0.098725 9.9973E-005 9.9973E-005 0.0634148
0.013231 0.80426 9.9973E-005 9.9973E-005 9.9973E-005 0.0658258 0.116383
9.9973E-005 0.829299 9.9973E-005 0.0549812 0.037508 9.9973E-005 0.0779116
0.107352 0.0224042 0.616854 0.217334 9.9982E-005 9.9982E-005 0.0358554
9.9955E-005 0.938844 9.9955E-005 9.9955E-005 9.9955E-005 0.060656 9.9955E-005
9.9982E-005 0.0283515 0.32969 0.304293 9.9982E-005 0.100957 0.236509
9.9973E-005 0.842743 9.9973E-005 0.0348723 0.121679 9.9973E-005 0.000405818
0.0240054 9.9991E-005 0.665706 0.131221 0.126499 0.000422518 0.0520455
0.0427402 0.187982 0.277254 0.190079 0.0905581 0.17161 0.0397772
0.0593492 9.9982E-005 0.359821 0.235416 9.9982E-005 0.278007 0.0672061
0.00583599 0.798029 9.9973E-005 0.080041 9.9973E-005 0.115795 9.9973E-005
0.0646781 9.9991E-005 0.369979 0.0610642 0.143981 0.272459 0.0877384
9.9991E-005 0.0218121 0.430545 0.280137 0.0534168 0.152333 0.0616558
0.0907254 0.244905 0.308634 0.157993 9.9982E-005 0.197542 9.9982E-005
0.0601765 0.0440367 0.322266 0.177446 0.0983484 0.0949713 0.202755
9.9991E-005 0.0514233 0.487437 0.141052 0.093591 0.152175 0.0742221
9.9982E-005 0.338764 0.368033 0.0324321 9.9982E-005 0.158531 0.102039
9.9982E-005 0.0580956 0.527709 0.102494 0.192403 0.119099 9.9982E-005
0.0694459 0.155691 0.19456 0.009893 0.130975 0.398431 0.0410033
9.9982E-005 0.115455 0.105478 0.378053 9.9982E-005 0.21708 0.183733
0.0011116 9.9991E-005 0.447102 0.263846 0.032874 0.0788584 0.176108
9.9982E-005 9.9982E-005 0.266066 0.379961 0.1087 0.115362 0.129711
9.9991E-005 0.0440565 0.274705 0.319623 0.0373795 0.0675705 0.256565
9.9991E-005 0.0263973 0.580151 0.019664 0.0838399 0.235897 0.0539509
9.9982E-005 9.9982E-005 0.432951 0.120317 0.244735 0.0840302 0.117767
9.9982E-005 9.9982E-005 0.342207 0.286737 0.12308 0.0706023 0.177173
9.9991E-005 0.0914046 0.205826 0.334056 0.0347415 0.287041 0.0468302
9.9982E-005 0.273459 0.250679 0.422049 0.0505027 0.00310974 9.9982E-005
9.9991E-005 0.160587 0.138607 0.25555 0.021157 0.192287 0.231712
9.99641E-005 0.850841 9.99641E-005 0.0403911 9.99641E-005 0.108368 9.99641E-005
9.9991E-005 0.272425 0.157426 0.218593 0.0627621 0.0166598 0.272034
0.0127976 9.9991E-005 0.022312 0.439292 0.0118044 0.379337 0.134357
9.9982E-005 0.495611 0.0863179 0.252385 0.0333454 0.132141 9.9982E-005
9.9982E-005 0.00227073 0.481048 0.349595 0.0171618 0.149724 9.9982E-005
9.9991E-005 0.246161 0.494944 0.0953056 0.0795152 0.00601987 0.0779551
9.9982E-005 0.45346 0.245657 0.0520758 0.000971498 0.247635 9.9982E-005
9.9964E-005 0.847819 9.9964E-005 9.9964E-005 9.9964E-005 0.101427 0.0503536
9.9991E-005 0.0289831 0.400237 0.277378 0.124131 0.141791 0.0273797
9.9982E-005 9.9982E-005 0.160349 0.345174 0.106862 0.257077 0.130338
9.9982E-005 0.026256 0.397242 0.0510304 0.126722 0.398549 9.9982E-005
9.9973E-005 0.213028 0.526028 0.160983 9.9973E-005 9.9973E-005 0.0996613
0.0701538 0.46043 0.0455677 0.197237 9.9991E-005 0.175959 0.0505523
9.9982E-005 0.030256 0.543108 0.287878 0.0848867 9.9982E-005 0.0536705
9.9982E-005 9.9982E-005 0.272418 0.21697 0.0680214 0.162663 0.279728
0.0239494 9.9991E-005 0.696984 0.0697319 0.0398525 0.169025 0.000357001
0.0115002 9.9991E-005 0.308375 0.321874 0.115308 0.133424 0.109419
9.9973E-005 0.754793 9.9973E-005 0.0977241 0.0392173 0.107966 9.9973E-005
0.00134517 0.488194 0.0328141 0.0842259 0.0748678 0.28438 0.0341733
9.9973E-005 9.9973E-005 0.549336 9.9973E-005 0.0458168 0.238038 0.16651
9.9982E-005 0.00883685 0.435705 0.135254 9.9982E-005 0.231496 0.188509
0.0102084 9.9982E-005 0.642395 0.160876 9.9982E-005 0.0501725 0.136148
0.00972019 0.42548 9.9973E-005 0.510517 9.9973E-005 0.0539829 9.9973E-005
9.9955E-005 0.910376 9.9955E-005 9.9955E-005 9.9955E-005 0.0891237 9.9955E-005
9.9973E-005 0.365763 0.177463 0.430881 9.9973E-005 0.025593 9.9973E-005
0.0222012 9.9973E-005 0.491401 0.269171 9.9973E-005 9.9973E-005 0.216927
9.9973E-005 0.101862 0.627118 9.9973E-005 0.0489851 0.221735 9.9973E-005
9.9973E-005 9.9973E-005 0.652677 9.9973E-005 0.137076 0.175671 0.0342762
9.9982E-005 9.9982E-005 0.63637 0.0890531 0.00157514 0.247595 0.025207
0.0449778 0.916758 9.9964E-005 9.9964E-005 9.9964E-005 0.037864 9.9964E-005
0.0297313 0.0154409 0.762264 0.0653821 0.0636108 9.9991E-005 0.063471
9.9973E-005 9.9973E-005 0.477708 9.9973E-005 0.0680686 0.179095 0.274828
9.9991E-005 0.051502 0.514623 0.148533 0.0670514 0.165659 0.052532
9.9982E-005 0.624827 0.0958187 0.155514 9.9982E-005 0.109352 0.014289
0.0115985 9.9982E-005 0.544552 0.340981 9.9982E-005 0.054488 0.0481808
9.9991E-005 0.0882776 0.390772 0.235368 0.0515523 0.0843052 0.149625
9.9973E-005 9.9973E-005 0.604483 0.0436855 0.0422431 9.9973E-005 0.309288
9.9982E-005 0.0611737 0.487926 0.230427 0.0986206 0.121653 9.9982E-005
0.0433059 0.627722 0.0981034 0.0644717 9.9991E-005 0.112841 0.0534553
9.9964E-005 0.796413 9.9964E-005 9.9964E-005 9.9964E-005 0.191649 0.0115375
9.9982E-005 9.9982E-005 0.0788402 0.285502 0.101528 0.172656 0.361274
0.0859576 0.00282174 0.32862 0.120563 0.0793774 0.199249 0.183411
9.9991E-005 0.0109118 0.448428 0.218992 0.0843255 0.09947 0.137773
0.0959097 9.9991E-005 0.221381 0.424934 0.103103 0.0325626 0.122009
9.9991E-005 0.345202 0.213205 0.0976977 0.0583329 0.193687 0.0917746
0.1233 0.0514921 0.30596 0.245664 0.0784601 0.0629793 0.132145
9.9982E-005 0.226502 0.432887 0.139255 0.0440745 9.9982E-005 0.157081
9.995E-005 9.995E-005 9.995E-005 9.995E-005 9.995E-005 0.9994 9.995E-005
0.026285 0.524867 0.124116 9.9982E-005 9.9982E-005 0.218402 0.10613
0.0496265 0.272362 0.355528 0.206285 9.9991E-005 0.0687003 0.0473979
9.995E-005 9.995E-005 9.995E-005 9.995E-005 9.995E-005 0.9994 9.995E-005
9.9982E-005 0.564037 0.0605291 0.154746 0.0677315 0.152757 9.9982E-005
0.0196465 0.19626 0.486901 0.227475 9.9982E-005 0.0695169 9.9982E-005
0.0365495 0.367637 0.213951 0.207984 0.042775 0.0557427 0.0753599
9.9973E-005 0.252299 0.0975138 0.474459 9.9973E-005 9.9973E-005 0.175428
9.9982E-005 0.146117 0.00933951 0.56542 0.0421852 0.236738 9.9982E-005
0.0485834 0.71813 9.9973E-005 0.178565 9.9973E-005 0.0544214 9.9973E-005
9.9991E-005 0.317586 0.284728 0.186222 0.0959213 0.00868142 0.106761
9.9991E-005 0.212412 0.234638 0.26438 0.0816861 0.132606 0.0741784
0.033965 9.9991E-005 0.499191 0.159335 0.0792317 0.135956 0.0922211
9.9973E-005 9.9973E-005 0.627388 9.9973E-005 0.102354 0.120352 0.149606
0.120069 9.9991E-005 0.219396 0.229564 0.0436543 0.128541 0.258676
9.9982E-005 0.00591417 0.151728 0.528027 0.0792172 9.9982E-005 0.234914
0.028401 0.257636 0.528168 0.127936 9.9982E-005 0.0576591 9.9982E-005
9.9964E-005 0.792313 0.160532 0.0467554 9.9964E-005 9.9964E-005 9.9964E-005
0.0118096 0.401785 0.172549 0.0945625 0.123921 0.104001 0.0913718
0.041142 9.9982E-005 0.180765 0.35152 0.191075 0.235298 9.9982E-005
0.098943 9.9982E-005 0.115787 0.584926 0.057462 0.142682 9.9982E-005
9.9964E-005 0.866364 9.9964E-005 9.9964E-005 0.0089578 0.124278 9.9964E-005
0.0313779 9.9991E-005 0.26323 0.45546 0.0376174 0.0743821 0.137833
0.058367 9.9982E-005 0.489428 0.0792054 0.0616458 0.311154 9.9982E-005
9.9991E-005 0.197642 0.485699 0.0840982 0.060108 0.104487 0.0678658
9.9982E-005 9.9982E-005 0.247037 0.251311 0.0972476 0.279214 0.12499
9.9973E-005 0.0705623 9.9973E-005 0.555162 9.9973E-005 0.123628 0.250348
9.9991E-005 0.0536221 0.107199 0.285767 0.145291 0.209353 0.198667
9.9991E-005 0.0280196 0.319142 0.210437 0.183318 0.170834 0.0881484
9.9991E-005 0.00510194 0.575608 0.123333 0.0928195 0.0464448 0.156593
0.0315513 9.9982E-005 0.70639 0.00501186 9.9982E-005 0.108953 0.147893
0.0283861 0.195649 0.190877 0.33435 0.119778 0.100057 0.030904
9.9991E-005 0.572919 0.0195565 0.0551165 0.0267814 0.134181 0.191346
9.9973E-005 0.205578 9.9973E-005 0.51785 9.9973E-005 0.161252 0.115019
0.0275384 9.9991E-005 0.108057 0.426711 0.0296156 0.26793 0.140048
0.127033 0.0938173 0.288615 0.257632 9.9982E-005 0.232703 9.9982E-005
9.9982E-005 0.0923249 0.42361 0.264759 9.9982E-005 0.118897 0.100209
9.9955E-005 0.991727 9.9955E-005 9.9955E-005 9.9955E-005 9.9955E-005 0.00777334
0.0417866 0.0403122 0.100293 0.624701 9.9982E-005 0.192706 9.9982E-005
9.9982E-005 0.300104 0.241596 0.0655928 0.0413002 0.351207 9.9982E-005
0.0959308 9.9982E-005 0.21587 0.224642 0.0570429 0.406314 9.9982E-005
9.9991E-005 0.201981 0.401177 0.212261 0.00120894 0.157361 0.0259112
9.9991E-005 0.526962 0.0387896 0.168077 0.0268179 0.0798292 0.159425
9.9982E-005 0.37671 0.22797 0.22981 0.0402359 0.125073 9.9982E-005
9.9973E-005 0.553468 0.373775 0.0551852 0.0172722 9.9973E-005 9.9973E-005
9.9973E-005 9.9973E-005 0.487734 0.284231 9.9973E-005 0.0540596 0.173676
9.9964E-005 0.782887 9.9964E-005 0.106883 0.10983 9.9964E-005 9.9964E-005
9.9991E-005 0.344743 0.292643 0.215614 0.053543 0.0675762 0.0257803
0.0134378 0.00612252 0.340511 0.389583 0.0339022 9.9991E-005 0.216343
9.995E-005 0.9994 9.995E-005 9.995E-005 9.995E-005 9.995E-005 9.995E-005
9.9964E-005 0.439562 9.9964E-005 0.343832 9.9964E-005 0.216207 9.9964E-005
0.0792684 0.0794665 0.413523 0.0757319 9.9982E-005 0.35181 9.9982E-005
9.9973E-005 0.388891 0.34547 0.0964725 9.9973E-005 0.168867 9.9973E-005
9.9982E-005 0.118535 0.453979 0.121414 9.9982E-005 0.16881 0.137063
9.9973E-005 9.9973E-005 0.332577 0.244874 9.9973E-005 0.0281313 0.394118
9.9991E-005 0.303363 0.274196 0.194864 0.163205 0.0269717 0.0373001
0.00685026 9.9991E-005 0.591728 0.183833 0.0114943 0.142823 0.0631717
9.9973E-005 9.9973E-005 0.502726 0.319262 9.9973E-005 0.0534112 0.124301
0.0406462 9.9982E-005 0.40514 0.344856 0.0499261 0.159232 9.9982E-005
0.045802 0.219587 0.0571744 0.0567231 0.034217 0.335957 0.25054
9.9982E-005 0.238007 0.51597 9.9982E-005 0.089546 0.0661778 0.0900996
0.111149 9.9991E-005 0.364242 0.232592 0.0894914 0.0782535 0.124171
0.0475658 0.0959976 0.522597 0.0968515 0.0268083 0.185206 0.0249742
0.171362 9.9991E-005 0.0204656 0.520635 0.0116414 0.234963 0.0408326
0.0856223 9.9991E-005 0.346428 0.296844 0.0248848 0.0981755 0.147946
9.9991E-005 0.292084 0.261321 0.0897463 0.132749 0.181474 0.0425263
0.00513317 9.9991E-005 0.625437 0.06857 0.0613416 0.185567 0.0538513
0.0130499 9.9991E-005 0.226789 0.446471 0.0661312 0.137893 0.109566
0.0981375 9.9991E-005 0.0597384 0.285539 0.19083 0.122158 0.243498
0.218921 9.9982E-005 0.307525 0.0794975 9.9982E-005 0.115743 0.278113
9.9991E-005 0.243637 0.0664546 0.0720278 0.236318 0.173367 0.208095
9.9973E-005 0.0515966 0.557839 0.0358818 9.9973E-005 9.9973E-005 0.354382
9.9982E-005 0.155765 0.1407 0.44285 9.9982E-005 0.233077 0.0274078
0.0457453 9.9982E-005 0.404941 0.352905 9.9982E-005 0.164417 0.0317918
0.0189169 9.9991E-005 0.547619 0.201951 0.122989 0.0032269 0.105198
0.125353 9.9991E-005 0.488347 0.265892 0.010369 0.039518 0.0704211
0.0113415 0.374901 0.359417 0.0476826 0.0964915 0.0686791 0.0414876
9.9982E-005 0.42705 0.118766 0.305571 0.0319934 0.11642 9.9982E-005
9.9973E-005 9.9973E-005 0.834749 9.9973E-005 0.0833758 0.0498528 0.031723
9.99948E-005 0.0119358 0.516978 0.0638185 0.0643169 0.0229002 0.31995
0.0470745 9.9991E-005 0.584055 0.149049 0.0394792 0.107549 0.0726934
0.0107498 0.0251218 0.189567 0.307402 0.0429023 0.251185 0.173072
9.9982E-005 0.30708 0.0661063 0.239035 9.9982E-005 0.189086 0.198493
9.9982E-005 0.109225 0.0177246 0.635067 0.101467 0.136317 9.9982E-005
0.111629 9.9991E-005 0.344767 0.174136 0.0845062 0.140144 0.144719
9.9982E-005 0.550774 0.0529069 9.9982E-005 0.0788239 0.263239 0.0540566
0.0145431 0.207333 0.466576 0.202112 0.00305503 0.0381454 0.0682358
0.108862 0.122463 0.119148 0.144065 9.9991E-005 0.373438 0.131924
9.9964E-005 0.770442 9.9964E-005 9.9964E-005 9.9964E-005 0.0152392 0.213919
0.04125 9.9982E-005 0.19755 0.4442 9.9982E-005 0.189379 0.127421
9.9991E-005 0.0413688 0.193763 0.360503 0.114609 0.207081 0.0825748
9.9982E-005 0.0312184 0.579458 0.245752 0.00589908 0.137473 9.9982E-005
9.9973E-005 9.9973E-005 0.4192 0.280296 0.0964663 9.9973E-005 0.203738
0.116819 9.9991E-005 0.247853 0.144223 0.016828 0.208124 0.266052
9.9973E-005 9.9973E-005 0.412316 0.31494 0.0869936 0.18545 9.9973E-005
9.9973E-005 9.9973E-005 0.65731 0.255327 0.0485136 9.9973E-005 0.0385496
0.051705 0.0161646 0.721915 9.9991E-005 0.034393 0.138314 0.0374086
9.9991E-005 0.197203 0.0989236 0.392355 0.0346923 0.0945745 0.182151
9.9982E-005 9.9982E-005 0.489594 0.265105 0.0957841 0.0829744 0.066342
9.9973E-005 9.9973E-005 0.351949 9.9973E-005 0.233443 0.214619 0.199688
0.00488831 0.0818964 0.0495212 0.518976 9.9982E-005 0.344518 9.9982E-005
9.9982E-005 9.9982E-005 0.373955 0.213741 0.183392 0.197737 0.0309744
0.0565784 9.9973E-005 0.509929 0.155294 9.9973E-005 0.277899 9.9973E-005
9.9973E-005 0.322456 0.390323 0.281924 9.9973E-005 0.00499655 9.9973E-005
9.9982E-005 0.262194 0.337793 0.0923651 9.9982E-005 0.277338 0.0301092
9.9991E-005 0.0121987 0.414865 0.391593 0.0382302 0.109216 0.0337967
9.9991E-005 0.51968 0.258667 0.0944121 0.014535 0.0420468 0.070559
9.9982E-005 9.9982E-005 0.301806 0.339298 0.122928 0.185286 0.0504819
9.9982E-005 0.309511 0.393039 0.15381 9.9982E-005 0.111842 0.0315975
9.9973E-005 9.9973E-005 0.463942 0.308387 0.0614742 9.9973E-005 0.165897
9.9973E-005 0.0624878 9.9973E-005 0.471804 9.9973E-005 0.369786 0.0956224
0.20815 0.281377 0.420064 9.9973E-005 9.9973E-005 0.0901087 9.9973E-005
9.9991E-005 0.442058 0.135081 0.0796927 0.0561464 0.270259 0.0166633
9.9973E-005 0.0299644 0.179009 0.600192 9.9973E-005 9.9973E-005 0.190535
9.9973E-005 9.9973E-005 0.5122 0.149166 9.9973E-005 0.320294 0.0180404
9.9973E-005 0.370532 0.300914 0.281431 9.9973E-005 0.0468232 9.9973E-005
9.9982E-005 0.0406767 0.419463 0.20472 0.274715 0.0602259 9.9982E-005
9.9973E-005 9.9973E-005 0.564443 0.203279 0.0879247 9.9973E-005 0.144053
9.9982E-005 0.875886 0.0179395 0.0148988 0.0101879 9.9982E-005 0.0808882
9.9982E-005 9.9982E-005 0.401031 0.232979 0.135934 0.121912 0.107944
9.9973E-005 9.9973E-005 0.567185 0.233741 9.9973E-005 0.0537575 0.145017
9.9982E-005 0.00113077 0.536046 0.334113 0.0820449 0.046465 9.9982E-005
9.9982E-005 0.0216534 0.477203 0.2156 0.122506 0.162837 9.9982E-005
9.9982E-005 0.0228387 0.649848 0.04985 0.107487 0.169777 9.9982E-005
9.9982E-005 9.9982E-005 0.35481 0.373972 0.0452306 0.088499 0.137288
9.9982E-005 9.9982E-005 0.417343 0.240837 0.0571937 0.0479656 0.236461
9.9982E-005 0.112254 0.55664 0.193112 0.049083 0.0887114 9.9982E-005
9.9991E-005 0.497054 0.0103494 0.114252 0.203661 0.135036 0.0395478
9.9973E-005 9.9973E-005 0.42285 0.421237 9.9973E-005 0.137177 0.018435
9.9973E-005 9.9973E-005 0.852667 0.022242 9.9973E-005 0.075959 0.0488322
0.0173314 0.119033 0.178302 0.286673 0.0115348 0.243607 0.143519
9.9973E-005 0.395796 0.295626 9.9973E-005 9.9973E-005 0.270346 0.0379321
0.0686846 9.9991E-005 0.518775 0.0445181 0.107174 0.124081 0.136668
9.9991E-005 0.274761 0.346503 0.178676 0.015727 0.085114 0.0991185
9.9982E-005 0.0101875 0.566448 0.231453 0.0370013 9.9982E-005 0.154711
9.9982E-005 0.330143 0.239606 0.249963 9.9982E-005 0.118832 0.0612563
0.049873 0.0824462 0.235555 0.281591 0.0481104 0.15361 0.148815
9.9991E-005 0.401765 0.0819934 0.0712169 0.0679216 0.252677 0.124326
9.9991E-005 0.295561 0.545515 0.0981561 0.0402093 0.0114117 0.00904647
0.120559 0.0222664 0.32627 0.12094 9.9991E-005 0.228709 0.181155
9.9991E-005 0.250011 0.387156 0.0801944 0.152127 0.0993848 0.0310269
9.9982E-005 9.9982E-005 0.261364 0.400604 0.137444 0.122062 0.0783252
9.9991E-005 0.0660478 0.539081 0.0157992 0.0127161 0.193203 0.173053
9.9982E-005 9.9982E-005 0.0886548 0.28557 0.0623528 0.352859 0.210363
9.9991E-005 0.260571 0.229019 0.0234202 0.0427736 0.316138 0.127978
9.9973E-005 9.9973E-005 0.224866 0.436437 9.9973E-005 0.243835 0.0945621
9.9973E-005 9.9973E-005 0.329067 0.424792 0.210018 9.9973E-005 0.0358225
0.0853141 9.9982E-005 0.64819 0.117951 0.0155912 0.132754 9.9982E-005
9.9982E-005 0.591839 0.134242 9.9982E-005 0.073028 0.0241862 0.176505
0.0417448 0.907914 0.0146931 9.9973E-005 0.0353481 9.9973E-005 9.9973E-005
0.0430908 0.104585 0.499071 0.160138 0.0765801 0.05903 0.0575051
9.9982E-005 0.0292266 0.206172 0.460234 0.155339 0.148829 9.9982E-005
0.0268776 0.144935 0.173653 0.207373 0.0827118 0.190554 0.173896
0.0215345 0.143342 0.138852 0.462331 9.9991E-005 0.203214 0.0306273
0.0638237 0.235977 0.248414 0.369062 0.0647216 0.0179023 9.9991E-005
9.9991E-005 0.12213 0.496483 0.0587816 0.254679 0.0664065 0.00141932
0.0185368 9.9991E-005 0.349059 0.141848 0.046799 0.130613 0.313044
0.103948 0.0048991 0.394314 0.15482 0.0320856 0.147138 0.162795
9.9982E-005 9.9982E-005 0.347913 0.248981 0.0355531 0.144569 0.222785
9.9973E-005 9.9973E-005 0.554366 0.211872 0.0673101 9.9973E-005 0.166152
9.9973E-005 9.9973E-005 0.669588 0.0967555 9.9973E-005 0.178728 0.0546284
9.9982E-005 9.9982E-005 0.545513 0.212479 0.0224599 0.145221 0.0741267
0.0577142 0.0285847 0.324809 0.0956248 9.9991E-005 0.447939 0.0452282
0.130158 9.9982E-005 0.478684 0.158263 9.9982E-005 0.12719 0.105505
9.9982E-005 0.0469185 0.398579 0.0998112 0.202206 0.252286 9.9982E-005
0.0927992 9.9982E-005 0.284516 0.475518 0.0091207 0.137846 9.9982E-005
9.9973E-005 9.9973E-005 0.193357 0.569107 0.0957932 9.9973E-005 0.141442
9.9991E-005 0.162271 0.514806 0.0733449 0.107762 0.041222 0.100494
0.0213776 0.497484 0.238602 9.9991E-005 0.0975943 0.114652 0.0301903
9.9982E-005 0.390639 0.0645942 0.316841 0.127472 0.100254 9.9982E-005
0.0170988 0.770142 0.204741 9.9973E-005 0.0077184 9.9973E-005 9.9973E-005
9.9982E-005 9.9982E-005 0.520093 0.21773 0.149131 0.0718365 0.0410097
9.9973E-005 0.801457 0.15853 9.9973E-005 0.0383532 0.00136029 9.9973E-005
9.9973E-005 0.695021 9.9973E-005 0.129556 9.9973E-005 0.160511 0.0146125
0.0603216 9.9991E-005 0.318127 0.433987 0.115844 0.0693973 0.00222364
0.0360878 0.0317413 0.384653 0.0819658 0.0976883 0.100978 0.266886
0.0190716 9.9991E-005 0.442929 0.0968986 0.19987 0.158204 0.0829271
0.0192653 0.752895 0.143027 0.0644371 9.9982E-005 0.0201753 9.9982E-005
9.9973E-005 9.9973E-005 0.50525 0.0579368 9.9973E-005 0.143718 0.292796
9.9982E-005 0.416803 0.0235931 0.30841 0.042484 0.20851 9.9982E-005
9.9973E-005 9.9973E-005 0.397899 9.9973E-005 0.336783 0.145953 0.119065
9.9964E-005 0.771368 9.9964E-005 0.0429743 0.185258 9.9964E-005 9.9964E-005
9.9991E-005 0.148246 0.238914 0.285877 0.0474347 0.0532379 0.226191
0.0252935 0.0460992 0.612198 0.157371 0.0280149 0.0390791 0.0919443
9.9982E-005 9.9982E-005 0.682458 0.0789831 0.119338 0.0887593 0.0302614
9.9973E-005 9.9973E-005 0.279841 0.32257 9.9973E-005 0.226716 0.170572
9.9982E-005 0.750811 0.136618 9.9982E-005 0.0546328 0.0103952 0.0473432
9.9982E-005 0.222606 0.306561 0.0773405 9.9982E-005 0.210265 0.183028
0.0348776 0.354089 9.9991E-005 0.177656 0.0248972 0.179421 0.22896
9.9982E-005 0.00701003 0.31928 9.9982E-005 0.212842 0.203736 0.256931
9.9982E-005 0.702174 0.106775 0.0927167 0.0227908 0.0753436 9.9982E-005
0.18316 0.0752563 0.156667 0.251874 0.031941 0.0995446 0.201557
9.9973E-005 0.376545 9.9973E-005 0.35248 9.9973E-005 0.0291 0.241576
0.0281265 9.9982E-005 0.372657 0.296953 9.9982E-005 0.101692 0.200372
0.0537964 0.169448 9.9982E-005 0.364217 9.9982E-005 0.142951 0.269387
9.9982E-005 0.587427 0.187958 0.176483 0.0383781 0.00955391 9.9982E-005
0.00976407 9.9991E-005 0.472539 0.0414983 0.111623 0.189636 0.17484
0.0500345 9.9982E-005 0.52737 0.0684857 0.144875 0.209034 9.9982E-005
0.0836664 9.9991E-005 0.400294 0.23052 0.0249742 0.153679 0.106766
9.9973E-005 9.9973E-005 0.373772 0.387336 0.0740495 9.9973E-005 0.164542
9.9982E-005 0.344351 0.0184011 0.332881 9.9982E-005 0.19256 0.111607
0.0877262 9.9991E-005 0.239975 0.436523 0.0195709 0.0354917 0.180613
9.9982E-005 9.9982E-005 0.585538 0.0293008 0.219175 0.0538872 0.111898
9.9982E-005 0.0485092 0.594631 0.0614876 0.123825 0.171347 9.9982E-005
9.9973E-005 0.443662 0.261484 9.9973E-005 0.0410506 0.253504 9.9973E-005
9.9991E-005 0.23504 0.204925 0.158504 0.0376461 0.195241 0.168544
0.0254733 9.9991E-005 0.458683 0.295761 0.0820493 0.00965136 0.128282
9.9982E-005 0.0926178 9.9982E-005 0.332674 0.237098 0.32102 0.0163894
9.9982E-005 0.168454 0.186774 0.383181 0.164764 0.0966268 9.9982E-005
9.9982E-005 9.9982E-005 0.203927 0.238067 0.135193 0.21977 0.202843
0.0195448 0.307983 0.075087 0.349252 0.0934727 0.138744 0.0159164
9.9982E-005 0.0237123 0.147705 0.440247 9.9982E-005 0.310322 0.0778139
0.00494085 0.444541 0.324059 0.141889 0.0240487 0.0604214 9.9991E-005
0.129331 9.9973E-005 0.685611 0.146891 9.9973E-005 9.9973E-005 0.0378679
9.9973E-005 9.9973E-005 0.602459 0.10667 0.103285 9.9973E-005 0.187285
9.9982E-005 9.9982E-005 0.537122 0.164307 0.0906263 0.139893 0.0678508
9.9973E-005 9.9973E-005 0.636186 9.9973E-005 0.106261 0.0684953 0.188758
0.0985161 9.9991E-005 0.380786 0.184723 0.0146623 0.231834 0.0893788
9.9982E-005 9.9982E-005 0.395702 0.0839899 0.251018 0.152601 0.11649
9.9982E-005 0.240488 0.179524 0.497085 0.00896477 0.0737387 9.9982E-005
9.9973E-005 9.9973E-005 0.0786156 0.469933 9.9973E-005 0.254596 0.196555
9.9982E-005 0.00370726 0.663844 0.116104 0.122407 0.0937379 9.9982E-005
0.0528261 0.0764799 0.669982 0.147242 9.9982E-005 0.0532699 9.9982E-005
9.9991E-005 0.0684701 0.195771 0.368287 0.0969205 0.163348 0.107104
0.0564952 0.20759 9.9973E-005 0.620098 9.9973E-005 0.115517 9.9973E-005
0.150904 9.9982E-005 0.300413 0.201069 0.107016 0.240399 9.9982E-005
0.0384217 0.0322262 0.632552 9.9991E-005 0.129195 0.0168127 0.150692
9.9973E-005 0.71988 0.013126 9.9973E-005 9.9973E-005 0.213376 0.0533174
9.9973E-005 0.614125 0.204576 9.9973E-005 9.9973E-005 0.0456156 0.135384
9.9982E-005 9.9982E-005 0.382806 0.0985939 0.238152 0.143556 0.136693
0.429914 9.9982E-005 0.44643 0.0229172 0.0975106 0.00302761 9.9982E-005
0.507473 0.0730344 0.024222 0.0590659 0.181773 0.0744395 0.0799923
0.342223 0.00811535 0.126267 0.16112 0.159002 0.0116163 0.191656
0.116233 9.9991E-005 0.534741 0.0202647 0.0795341 0.0593888 0.189739
0.578497 9.9982E-005 0.15606 0.126574 0.0596756 9.9982E-005 0.0789944
0.503682 0.0210083 0.208242 0.000460478 0.074364 0.0203384 0.171905
0.465333 0.0393811 0.0925876 0.140434 0.0571034 0.0119456 0.193215
0.449291 0.0254428 0.201473 9.9982E-005 0.313052 9.9982E-005 0.0105416
0.414828 0.0324094 0.142284 0.137561 0.21366 9.9991E-005 0.0591578
0.396412 9.9991E-005 0.40348 0.017743 0.119458 0.0574984 0.0053087
0.297657 9.9982E-005 0.323672 0.13342 0.0644389 0.180613 9.9982E-005
0.468925 9.9982E-005 0.153287 0.0892536 0.234494 0.0538405 9.9982E-005
0.203861 9.9982E-005 0.308679 0.193017 0.0261239 9.9982E-005 0.268119
0.303845 0.0297443 0.163065 9.9991E-005 0.395896 0.0521144 0.0552352
0.402417 9.9991E-005 0.251334 0.0232654 0.103191 0.041767 0.177926
0.563541 0.00342175 9.9982E-005 0.270803 9.9982E-005 0.066673 0.0953616
0.35239 9.9991E-005 0.250862 0.00314018 0.00107694 0.00872973 0.383701
0.29112 0.00846543 0.143538 0.191029 0.130282 0.072983 0.162581
0.0833609 0.821906 9.9973E-005 9.9973E-005 0.0879462 9.9973E-005 0.00648728
0.291837 0.0510238 0.155356 0.0554084 9.9991E-005 0.0597103 0.386565
0.412736 9.9982E-005 0.256658 0.104434 0.0853943 0.140578 9.9982E-005
0.15977 0.0942352 0.436249 0.188675 9.9991E-005 0.0337919 0.0871789
0.696295 9.9991E-005 0.0248488 0.118727 0.104458 0.0390528 0.0165187
0.508353 9.9973E-005 9.9973E-005 0.0509037 0.133377 0.307066 9.9973E-005
0.0583793 0.00779603 0.0388213 0.362684 0.0102671 0.231404 0.290649
0.536342 0.0413098 0.240863 0.04686 0.134425 9.9982E-005 9.9982E-005
0.394622 9.9982E-005 0.165229 0.315559 0.100173 9.9982E-005 0.0242175
0.325676 9.9991E-005 0.0822611 0.263101 0.230191 0.00127281 0.0973979
0.497625 0.101469 0.0482336 0.00211436 0.0914988 0.00775952 0.251299
0.505821 0.0729823 0.00979475 0.0959589 0.179967 9.9991E-005 0.135375
0.480381 9.9991E-005 0.0478242 0.0619898 0.239652 0.0963366 0.0737166
0.752045 0.0411083 0.180017 9.9973E-005 9.9973E-005 0.0265299 9.9973E-005
0.415908 0.0240871 0.0723778 0.116123 0.209701 0.0200457 0.141757
0.356651 9.9982E-005 0.206046 0.0445293 0.192612 9.9982E-005 0.199962
0.498159 0.069386 9.9982E-005 0.270497 9.9982E-005 0.0870982 0.0746603
0.452072 0.00400869 9.9982E-005 0.226603 0.0173353 9.9982E-005 0.299782
0.451265 0.069018 0.0196303 0.119229 0.206872 0.101233 0.0327529
9.9982E-005 9.9982E-005 0.331242 0.158038 0.306588 0.0891502 0.114782
0.575998 0.0506642 0.17696 9.9982E-005 0.195897 9.9982E-005 0.000281717
0.382244 0.0409319 0.191796 0.0336555 0.253566 0.000472707 0.0973346
0.499399 9.9982E-005 0.199773 0.172689 9.9982E-005 0.0574975 0.0704416
0.294154 9.9973E-005 0.0722364 0.444868 0.188441 9.9973E-005 9.9973E-005
0.788007 9.9955E-005 0.211493 9.9955E-005 9.9955E-005 9.9955E-005 9.9955E-005
0.0967018 0.0397568 0.496952 0.0519984 0.0824706 0.0434761 0.188644
0.487824 0.00962078 0.248297 9.9982E-005 0.151212 9.9982E-005 0.102846
0.055614 0.303757 0.221855 0.170093 9.9991E-005 0.18828 0.0603008
0.0635419 9.9991E-005 0.231651 0.212201 0.265997 0.17825 0.0482597
0.182835 0.0489285 0.469543 0.00334983 9.9991E-005 0.135548 0.159697
0.475133 0.0313674 0.167803 9.9982E-005 9.9982E-005 0.0604538 0.265043
0.417565 9.9991E-005 0.197786 0.106842 0.155516 0.0478646 0.0743265
0.5149 0.0176169 0.212784 9.9982E-005 0.14834 9.9982E-005 0.106159
0.43849 0.0214148 0.254567 0.136909 0.0994106 9.9991E-005 0.049108
0.34145 0.0237774 0.130271 0.24324 0.206108 9.9991E-005 0.0550535
0.451312 0.0303032 0.184929 0.131342 0.139168 9.9991E-005 0.0628464
0.390701 9.9982E-005 0.305177 9.9982E-005 0.0688543 0.0972932 0.137774
0.649071 9.9982E-005 0.0120136 0.136337 0.028345 9.9982E-005 0.174033
0.414777 9.9973E-005 0.224552 0.115937 9.9973E-005 9.9973E-005 0.244435
9.9955E-005 0.00468385 9.9955E-005 9.9955E-005 0.994816 9.9955E-005 9.9955E-005
0.629754 9.9973E-005 0.175109 9.9973E-005 0.0575265 9.9973E-005 0.13731
0.467708 9.9982E-005 0.0976844 0.106704 0.206182 9.9982E-005 0.121522
0.419876 0.0665397 0.104499 0.0877483 0.254107 9.9991E-005 0.0671302
0.531559 9.9982E-005 0.068976 9.9982E-005 0.0810144 0.203347 0.114903
0.0998513 9.9982E-005 0.41441 0.169773 9.9982E-005 0.171031 0.144735
0.383806 9.9991E-005 0.061952 0.149654 0.27413 0.0103126 0.120045
0.0618389 0.223947 0.307665 0.242281 0.0073436 0.153498 0.00342668
0.388339 9.9982E-005 0.216041 0.266988 0.127316 9.9982E-005 0.00111557
0.382032 0.0599974 9.9991E-005 0.0471945 0.190009 0.0716837 0.248983
0.0362935 0.103554 0.188084 0.470156 0.0607868 0.0641567 0.0769679
0.35268 0.00769646 0.128337 0.166201 0.298392 9.9991E-005 0.0465937
0.468668 9.9991E-005 0.125217 0.201159 0.00489678 0.00306309 0.196897
9.995E-005 9.995E-005 9.995E-005 9.995E-005 0.9994 9.995E-005 9.995E-005
0.287657 9.9982E-005 0.0380108 0.242814 0.186084 9.9982E-005 0.245234
0.364053 0.0297736 0.244323 0.106616 0.0221221 0.170554 0.0625587
0.417858 9.9982E-005 0.0921179 0.161624 0.218878 9.9982E-005 0.109323
0.519042 0.0396119 0.250008 0.00344913 0.152236 9.9991E-005 0.0355527
0.36529 0.000495316 0.317387 9.9991E-005 0.142594 0.0122574 0.161876
0.17861 9.9991E-005 0.350439 0.162999 0.0241254 0.124321 0.159406
0.372762 9.9982E-005 0.0965641 0.100412 0.237193 0.192869 9.9982E-005
0.358458 9.9991E-005 0.0968543 0.390115 0.077948 0.0193306 0.0571942
9.9964E-005 0.813745 9.9964E-005 0.162766 0.0230896 9.9964E-005 9.9964E-005
0.352792 9.9982E-005 0.106595 0.210294 0.233907 9.9982E-005 0.0962108
0.0489056 0.0832638 0.463772 0.131693 0.0407345 0.104291 0.12734
0.530423 9.9982E-005 9.9982E-005 0.0686539 0.226392 0.142826 0.0315044
0.325108 0.0298518 0.088283 9.9991E-005 0.285951 0.216064 0.0546431
0.0445304 9.9982E-005 0.270873 0.0877492 0.247828 9.9982E-005 0.348819
0.126387 9.9991E-005 0.483018 0.126028 0.0713163 0.00364267 0.189508
0.41563 9.9982E-005 0.185915 0.211415 0.142214 0.0446261 9.9982E-005
0.439279 9.9973E-005 0.171718 0.204555 0.184148 9.9973E-005 9.9973E-005
0.492431 9.9982E-005 0.232601 0.182151 0.0847137 0.00790309 9.9982E-005
0.472579 9.9982E-005 0.187832 0.209851 0.12805 9.9982E-005 0.00148782
0.0706708 0.00319576 0.344346 0.192194 0.106873 0.267895 0.0148263
0.386729 9.9991E-005 0.0520198 0.105349 0.218803 0.0706861 0.166313
0.385808 9.9982E-005 0.128487 0.309987 0.070593 9.9982E-005 0.104925
0.390059 9.9991E-005 0.117105 0.317718 0.0681276 0.0704682 0.0364224
9.9991E-005 0.0391349 0.498985 0.242594 0.0121514 0.0931333 0.113902
0.369774 9.9982E-005 9.9982E-005 0.238301 0.113164 0.00953411 0.269027
0.468305 9.9991E-005 0.013694 0.224239 0.0796546 0.0671289 0.146879
0.363106 9.9982E-005 0.127498 9.9982E-005 0.207178 0.165029 0.136989
0.267474 9.9982E-005 0.154302 0.22839 0.227529 9.9982E-005 0.122105
9.9982E-005 9.9982E-005 0.203099 0.279864 0.0253787 0.358834 0.132625
9.9964E-005 0.86611 9.9964E-005 0.0934497 0.0400406 9.9964E-005 9.9964E-005
0.357166 9.9982E-005 9.9982E-005 0.238905 0.196237 0.0243745 0.183118
0.253302 0.01027 0.339301 9.9991E-005 0.262855 0.0409923 0.0931787
0.234275 9.9991E-005 0.114852 0.0211959 0.274707 0.127212 0.227659
0.37509 0.0871792 0.0505978 0.106853 0.0849767 0.0343522 0.260951
0.531068 0.0677915 0.10162 9.9982E-005 0.237473 9.9982E-005 0.0618473
0.499457 9.9991E-005 0.108465 0.127505 0.00260577 0.0325758 0.229291
0.528633 0.0215504 9.9982E-005 0.092459 0.204918 9.9982E-005 0.152239
0.541614 0.0747982 0.179821 9.9982E-005 0.0730284 9.9982E-005 0.130539
0.53103 0.0518861 0.131544 0.138455 0.130835 9.9991E-005 0.0161498
0.248022 9.9991E-005 0.159155 0.246631 0.051614 0.0674641 0.227013
0.0302778 9.9991E-005 0.360742 0.171372 0.133642 0.294165 0.00970075
0.425269 9.99742E-005 9.99742E-005 0.030712 0.296942 9.99742E-005 0.246777
0.373191 9.9982E-005 0.260781 9.9982E-005 0.167139 0.139063 0.0596261
9.9982E-005 9.9982E-005 0.592882 0.0690058 0.0983778 0.0279292 0.211605
0.43223 0.0311821 0.0253167 0.110427 0.185614 0.0527111 0.162519
9.9973E-005 9.9973E-005 0.301211 0.332258 9.9973E-005 0.179816 0.186415
0.356215 9.9982E-005 0.25608 9.9982E-005 0.193811 0.154212 0.0394818
0.352445 9.9982E-005 0.0777225 0.204948 0.224415 9.9982E-005 0.140269
0.0350622 9.9991E-005 0.250558 0.225652 0.15097 0.185513 0.152146
0.454287 0.00888521 0.196525 0.155115 9.9991E-005 0.0460059 0.139083
0.342593 9.9973E-005 0.23822 0.19156 9.9973E-005 0.227327 9.9973E-005
0.346793 9.9964E-005 9.9964E-005 0.539957 0.11285 9.9964E-005 9.9964E-005
9.9955E-005 0.515939 9.9955E-005 0.483561 9.9955E-005 9.9955E-005 9.9955E-005
0.401526 9.9973E-005 0.16816 9.9973E-005 0.247746 9.9973E-005 0.182268
0.457382 9.9973E-005 0.197867 9.9973E-005 0.136594 9.9973E-005 0.207857
0.43792 9.9973E-005 9.9973E-005 0.265811 0.0563698 9.9973E-005 0.2396
0.445475 0.0358864 0.0974016 0.156544 0.0858137 0.0769672 0.101913
0.406195 9.9982E-005 0.067537 9.9982E-005 0.233194 0.0377445 0.255129
0.496799 9.9982E-005 0.0749205 0.0422675 0.290072 0.0957408 9.9982E-005
0.316456 9.9973E-005 0.213779 9.9973E-005 0.250497 0.218968 9.9973E-005
9.9982E-005 0.00184503 0.710334 0.143736 9.9982E-005 0.130214 0.0136711
0.342744 0.0138913 9.9973E-005 0.425959 0.217105 9.9973E-005 9.9973E-005
0.374875 9.9982E-005 0.124163 9.9982E-005 0.132466 0.0543277 0.313968
0.654531 0.00231836 0.0650216 0.111164 0.135625 0.0298713 0.00146821
0.454471 0.0464902 0.0416481 0.0982423 0.11976 0.222338 0.0170509
0.305866 9.9964E-005 9.9964E-005 0.394786 0.298948 9.9964E-005 9.9964E-005
0.365634 0.00395536 0.347453 0.137619 0.00825833 0.0633024 0.0737773
0.265457 9.9982E-005 0.457562 9.9982E-005 0.175764 0.0546098 0.0464072
0.209006 0.0213559 0.0377379 0.318463 0.266086 0.134232 0.0131192
0.367799 9.9982E-005 0.07 0.37762 0.143187 9.9982E-005 0.0411936
0.374674 9.9973E-005 9.9973E-005 0.33167 0.044412 9.9973E-005 0.248944
9.9991E-005 0.0339302 0.32013 0.274591 0.0360005 0.0776252 0.257622
0.157008 0.00774605 0.279311 0.194693 0.0955001 9.9991E-005 0.265642
0.453685 9.9982E-005 9.9982E-005 0.364362 0.092411 0.00277324 0.0865685
0.442052 0.0429207 9.9991E-005 0.0118646 0.0847296 0.0637105 0.354622
0.434927 9.9973E-005 0.101701 0.361775 0.101297 9.9973E-005 9.9973E-005
0.47158 9.9982E-005 9.9982E-005 0.119803 0.320668 0.00405177 0.0836976
0.281017 9.9991E-005 0.0951714 0.0215279 0.142472 0.265205 0.194507
0.0669398 9.9982E-005 0.481687 0.309778 0.0722526 0.0691426 9.9982E-005
0.0822542 0.0845421 0.436653 9.9991E-005 0.149427 0.176057 0.0709673
0.4435 0.0347966 0.0956098 0.140315 0.0686747 9.9991E-005 0.217004
0.497344 9.9991E-005 0.16853 0.00806947 0.221927 0.0572538 0.0467755
0.34992 9.9982E-005 0.206282 0.175119 0.124097 9.9982E-005 0.144382
0.255998 0.0121591 0.231115 0.0705472 0.188132 0.0512632 0.190786
0.400219 0.0108203 9.9991E-005 0.0277581 0.275205 0.104339 0.181559
0.618284 9.9973E-005 0.00727941 0.360382 9.9973E-005 9.9973E-005 0.0137547
0.116287 0.201928 9.9973E-005 0.50075 9.9973E-005 0.180735 9.9973E-005
0.398514 0.0711186 0.286606 0.0145135 0.0679754 9.9991E-005 0.161172
0.388495 9.9991E-005 0.132521 0.104716 0.0313953 0.118325 0.224447
0.127548 0.320889 0.127674 9.9982E-005 9.9982E-005 0.206909 0.21678
9.9982E-005 0.196102 0.266608 0.425581 0.0774839 9.9982E-005 0.0340253
0.486198 0.0234957 9.9982E-005 0.170766 0.140097 9.9982E-005 0.179243
0.253346 0.109252 0.0974801 0.187053 0.171019 0.000122214 0.181727
0.467057 9.9982E-005 0.15945 0.111415 0.245229 9.9982E-005 0.0166482
9.9973E-005 9.9973E-005 0.495998 0.344422 0.154535 9.9973E-005 0.00474524
0.344291 9.9991E-005 0.271735 0.0975917 0.209061 0.00925346 0.0679674
0.438115 9.9982E-005 0.194239 9.9982E-005 0.179607 0.0430816 0.144757
0.0259082 0.203701 0.0706855 0.36306 0.0780195 0.242737 0.0158896
0.314894 9.9982E-005 0.0116118 0.251684 0.316352 9.9982E-005 0.105258
0.450663 0.0347532 0.157684 9.9982E-005 0.138586 9.9982E-005 0.218114
0.417991 9.9991E-005 0.331601 0.00426652 0.168273 0.0142084 0.0635606
0.434168 9.9982E-005 0.14051 0.259032 0.145139 9.9982E-005 0.0209514
0.409354 9.9982E-005 0.00831703 0.203527 0.0294614 9.9982E-005 0.349141
0.378808 9.9982E-005 9.9982E-005 0.0466681 0.238458 0.0934351 0.242431
0.474569 0.049545 0.0865234 0.0111116 0.134187 0.00192781 0.242136
0.326859 0.00962221 0.176215 0.01123 0.29401 9.9991E-005 0.181963
0.418423 0.00627201 0.0976576 9.9991E-005 0.172313 0.15166 0.153575
0.431315 0.0190093 0.0972423 0.208307 0.0757293 0.0731172 0.0952797
0.0656035 0.572479 9.9982E-005 0.0707208 0.0184056 0.272591 9.9982E-005
0.531569 9.9973E-005 9.9973E-005 0.280154 0.156628 9.9973E-005 0.0313479
0.636185 0.0335708 0.204355 9.9991E-005 0.016602 0.0239401 0.0852466
0.121614 9.9991E-005 0.0979301 0.208542 0.059812 0.190471 0.321531
0.463953 0.00696248 9.9982E-005 9.9982E-005 0.357641 0.00701552 0.164228
0.400894 9.9982E-005 0.0913794 0.235602 0.102246 9.9982E-005 0.169678
0.319277 9.9973E-005 9.9973E-005 0.22457 0.186015 9.9973E-005 0.269839
0.206581 0.0692278 0.259392 0.0864698 9.9991E-005 0.323141 0.0550889
0.493591 9.9982E-005 0.0952908 0.169561 0.133805 0.107553 9.9982E-005
0.526954 0.0199729 0.167064 9.9991E-005 0.11863 0.0235051 0.143775
0.39598 0.0386531 0.0442973 0.20637 0.237298 0.0272244 0.050177
0.357307 9.9982E-005 9.9982E-005 0.165765 0.161088 0.122149 0.193492
0.29574 0.00175206 0.235592 0.209783 0.0671842 9.9991E-005 0.189849
9.9955E-005 0.937802 9.9955E-005 9.9955E-005 9.9955E-005 9.9955E-005 0.0616982
0.348373 9.9973E-005 9.9973E-005 0.336846 0.156433 9.9973E-005 0.158048
0.180282 9.9982E-005 0.283455 9.9982E-005 0.227559 0.0982563 0.210247
0.414909 9.9991E-005 0.257006 0.0795399 0.0837936 0.160809 0.00384245
0.447162 9.9982E-005 0.158622 9.9982E-005 0.139843 0.139869 0.114304
0.48655 0.0207169 9.9982E-005 9.9982E-005 0.265749 0.148562 0.0782215
0.460564 0.0147596 0.20578 9.9991E-005 0.0234814 0.176003 0.119311
0.0249329 0.589113 9.9982E-005 0.0683848 0.0115038 0.305866 9.9982E-005
0.422057 9.9982E-005 0.0363619 0.332134 0.136795 9.9982E-005 0.0724516
0.383481 9.9982E-005 0.0265444 0.264494 0.235472 9.9982E-005 0.0898093
0.301563 9.9982E-005 0.130091 0.133512 0.251089 9.9982E-005 0.183545
0.381072 9.9991E-005 0.0893232 0.219682 0.145066 0.095881 0.0688765
0.327094 9.9982E-005 9.9982E-005 0.230726 0.251753 0.0896014 0.100626
0.568348 9.9991E-005 0.124469 0.124009 0.109633 0.0263581 0.0470823
