0.091583 0.223547 0.0857897 9.9982E-005 0.134344 9.9982E-005 0.464536
9.9982E-005 0.268516 0.0642197 0.249028 0.0773245 9.9982E-005 0.340712
9.9982E-005 0.142649 0.127316 9.9982E-005 0.468155 0.0366806 0.225
9.9982E-005 0.199654 0.0076371 0.0730593 9.9982E-005 0.127525 0.591924
0.0286393 0.136663 0.007496 0.0364169 0.294699 9.9991E-005 0.495986
0.0322168 0.263629 9.9964E-005 9.9964E-005 9.9964E-005 0.703755 9.9964E-005
0.150031 0.106423 9.9982E-005 0.0690107 0.263207 9.9982E-005 0.411128
9.9964E-005 0.0690557 0.080428 9.9964E-005 9.9964E-005 0.850116 9.9964E-005
0.0191358 0.144842 0.0658619 0.0339072 0.426794 0.0123926 0.297066
9.9982E-005 0.133498 0.0897466 0.0493098 0.480912 9.9982E-005 0.246334
0.00837248 0.0262232 0.141171 0.0262398 0.360865 0.0348206 0.402308
9.9982E-005 0.150918 9.9982E-005 0.104815 0.241273 0.215738 0.287056
9.9982E-005 0.00125353 0.0631012 0.0550364 0.516354 9.9982E-005 0.364055
9.999E-005 0.139049 0.035677 0.0416631 0.270236 0.094802 0.418473
9.9973E-005 0.267603 9.9973E-005 0.184179 0.0362649 0.511654 9.9973E-005
9.999E-005 0.268956 0.13776 0.152048 0.208588 0.0342708 0.198277
9.9973E-005 0.380429 9.9973E-005 9.9973E-005 0.108172 0.117177 0.393923
0.0616522 9.9982E-005 0.00248348 0.203428 0.188196 9.9982E-005 0.54404
0.0421296 0.196744 9.9991E-005 0.152163 0.249509 0.0256993 0.333655
9.9973E-005 0.150417 0.0691912 0.0325102 9.9973E-005 9.9973E-005 0.747582
9.9973E-005 0.00423049 9.9973E-005 0.142191 0.363437 9.9973E-005 0.489841
0.00763307 0.161628 0.0968453 0.00120552 0.20121 0.112632 0.418846
9.9973E-005 0.15885 0.165417 9.9973E-005 0.209199 9.9973E-005 0.466234
9.9982E-005 0.247939 0.139841 0.00329017 0.0923237 0.516407 9.9982E-005
0.0649383 0.0939244 0.0402942 0.0762716 0.27989 9.9991E-005 0.444582
9.9964E-005 0.334784 9.9964E-005 0.128715 9.9964E-005 0.536101 9.9964E-005
9.9973E-005 0.336638 9.9973E-005 0.0930461 9.9973E-005 0.390673 0.179343
9.9973E-005 9.9973E-005 9.9973E-005 0.00130742 0.134963 0.31534 0.54809
9.9982E-005 0.185385 0.0905846 9.9982E-005 0.09842 0.606004 0.0194065
9.9964E-005 9.9964E-005 9.9964E-005 9.9964E-005 0.0829808 0.144996 0.771623
0.120988 0.281716 0.0693146 9.9991E-005 0.015349 0.426694 0.0858382
0.0232321 0.0281788 9.9982E-005 0.0342334 0.626387 9.9982E-005 0.287769
9.9991E-005 0.247002 0.0938079 0.0605023 0.285792 0.159033 0.153763
9.9964E-005 0.0636409 9.9964E-005 9.9964E-005 9.9964E-005 0.78739 0.148569
0.0259771 0.0409128 0.0063377 0.0673092 0.00020623 0.859157 9.9991E-005
9.9991E-005 0.082793 0.0479814 0.131287 0.356841 0.0859783 0.295019
9.9973E-005 0.115334 9.9973E-005 0.169967 9.9973E-005 0.117653 0.596746
9.9982E-005 0.0874178 0.0285908 0.20699 0.288357 9.9982E-005 0.388444
0.024855 0.0222715 0.0964249 0.0549885 0.0407698 0.649715 0.110975
0.0609632 0.188773 0.0343136 0.0210566 0.160383 0.349195 0.185315
9.9982E-005 0.132837 9.9982E-005 0.237901 0.333738 0.211891 0.0834325
9.9964E-005 0.262971 9.9964E-005 9.9964E-005 0.365807 9.9964E-005 0.370823
9.9991E-005 0.126064 0.0211371 0.128937 0.000528273 0.165905 0.557329
9.9982E-005 9.9982E-005 0.124519 0.13822 0.0193807 0.583649 0.134031
0.0504009 0.119855 0.0457823 0.0487549 0.332477 9.9991E-005 0.402629
9.9982E-005 0.0534469 0.0807355 0.292258 0.362618 9.9982E-005 0.210742
0.0633814 0.241143 0.0600355 0.0459239 0.201813 0.0331895 0.354513
0.0662671 0.15901 0.00845819 9.9991E-005 0.381668 0.0807259 0.30377
9.9982E-005 0.0968964 0.197443 9.9982E-005 0.509586 0.0364279 0.159446
9.9973E-005 0.469952 9.9973E-005 0.0859117 0.0798168 0.364019 9.9973E-005
0.0159879 9.9982E-005 0.0968061 9.9982E-005 0.478053 0.0122632 0.39669
0.0950577 0.11547 0.0843887 9.9991E-005 0.246091 0.38812 0.0707727
0.00519764 0.153501 0.0256691 0.190953 0.492791 9.9991E-005 0.131788
9.9964E-005 0.0672768 9.9964E-005 0.0884477 9.9964E-005 0.843876 9.9964E-005
9.9982E-005 0.128987 0.158088 9.9982E-005 0.355306 0.338181 0.0192371
0.00709177 0.0121372 9.9973E-005 9.9973E-005 0.427839 9.9973E-005 0.552632
0.034429 0.0937098 0.186031 9.9982E-005 0.0352479 9.9982E-005 0.650382
0.0118755 0.209138 0.102934 0.0277183 0.030416 0.15866 0.459259
9.9982E-005 0.490413 0.159173 9.9982E-005 0.00659063 0.214918 0.128705
9.9964E-005 9.9964E-005 9.9964E-005 9.9964E-005 0.170245 0.326505 0.50285
0.12745 0.0770265 0.0143392 9.9973E-005 9.9973E-005 0.780884 9.9973E-005
9.9964E-005 0.146965 0.0308502 9.9964E-005 9.9964E-005 0.821785 9.9964E-005
0.108082 0.103391 9.9982E-005 9.9982E-005 0.161926 0.0021981 0.624203
9.9955E-005 0.113157 9.9955E-005 9.9955E-005 9.9955E-005 0.886343 9.9955E-005
9.9973E-005 0.269737 9.9973E-005 0.106286 0.341995 9.9973E-005 0.281682
9.9964E-005 0.15931 9.9964E-005 0.109942 9.9964E-005 0.730349 9.9964E-005
9.9982E-005 0.0465761 0.174133 0.0392565 0.22793 9.9982E-005 0.511904
9.9982E-005 0.415911 9.9982E-005 0.14069 0.198201 0.069922 0.175077
9.9982E-005 0.16452 0.187447 0.116726 0.175168 9.9982E-005 0.355938
0.0422988 0.342532 9.9973E-005 9.9973E-005 0.0359692 0.5789 9.9973E-005
0.0954084 0.223935 0.247661 0.0675876 9.9982E-005 9.9982E-005 0.365207
0.0521167 0.163397 0.0348743 0.0784335 0.151619 0.0640479 0.455512
0.0392924 0.16219 0.0962391 0.00412188 0.0954853 0.265812 0.336859
0.0528806 0.19393 9.9973E-005 9.9973E-005 0.457365 9.9973E-005 0.295525
0.00969167 0.221384 0.0641022 0.126159 0.158901 0.0738308 0.345931
9.9991E-005 0.0708208 0.0348944 0.00349143 0.191188 0.377174 0.322332
9.9973E-005 0.11983 9.9973E-005 0.13625 0.317917 9.9973E-005 0.425703
9.9991E-005 0.298468 0.162468 0.0879722 0.0666605 0.131414 0.252918
0.0220775 0.162905 0.0198116 0.0148738 0.518925 0.113815 0.147592
0.096673 0.0393745 0.122674 0.00209541 0.295351 0.0557291 0.388103
9.9982E-005 0.279984 0.0819877 0.0934935 0.321464 9.9982E-005 0.222871
9.9991E-005 0.0742934 0.0756116 0.13499 0.306545 0.0524775 0.355983
9.9991E-005 0.0879934 0.157302 0.051127 0.0338374 0.0805132 0.589127
9.9973E-005 0.166592 9.9973E-005 0.0445628 0.142142 9.9973E-005 0.646404
9.9973E-005 0.0543217 9.9973E-005 0.0187767 0.498388 9.9973E-005 0.428214
9.9991E-005 0.107894 0.13674 0.177782 0.274334 0.115585 0.187565
9.9991E-005 0.091043 0.0510301 0.163362 0.279448 0.271081 0.143936
9.9982E-005 0.173591 0.0766483 9.9982E-005 0.33062 0.198334 0.220605
9.99731E-005 0.0421243 0.0779503 9.99731E-005 9.99731E-005 0.79518 0.0844451
9.9991E-005 0.114605 0.0749545 0.0675242 0.24594 0.207057 0.289819
9.9991E-005 0.216435 0.183728 0.158468 0.319461 0.0275854 0.0942239
9.9982E-005 0.192219 9.9982E-005 0.129094 0.163146 0.471113 0.044228
9.9991E-005 0.151708 0.0443148 0.0847101 0.217601 0.0691809 0.432386
9.9973E-005 0.132702 9.9973E-005 9.9973E-005 0.169964 0.204709 0.492325
0.000115918 0.407094 0.028576 9.9982E-005 9.9982E-005 0.356234 0.20778
9.9964E-005 0.240256 0.000432951 9.9964E-005 9.9964E-005 0.758912 9.9964E-005
9.9991E-005 0.0931988 0.0162923 0.202962 0.275333 0.119205 0.292909
9.9991E-005 0.405103 0.0832841 0.0497842 0.348275 0.0197217 0.0937316
9.9982E-005 0.380303 0.160439 0.0877682 9.9982E-005 0.00341388 0.367876
9.9982E-005 0.0306978 0.0516269 0.0522349 9.9982E-005 0.231991 0.633249
9.9982E-005 0.41737 0.0953438 0.0665451 9.9982E-005 0.368659 0.051882
9.9973E-005 9.9973E-005 9.9973E-005 0.105461 0.241279 0.0841043 0.568856
0.0167552 0.122198 0.188667 0.0335412 0.309749 9.9991E-005 0.32899
9.9973E-005 0.153504 0.0345423 0.144452 9.9973E-005 9.9973E-005 0.667201
0.0119006 0.133464 0.0817783 0.0938869 0.352585 9.9991E-005 0.326285
9.9973E-005 0.0850781 0.16143 9.9973E-005 0.0482854 0.704906 9.9973E-005
0.0845683 0.414475 0.0184993 0.0557171 9.9991E-005 0.414379 0.012261
9.9973E-005 0.157566 0.0892264 9.9973E-005 0.239151 9.9973E-005 0.513756
9.9982E-005 0.223257 0.11276 9.9982E-005 0.302249 0.0442141 0.31732
9.9973E-005 9.9973E-005 0.0599508 9.9973E-005 0.302034 0.0533252 0.58439
9.9964E-005 0.129479 9.9964E-005 9.9964E-005 0.432244 0.437877 9.9964E-005
0.0242264 0.15373 9.9964E-005 9.9964E-005 9.9964E-005 0.821644 9.9964E-005
9.9973E-005 0.228679 9.9973E-005 9.9973E-005 0.176598 0.364857 0.229566
9.9991E-005 0.0164927 0.0211579 0.0989506 0.384162 0.006351 0.472786
0.0109774 0.203358 0.0208895 0.0919543 9.9991E-005 0.0581242 0.614596
9.9982E-005 0.016184 0.115146 0.145499 0.0851019 9.9982E-005 0.637869
9.9973E-005 0.0361746 0.15619 9.9973E-005 0.188513 9.9973E-005 0.618823
0.0109484 0.124541 0.0194625 9.9973E-005 9.9973E-005 0.844748 9.9973E-005
0.0414449 9.9982E-005 9.9982E-005 0.0535867 0.155967 0.0191808 0.72962
0.00218332 0.000972763 0.266789 0.0209855 0.211419 9.9991E-005 0.497551
9.9982E-005 9.9982E-005 0.0337274 0.0300582 0.34982 0.0797313 0.506463
0.0137867 0.285895 9.9982E-005 9.9982E-005 0.110467 0.537458 0.0521931
0.0135037 0.00975737 9.9991E-005 0.023331 0.285547 0.00774008 0.660021
9.9973E-005 9.9973E-005 0.0976638 9.9973E-005 0.58228 0.055533 0.264224
0.0302191 0.00706966 9.9991E-005 0.0843954 0.291084 0.0127744 0.574357
9.9982E-005 0.174086 9.9982E-005 0.151249 0.175823 0.0584934 0.440149
9.9973E-005 0.106026 9.9973E-005 0.0411777 9.9973E-005 0.555174 0.297322
0.038553 0.049245 0.0796687 9.9973E-005 9.9973E-005 0.832233 9.9973E-005
9.9982E-005 0.227502 0.147894 0.212867 0.36079 9.9982E-005 0.0507471
0.101013 0.243478 0.196588 0.0566842 0.115939 9.9991E-005 0.286198
9.9973E-005 0.15439 9.9973E-005 0.130271 0.422532 9.9973E-005 0.292507
9.9964E-005 0.229319 9.9964E-005 0.135376 0.634904 9.9964E-005 9.9964E-005
9.9991E-005 0.00860294 0.141696 0.0429664 0.114457 0.368313 0.323865
0.137004 0.136912 0.0509457 0.0896837 0.210127 0.0246931 0.350635
0.0204566 0.0170334 9.9991E-005 0.0451094 0.183076 0.209969 0.524255
9.99549E-005 9.99549E-005 0.992323 0.00717715 9.99549E-005 9.99549E-005 9.99549E-005
0.0774608 0.0848905 0.0829617 0.0677769 9.9991E-005 0.484487 0.202323
9.9991E-005 0.00562876 0.0515116 0.1682 0.207983 0.291228 0.275349
9.99549E-005 9.99549E-005 0.963011 9.99549E-005 9.99549E-005 0.0364888 9.99549E-005
9.9982E-005 0.306158 0.0557499 0.0607244 9.9982E-005 0.485647 0.0915206
9.9982E-005 0.165227 9.9982E-005 0.0748658 0.248722 0.110577 0.400409
0.0486812 0.238967 0.0442591 0.0619453 0.0890131 0.316532 0.200602
9.9982E-005 0.0499128 9.9982E-005 0.07936 0.509336 0.268726 0.0924655
0.0104058 0.343618 0.0690405 0.158781 0.18768 0.160758 0.069717
0.0668598 0.228389 9.9973E-005 9.9973E-005 9.9973E-005 0.700378 0.00407405
9.9991E-005 0.0524859 0.0777191 0.124071 0.221574 0.230146 0.293904
9.9991E-005 0.371979 0.00814018 0.17316 0.0497171 0.14118 0.255724
9.9982E-005 0.0940696 0.148529 0.209511 0.192131 9.9982E-005 0.35556
0.0345484 0.158443 0.104781 0.0634603 9.9982E-005 9.9982E-005 0.638567
0.137786 0.0401648 0.0443642 0.0156804 0.443937 9.9991E-005 0.317968
9.9982E-005 9.9982E-005 0.0116347 0.19529 0.618385 0.0201006 0.154389
0.126048 9.9982E-005 0.0798435 9.9982E-005 0.170419 0.300132 0.323357
9.9982E-005 0.0616962 0.0226443 0.0203781 9.9982E-005 0.677607 0.217474
0.0585332 0.249003 9.9991E-005 0.0465033 0.126195 0.333968 0.185698
9.9982E-005 0.350398 0.0149078 0.237438 0.298712 9.9982E-005 0.0983443
9.9982E-005 0.192185 0.0440833 0.176806 0.429066 9.9982E-005 0.15766
9.9982E-005 0.185623 0.0131725 0.0110025 0.0377338 0.752269 9.9982E-005
9.9973E-005 9.9973E-005 0.0944114 0.180896 0.564295 9.9973E-005 0.160097
0.0929902 0.36297 0.0729291 9.9982E-005 0.0661709 9.9982E-005 0.40474
0.0106515 0.147403 9.9991E-005 0.0403726 0.211723 0.216875 0.372874
0.0830882 0.247206 0.18237 9.9982E-005 0.177967 9.9982E-005 0.309169
9.9991E-005 0.314374 0.0540387 0.0318999 0.415181 0.124168 0.060239
9.9983E-005 0.304317 0.0986148 0.203567 0.239853 9.9983E-005 0.153448
9.9991E-005 0.216555 0.0467486 0.177632 0.264062 0.0248921 0.270009
9.9982E-005 0.0796758 0.0412664 0.154741 0.257537 9.9982E-005 0.46658
9.9964E-005 9.9964E-005 0.180126 9.9964E-005 0.233171 9.9964E-005 0.586304
9.9973E-005 0.284803 9.9973E-005 0.087441 0.531719 0.0957371 9.9973E-005
9.9982E-005 0.268728 0.11313 0.0746702 0.0676131 0.475659 9.9982E-005
9.9991E-005 0.205857 0.0783028 0.018653 0.268116 0.273261 0.155711
0.0437048 0.253886 0.169079 0.032297 0.160152 0.081352 0.25953
0.0953995 0.315523 0.0209789 0.0875718 0.0579715 0.0835997 0.338956
9.9973E-005 0.255955 9.9973E-005 9.9973E-005 0.271909 0.0376054 0.434231
0.0156662 0.129873 9.9964E-005 9.9964E-005 9.9964E-005 0.854061 9.9964E-005
9.9991E-005 0.151756 0.12686 0.0528789 0.441744 0.0618173 0.164844
9.9982E-005 0.587135 0.123573 9.9982E-005 0.0109047 0.152246 0.125941
0.0544941 0.376045 0.135382 0.0559575 0.259067 9.9991E-005 0.118954
9.9973E-005 0.350923 9.9973E-005 9.9973E-005 0.0963795 0.179354 0.373043
9.9973E-005 0.158131 9.9973E-005 0.0462621 0.273173 0.522134 9.9973E-005
9.9991E-005 0.246678 0.018911 0.105808 0.074487 0.366827 0.187189
0.020221 0.206311 9.9973E-005 9.9973E-005 9.9973E-005 0.483004 0.290165
9.9964E-005 0.039963 9.9964E-005 9.9964E-005 0.563718 9.9964E-005 0.395919
9.9973E-005 0.133346 9.9973E-005 0.0895135 0.0784402 0.6984 9.9973E-005
9.9982E-005 0.187657 9.9982E-005 0.0785212 0.00311192 0.393421 0.337089
9.9982E-005 0.165649 0.00706292 0.0681552 0.554281 9.9982E-005 0.204652
9.99551E-005 0.056985 9.99551E-005 9.99551E-005 9.99551E-005 0.942515 9.99551E-005
9.9964E-005 0.40503 9.9964E-005 9.9964E-005 0.199277 0.395294 9.9964E-005
9.9991E-005 0.219717 0.0158678 0.0647368 0.437091 0.0486089 0.213879
9.9973E-005 0.330479 9.9973E-005 9.9973E-005 0.088349 0.299166 0.281706
9.9991E-005 0.127066 0.187648 0.0405706 0.0159972 0.164471 0.464148
0.0296429 0.0420093 0.0353651 0.00331476 0.312129 0.0227307 0.554809
9.9982E-005 0.183257 9.9982E-005 0.112175 0.226719 0.284752 0.192897
9.9973E-005 0.185147 9.9973E-005 0.0457031 0.135749 9.9973E-005 0.633101
9.9973E-005 0.0194781 0.00828873 9.9973E-005 0.494891 9.9973E-005 0.477043
0.0672843 0.0633001 0.0893192 0.0385094 0.207562 0.0949499 0.439075
0.0517777 0.36701 0.158273 9.9982E-005 0.288738 0.134001 9.9982E-005
0.0191101 0.0495684 0.0290192 0.0342061 0.0919431 0.260157 0.515996
0.128069 0.0176505 0.0474105 0.111015 0.323385 9.9991E-005 0.37237
9.9991E-005 0.0697649 0.120711 0.0249197 0.184047 0.0863873 0.51407
9.9982E-005 0.306347 0.0541532 0.25177 0.155976 9.9982E-005 0.231553
9.9982E-005 0.206872 0.02088 0.0223214 0.545043 9.9982E-005 0.204683
9.9991E-005 0.210047 0.115892 0.14827 0.0525554 0.265325 0.20781
9.9964E-005 9.9964E-005 0.00348841 9.9964E-005 0.426883 9.9964E-005 0.569228
9.9982E-005 0.192579 0.190589 0.0152051 0.49611 9.9982E-005 0.105317
0.0818367 0.158394 0.0709549 0.178693 0.42852 9.9991E-005 0.0815007
0.281167 0.144391 9.9982E-005 0.00745051 0.390612 9.9982E-005 0.17618
9.9982E-005 0.338556 0.0793588 0.0998582 0.281559 0.200468 9.9982E-005
0.0704146 9.9973E-005 0.0723506 9.9973E-005 0.340301 9.9973E-005 0.516634
9.9991E-005 0.29102 0.0550698 0.0395489 0.217643 0.140402 0.256216
9.9991E-005 0.0431673 0.168158 0.120449 0.293528 0.0537105 0.320888
0.0495391 0.037409 0.0629811 0.11695 0.144193 9.9991E-005 0.588828
0.0211104 0.159124 0.0406411 0.0989509 0.344104 9.9991E-005 0.33597
9.9973E-005 0.335831 9.9973E-005 0.0883156 9.9973E-005 0.234054 0.341499
9.9982E-005 0.240795 9.9982E-005 0.0659714 0.150694 0.395243 0.147096
9.9973E-005 9.9973E-005 0.0214296 0.0718692 0.128151 9.9973E-005 0.77825
9.9973E-005 9.9973E-005 0.0943008 0.152108 0.305872 9.9973E-005 0.447419
0.0667964 0.0535121 9.9973E-005 9.9973E-005 0.376796 9.9973E-005 0.502596
0.0699686 0.268703 0.012486 9.9982E-005 0.428269 9.9982E-005 0.220373
9.9982E-005 0.0885752 0.209453 9.9982E-005 0.169849 0.315841 0.216082
9.9991E-005 0.415007 0.0677354 0.0668998 0.121392 0.142878 0.185988
0.0498668 0.28343 0.0805432 0.102093 0.323487 9.9991E-005 0.16048
9.9991E-005 0.201591 0.11042 0.0544177 0.00825132 0.467591 0.157629
9.9973E-005 9.9973E-005 9.9973E-005 0.0772827 0.347497 0.184146 0.390775
0.120169 0.261326 0.0338074 9.9991E-005 0.156403 0.0677983 0.360397
9.9973E-005 0.246217 0.0318977 9.9973E-005 0.089836 0.63175 9.9973E-005
0.0140306 0.123853 0.165368 0.058691 0.499842 9.9991E-005 0.138115
9.9991E-005 0.110479 0.06463 0.0791643 0.308801 0.0295062 0.40732
9.9991E-005 0.0762291 0.0981096 0.0184674 0.194933 0.0172951 0.594865
9.9982E-005 0.0389966 0.0997315 0.196451 0.159177 9.9982E-005 0.505444
0.148007 0.239019 0.181172 9.9982E-005 0.185331 9.9982E-005 0.246271
9.9982E-005 0.147217 0.140529 0.031799 0.395855 9.9982E-005 0.284401
0.0100985 9.9973E-005 9.9973E-005 0.139018 0.188027 9.9973E-005 0.662557
9.9982E-005 0.115185 0.00460319 0.0203261 0.202277 9.9982E-005 0.657409
9.9991E-005 0.172057 0.0228669 0.159264 0.313701 0.186761 0.145249
0.00337866 0.188157 9.9982E-005 0.0396053 0.359434 9.9982E-005 0.409225
9.9982E-005 0.206657 0.103969 0.104919 0.0814537 9.9982E-005 0.5028
9.9982E-005 0.596977 0.0100421 0.180519 0.14456 0.0677026 9.9982E-005
9.9982E-005 0.395194 0.00737206 0.136152 0.0656563 9.9982E-005 0.395425
9.9973E-005 0.199849 0.0980356 9.9973E-005 0.172817 9.9973E-005 0.528998
9.9973E-005 9.9973E-005 0.0137911 9.9973E-005 0.259194 0.355721 0.370994
0.00013787 0.368441 0.00314934 9.9982E-005 9.9982E-005 0.250512 0.377561
9.9991E-005 0.175684 0.00321455 0.0507901 0.182584 0.0310133 0.556613
9.9973E-005 0.102073 9.9973E-005 9.9973E-005 0.061014 0.541906 0.294707
9.9982E-005 0.152962 0.0350598 0.129555 0.396603 9.9982E-005 0.28562
9.9973E-005 0.242386 9.9973E-005 9.9973E-005 0.139377 0.296479 0.321459
0.0565083 9.9991E-005 0.0623171 0.0862814 0.2859 0.0388269 0.470066
9.9973E-005 0.630506 0.060002 9.9973E-005 0.244079 0.065113 9.9973E-005
0.140717 0.161658 0.0357405 9.9991E-005 0.0464337 0.296242 0.319109
9.9982E-005 0.216294 0.192135 0.0611168 9.9982E-005 0.436247 0.0940077
9.9982E-005 0.0319798 9.9982E-005 0.0819344 0.53465 0.0411219 0.310114
9.9973E-005 0.221972 0.0746977 9.9973E-005 0.175054 9.9973E-005 0.527976
9.9991E-005 0.188502 0.0390444 0.0903336 0.0770414 0.286389 0.318589
9.9973E-005 0.290614 9.9973E-005 0.208088 0.129552 9.9973E-005 0.371446
9.9982E-005 9.9982E-005 0.0323464 0.0508435 0.427866 0.0110601 0.477684
0.00545999 0.097939 0.000512558 0.0496586 9.9991E-005 0.834344 0.0119862
9.9982E-005 0.144974 0.0501889 0.0542401 0.385773 9.9982E-005 0.364624
0.0361916 0.0980158 9.9973E-005 9.9973E-005 0.295174 9.9973E-005 0.570318
9.9982E-005 0.102257 0.0368137 0.139061 0.130771 9.9982E-005 0.590897
9.9982E-005 0.204414 0.0548217 0.119897 0.286111 9.9982E-005 0.334557
9.9973E-005 0.149936 9.9973E-005 0.0804965 0.257754 9.9973E-005 0.511513
9.9973E-005 9.9973E-005 0.0720149 0.131617 0.435417 9.9973E-005 0.360651
9.9973E-005 9.9973E-005 0.122664 0.131631 0.077598 9.9973E-005 0.667807
9.9982E-005 0.260637 9.9982E-005 0.129014 0.0684735 0.0959846 0.445691
9.9991E-005 0.299371 0.00507733 0.197468 0.0658237 0.386892 0.0452686
9.9982E-005 0.138082 0.0519379 9.9982E-005 0.350355 0.0221465 0.437279
0.0108136 0.0808063 0.0415666 9.9982E-005 0.131858 9.9982E-005 0.734756
9.9991E-005 0.307475 0.0302927 0.0635077 0.297756 0.134683 0.166186
9.9982E-005 0.306204 0.00730427 0.010167 9.9982E-005 0.353184 0.32294
0.0303603 9.9982E-005 0.0480315 0.0719019 0.33193 9.9982E-005 0.517576
9.9973E-005 0.167778 0.00723805 9.9973E-005 9.9973E-005 0.223945 0.600739
9.9982E-005 0.0615079 9.9982E-005 0.0321988 0.369895 0.0223537 0.513845
9.9973E-005 0.366267 9.9973E-005 9.9973E-005 0.136611 0.272875 0.223948
9.9991E-005 0.155582 0.109625 0.0450102 0.39249 0.133007 0.164186
9.9982E-005 0.266831 0.112741 9.9982E-005 0.0272586 0.401136 0.191834
9.9982E-005 0.153698 9.9982E-005 0.0630349 0.0782389 0.227472 0.477357
0.0337837 0.113303 0.17912 0.114852 0.344973 0.013233 0.200736
9.9991E-005 0.24511 0.0346969 0.12194 0.0349954 0.179816 0.383342
9.9982E-005 0.143537 0.0749256 0.0499921 0.423787 9.9982E-005 0.307558
0.00276292 0.13641 0.0371429 0.0260178 0.247069 0.0459993 0.504598
9.9982E-005 0.232229 0.185654 0.0477805 0.331404 9.9982E-005 0.202732
0.0601302 0.296696 0.073684 9.9991E-005 0.0997005 0.160717 0.308971
9.9973E-005 0.142711 0.0981736 9.9973E-005 0.626084 9.9973E-005 0.132731
9.9982E-005 0.103078 0.08006 0.262003 0.339551 9.9982E-005 0.215108
9.9982E-005 0.0852744 0.00625336 0.102206 0.253887 9.9982E-005 0.55218
0.0396353 0.0364809 9.9991E-005 0.0763929 0.172156 0.508316 0.166919
0.0080392 9.9973E-005 9.9973E-005 0.082305 0.0544287 0.854927 9.9973E-005
9.9982E-005 0.137506 9.9982E-005 0.0966449 0.25429 0.094062 0.417297
9.9982E-005 0.108484 9.9982E-005 0.159428 0.343659 0.103746 0.284483
9.9991E-005 0.295422 0.0934735 0.132114 0.422117 0.0317866 0.0249868
9.9991E-005 0.3112 0.0665364 0.101307 0.305782 0.103603 0.111472
9.9991E-005 0.144791 0.0516087 0.125454 0.141644 0.237637 0.298765
9.9982E-005 0.144912 0.012332 0.245221 9.9982E-005 0.0620069 0.535328
0.0330652 0.060826 0.122975 0.0866454 0.386397 9.9991E-005 0.309991
0.0246439 0.0361832 0.0286826 0.0473156 0.513582 0.0100081 0.339584
9.9991E-005 0.0566744 0.134763 0.0234831 0.36516 0.0138931 0.405926
0.0432115 9.9982E-005 0.0571985 0.150405 0.15479 9.9982E-005 0.594195
9.9973E-005 0.156209 0.027721 9.9973E-005 0.121984 9.9973E-005 0.693786
9.9982E-005 0.185957 0.00881465 0.0954563 0.0979375 9.9982E-005 0.611634
0.01127 0.449782 0.245803 9.9982E-005 0.132335 9.9982E-005 0.160611
0.0900702 0.0873119 0.000230116 0.0270858 0.435451 9.9991E-005 0.359751
9.9991E-005 0.165427 0.0748334 0.217864 0.124411 0.0267843 0.390581
0.0259487 0.105365 0.00135894 0.165674 0.295291 0.00293854 0.403423
9.9973E-005 0.0638105 9.9973E-005 0.159282 0.581207 9.9973E-005 0.1954
9.9982E-005 9.9982E-005 0.140665 0.13323 0.0705978 0.159347 0.49596
0.0875134 0.131625 0.079966 0.0199352 9.9991E-005 0.503971 0.17689
9.9991E-005 0.292062 0.00630059 0.077906 0.207427 0.35976 0.0564445
0.0076704 9.9973E-005 9.9973E-005 0.0114351 9.9973E-005 0.732268 0.248327
9.9973E-005 0.0378354 9.9973E-005 0.178761 0.301393 9.9973E-005 0.481711
9.9964E-005 9.9964E-005 9.9964E-005 0.0164506 9.9964E-005 0.771289 0.211861
0.0251208 0.292734 0.0614043 9.9982E-005 0.0215453 0.598996 9.9982E-005
9.9982E-005 0.154609 0.00880847 0.199285 0.427389 9.9982E-005 0.209708
0.0926758 0.0408546 0.108423 0.056211 0.303715 9.9991E-005 0.39802
0.0223807 0.140577 0.0737753 0.0750942 0.303888 9.9991E-005 0.384185
9.9973E-005 0.149161 9.9973E-005 0.0250261 9.9973E-005 0.635745 0.189769
0.03477 0.0113647 0.104755 9.9982E-005 0.353392 9.9982E-005 0.495518
9.9973E-005 0.347112 9.9973E-005 0.0679673 0.234716 0.349904 9.9973E-005
0.0163384 0.00889911 0.178875 0.162167 0.118813 0.0212562 0.493652
9.9973E-005 9.9973E-005 0.0432021 0.139919 0.0571204 0.759458 9.9973E-005
0.104248 0.296045 0.0575908 0.0470271 0.225334 0.0698367 0.199918
9.9982E-005 0.0346203 9.9982E-005 0.107326 0.228646 0.0181362 0.611072
9.9973E-005 0.118457 9.9973E-005 0.0379339 0.202409 9.9973E-005 0.6409
0.0298354 0.160591 0.0587263 9.9982E-005 0.498915 9.9982E-005 0.251732
0.0251263 0.205754 9.9973E-005 9.9973E-005 9.9973E-005 0.57625 0.192571
9.9982E-005 0.145717 0.00658245 9.9982E-005 0.438063 0.158271 0.251167
0.0468102 0.337051 0.0961974 0.0861527 9.9991E-005 0.305376 0.128313
9.9982E-005 0.159881 0.0572137 0.244901 0.031306 9.9982E-005 0.506498
9.9982E-005 0.129182 9.9982E-005 0.0220032 0.0563786 0.662998 0.129237
0.161268 0.0972431 0.0419636 0.0322509 0.396782 0.0770716 0.19342
9.9964E-005 0.259611 9.9964E-005 9.9964E-005 0.42506 0.314929 9.9964E-005
9.9982E-005 0.021401 0.072305 0.0507269 0.505507 9.9982E-005 0.34986
0.0392408 0.326539 9.9982E-005 9.9982E-005 0.439907 0.148993 0.0451203
9.9991E-005 0.00802186 0.00798539 0.051926 0.206283 0.551654 0.17403
0.0373374 0.193596 0.131329 0.168077 0.0595198 9.9991E-005 0.410042
0.0263615 0.186485 0.0257063 0.136943 0.130209 9.9991E-005 0.494195
9.9982E-005 0.0725894 0.0570489 0.133752 0.495353 9.9982E-005 0.241057
9.9982E-005 9.9982E-005 0.135169 0.131099 0.462521 0.00163241 0.269379
9.9991E-005 0.251714 0.17284 0.007479 0.165949 0.356248 0.0456699
0.0393198 0.0885169 0.0381372 0.0188374 0.447615 9.9991E-005 0.367473
0.019505 0.0526753 9.9982E-005 0.0826029 0.37934 9.9982E-005 0.465677
0.0378236 0.152174 0.0693835 9.9991E-005 0.0575124 0.0426711 0.640335
9.9982E-005 0.399367 0.00643438 0.0435433 9.9982E-005 0.337941 0.212514
9.9982E-005 0.262476 0.104275 9.9982E-005 0.182186 0.189876 0.260987
9.9973E-005 9.9973E-005 9.9973E-005 0.162952 0.435358 0.0152797 0.38611
9.9982E-005 0.395368 0.0753502 0.320657 0.153798 0.0546269 9.9982E-005
9.9982E-005 0.162392 0.00354129 0.173538 0.453793 0.206536 9.9982E-005
0.0162053 0.376006 0.127641 0.0557324 0.246817 9.9991E-005 0.177499
0.0279924 0.178804 0.0726637 0.072667 0.233104 0.294637 0.120132
9.9991E-005 0.413092 0.167805 0.249008 0.00618778 0.0707036 0.0931035
9.9982E-005 0.20208 9.9982E-005 0.19304 0.0249613 0.367939 0.21178
0.113063 0.013499 0.0531028 9.9982E-005 0.136125 9.9982E-005 0.68401
9.9973E-005 9.9973E-005 0.0423915 0.120927 0.176487 9.9973E-005 0.659894
9.9973E-005 0.0604677 9.9973E-005 0.0679706 0.250286 9.9973E-005 0.620975
0.00531035 9.9973E-005 0.111438 9.9973E-005 0.339622 9.9973E-005 0.54333
0.0628602 0.215988 0.196512 0.0960439 9.9982E-005 9.9982E-005 0.428396
0.0250723 0.183776 0.0361965 0.109352 0.0987067 9.9991E-005 0.546797
9.9991E-005 0.0973346 0.027834 0.165811 0.301119 0.236219 0.171583
9.9973E-005 0.32313 0.0429162 9.9973E-005 0.471101 9.9973E-005 0.162554
9.9982E-005 0.0733132 0.0147004 0.142412 0.219061 9.9982E-005 0.550313
0.00438245 0.111526 9.9991E-005 0.00430373 0.079642 0.0937215 0.706324
9.9991E-005 0.326383 0.0422734 0.0854426 0.269683 0.0678062 0.208312
0.082027 0.214099 9.9991E-005 0.0734094 0.301455 0.24633 0.0825799
0.0435898 0.068317 0.141239 0.163902 0.356331 9.9991E-005 0.226521
0.1084 0.241008 0.0171173 0.101828 0.0214264 9.9991E-005 0.510119
9.9955E-005 0.418587 9.9955E-005 9.9955E-005 9.9955E-005 0.580913 9.9955E-005
0.0179193 0.124626 0.00550647 9.9991E-005 0.164798 0.596469 0.0905819
9.9982E-005 0.16751 0.127281 0.239949 0.146052 9.9982E-005 0.319007
0.280857 9.9991E-005 0.0647063 0.227751 0.103892 0.00486296 0.317831
0.410469 0.0737327 0.0297055 0.270656 0.18926 0.0260763 9.9991E-005
0.326862 0.0318844 0.0301764 0.2606 0.0936976 0.00200534 0.254774
0.0570535 0.115418 0.0295434 0.00392235 0.401956 9.9991E-005 0.392006
0.434893 9.9982E-005 0.0131347 0.165315 0.121835 9.9982E-005 0.264622
0.397928 0.0555297 0.0527772 0.184018 9.9991E-005 0.00455693 0.305091
0.421482 9.9991E-005 0.0772724 0.00554138 0.41628 0.0369179 0.0424063
0.371475 9.9991E-005 0.0951591 0.363586 0.121599 0.016056 0.0320246
0.350464 9.9991E-005 0.000102038 0.275668 0.273358 0.0190683 0.0812398
0.308967 0.100016 0.0715392 0.182504 0.0346164 9.9991E-005 0.302257
0.205623 0.236316 0.0798067 0.108132 0.25426 9.9991E-005 0.115762
0.354349 0.00811911 0.0567963 0.156008 0.307757 0.0251971 0.0917727
0.133086 9.9982E-005 0.135758 0.11103 0.378911 9.9982E-005 0.241015
0.176962 9.9982E-005 0.0803567 0.436819 0.195769 9.9982E-005 0.109892
0.252467 9.9982E-005 0.0574035 0.278467 0.296903 9.9982E-005 0.11456
0.476598 0.0849032 9.9982E-005 0.0993234 0.2632 0.0757757 9.9982E-005
0.416401 0.0459976 0.105996 9.9982E-005 0.201979 9.9982E-005 0.229427
0.288961 0.263308 9.9982E-005 0.149292 0.293884 9.9982E-005 0.00435561
0.104474 9.9964E-005 0.153778 9.9964E-005 9.9964E-005 0.741348 9.9964E-005
0.275216 9.9991E-005 0.128712 0.102092 0.175777 0.0482083 0.269896
0.202426 0.0378979 0.130964 0.361817 0.104785 0.00338925 0.158721
0.0268836 0.223815 0.0202673 0.0564813 0.293262 0.0803805 0.298911
0.650673 0.07998 9.9982E-005 0.152019 0.00297707 9.9982E-005 0.11415
0.434754 0.16791 0.157372 0.239664 9.9973E-005 9.9973E-005 9.9973E-005
0.149081 0.121283 0.196423 0.0203091 0.326738 0.00586504 0.1803
0.430518 9.9982E-005 9.9982E-005 0.273667 0.103808 0.0362017 0.155605
0.288196 9.9982E-005 0.00982055 0.159738 0.424598 9.9982E-005 0.117448
0.245516 9.9991E-005 0.0858982 0.275111 0.18558 0.0124042 0.195391
0.468559 9.9982E-005 9.9982E-005 0.214382 0.227218 0.0414697 0.0481714
0.29712 9.9982E-005 0.119037 0.374417 0.169063 0.0401626 9.9982E-005
0.523488 0.0900027 0.0396819 0.147556 0.199071 9.9982E-005 9.9982E-005
0.719676 0.191595 9.9973E-005 9.9973E-005 9.9973E-005 0.00692189 0.0815072
0.300847 0.0681842 0.0869167 0.376673 0.00569177 0.0145016 0.147186
0.353609 9.9982E-005 0.0560445 0.172468 0.305368 9.9982E-005 0.112311
0.430428 9.9973E-005 0.00735173 9.9973E-005 0.453058 0.108863 9.9973E-005
0.421678 0.013584 0.0976638 0.0803407 0.386534 9.9982E-005 9.9982E-005
0.401654 0.0636053 0.115056 0.179293 0.0696086 0.0824279 0.0883559
9.9982E-005 0.0862968 0.0195876 0.248533 0.297324 9.9982E-005 0.348059
0.418267 9.9991E-005 0.186864 0.240423 0.0819022 0.0185958 0.0538474
0.218448 9.9991E-005 0.0389707 0.312135 0.286865 0.011056 0.132425
0.372089 0.132091 0.108599 0.0178482 0.305212 9.9991E-005 0.0640612
0.292744 0.0379495 0.0750595 0.205094 0.296373 9.9991E-005 0.0926804
0.759213 0.140438 9.9964E-005 9.9964E-005 9.9964E-005 9.9964E-005 0.0999493
0.123531 0.130154 0.0347231 0.0921674 0.0721274 0.0154428 0.531854
0.535729 9.9973E-005 9.9973E-005 0.169143 9.9973E-005 0.000799514 0.294029
0.0583159 0.235708 0.000312188 9.9991E-005 0.201186 0.261898 0.24248
0.0393812 0.25995 0.0358565 0.165622 0.329706 9.9991E-005 0.169384
0.108679 0.0653983 0.0215822 0.0973085 0.305124 0.0497942 0.352114
0.371889 9.9982E-005 0.230412 9.9982E-005 0.356116 0.00398671 0.0373961
0.313817 9.9991E-005 0.0881625 0.302468 0.162151 0.0197594 0.113542
0.466013 9.9991E-005 0.017536 0.346751 0.0280068 0.00661252 0.134981
0.467595 0.0402718 9.9982E-005 0.119598 0.262806 9.9982E-005 0.109529
0.247784 0.0585069 9.9991E-005 0.332296 0.274343 0.00655378 0.080416
0.375572 9.9973E-005 9.9973E-005 0.344198 0.192887 9.9973E-005 0.0870424
0.377355 0.0289231 0.0171319 0.036836 0.265484 9.9991E-005 0.27417
0.590843 9.9982E-005 0.0477266 0.0718043 0.176763 9.9982E-005 0.112663
0.468566 0.024203 0.0699735 9.9991E-005 0.253548 0.00231952 0.18129
0.0260335 0.355748 9.9982E-005 0.412229 0.0904575 9.9982E-005 0.115332
0.564102 9.9973E-005 9.9973E-005 0.12926 0.191747 9.9973E-005 0.114592
0.525932 9.9973E-005 9.9973E-005 0.138628 0.202491 9.9973E-005 0.132649
0.458166 9.9991E-005 0.0287698 0.259626 0.130268 0.0216773 0.101394
0.483177 0.0504904 0.0262138 0.138453 0.301466 9.9982E-005 9.9982E-005
0.0634238 0.230139 9.9982E-005 0.0677771 0.194963 9.9982E-005 0.443497
0.348537 9.9982E-005 9.9982E-005 0.215528 0.419324 0.0146574 0.001754
0.0128121 0.148997 9.9991E-005 0.00897169 0.201355 0.275224 0.352541
0.312045 9.9991E-005 0.0889115 0.293139 0.0918048 0.00662039 0.207379
0.339762 9.9982E-005 0.104506 0.170363 0.327002 0.0581669 9.9982E-005
0.0620379 0.150438 9.9982E-005 9.9982E-005 0.414252 0.101571 0.2715
0.264202 9.9991E-005 0.0123108 0.443911 0.154052 0.0513637 0.0740603
0.431871 9.9973E-005 9.9973E-005 0.0483842 0.495629 9.9973E-005 0.0238163
0.271824 0.241109 9.9964E-005 0.486667 9.9964E-005 9.9964E-005 9.9964E-005
0.274027 9.9973E-005 0.0180211 0.247496 0.460157 9.9973E-005 9.9973E-005
0.277864 0.0507124 0.182286 0.144424 0.100297 0.0247413 0.219675
0.327545 9.9973E-005 9.9973E-005 0.321746 0.195921 9.9973E-005 0.154489
0.518296 0.00403368 9.9991E-005 0.198427 0.109527 0.056652 0.112965
0.357229 9.9991E-005 0.0867501 0.120796 0.0541689 0.0216705 0.359286
0.170201 0.0662969 0.132149 0.104242 0.354673 9.9991E-005 0.172338
0.302728 0.225904 0.0735358 0.188038 0.201567 9.9991E-005 0.00812712
0.225911 0.144752 9.9982E-005 0.160697 0.283764 9.9982E-005 0.184677
0.017974 0.223138 9.9964E-005 9.9964E-005 9.9964E-005 0.758488 9.9964E-005
0.340827 9.9982E-005 9.9982E-005 0.275086 0.275082 0.0153986 0.0934063
0.0428322 0.0498762 0.0510528 0.0727211 0.172522 0.0914616 0.519534
0.491256 0.0832366 0.0899088 0.168742 0.166657 9.9982E-005 9.9982E-005
0.213174 9.99909E-005 0.161788 0.305439 0.198637 9.99909E-005 0.120762
0.12162 9.9982E-005 0.0206156 0.152568 0.574133 9.9982E-005 0.130863
0.10768 0.0115472 0.0418195 0.00946049 0.476943 9.9991E-005 0.35245
0.375654 0.165432 9.9982E-005 0.163356 0.222156 9.9982E-005 0.0732021
0.306614 9.9973E-005 9.9973E-005 0.266124 0.276648 9.9973E-005 0.150314
0.371485 0.0461602 9.9982E-005 0.317976 0.124975 9.9982E-005 0.139204
0.390234 9.9991E-005 0.019591 0.285377 0.100699 0.00621743 0.197782
0.061337 0.160535 0.195952 0.16398 0.168763 9.9991E-005 0.249334
0.3143 0.272573 9.9973E-005 0.251759 0.161068 9.9973E-005 9.9973E-005
0.292888 0.109804 9.9982E-005 0.200914 0.368047 9.9982E-005 0.0281467
0.368215 0.181563 9.9982E-005 0.156208 0.270739 9.9982E-005 0.0230747
0.0647531 0.0267919 0.0801175 9.9991E-005 0.294224 0.0309715 0.503042
0.450158 0.171049 0.0126849 0.119764 0.128547 9.9991E-005 0.117696
0.410814 0.0817414 0.052908 0.151097 0.30324 9.9982E-005 9.9982E-005
0.295379 0.0939064 0.0681462 0.152406 0.224904 9.9991E-005 0.165158
0.203468 9.9991E-005 0.0835811 0.399662 0.185838 0.00403176 0.12332
9.9982E-005 0.23618 0.0712156 0.123224 0.180289 9.9982E-005 0.388892
9.9973E-005 0.11572 9.9973E-005 0.0308904 0.00169588 0.851394 9.9973E-005
0.316208 0.119028 9.9973E-005 0.0852251 0.47924 9.9973E-005 9.9973E-005
0.191699 0.0659172 0.0147257 0.361278 9.9982E-005 9.9982E-005 0.36618
0.388238 0.223769 0.0788713 0.00133319 0.15033 9.9991E-005 0.157358
0.350021 9.9991E-005 0.172623 0.0848086 0.348561 0.0394017 0.00448396
0.43249 9.9982E-005 0.0289103 0.276978 9.9982E-005 0.0551351 0.206287
0.525868 9.9973E-005 0.0640921 9.9973E-005 0.288595 9.9973E-005 0.121145
0.400351 0.0356534 9.9973E-005 0.120262 0.443433 9.9973E-005 9.9973E-005
0.544381 0.0646952 9.9991E-005 0.076875 0.108326 0.0260046 0.179618
0.389565 9.9991E-005 0.0170796 0.232109 0.269484 0.0353991 0.0562635
0.336597 0.115744 0.0949236 0.0381978 0.22193 9.9991E-005 0.192508
0.0558214 0.24924 0.124308 0.0786433 0.200987 9.9991E-005 0.2909
0.379232 9.9973E-005 0.010034 0.297481 0.312954 9.9973E-005 9.9973E-005
0.345723 0.0673898 0.0556852 0.242245 0.0357031 9.9991E-005 0.253154
9.9973E-005 9.9973E-005 0.225565 0.111391 0.212407 9.9973E-005 0.450337
0.411091 9.9991E-005 0.110416 0.124871 0.215525 0.0523494 0.0856477
9.9982E-005 0.277386 0.155871 0.0169307 0.271903 9.9982E-005 0.277709
0.37831 0.0898337 0.169322 0.133938 9.9982E-005 9.9982E-005 0.228396
0.3154 9.9991E-005 0.0429114 0.3123 0.187116 0.0132109 0.128962
0.0483933 0.358324 9.9982E-005 0.156731 0.186727 9.9982E-005 0.249625
0.436523 0.043726 0.101797 0.108585 0.171014 0.0111524 0.127203
0.212413 0.0130116 0.108465 0.257606 0.150884 0.000188364 0.257432
0.0674292 9.9973E-005 0.0866311 0.681262 0.164378 9.9973E-005 9.9973E-005
9.9964E-005 9.9964E-005 0.00594029 0.457541 9.9964E-005 0.536119 9.9964E-005
0.346653 9.9982E-005 0.016725 0.29018 0.251402 9.9982E-005 0.0948401
0.441397 0.0452102 9.9991E-005 0.179021 0.170987 0.000802155 0.162482
0.354422 0.0371963 0.0229789 0.243607 0.341596 9.9982E-005 9.9982E-005
0.366785 0.00238252 0.0588189 0.231552 0.20282 0.0406915 0.0969498
0.423113 0.0719993 0.0567143 0.272622 0.0690665 9.9991E-005 0.106385
0.42451 0.0969519 0.0699329 0.243769 0.0946236 9.9991E-005 0.0701127
0.381248 0.0288928 0.207811 0.211733 0.0579346 9.9991E-005 0.112281
9.9973E-005 0.115566 0.0273036 9.9973E-005 0.141332 9.9973E-005 0.715498
0.151549 0.0730641 9.9982E-005 0.424973 0.300751 0.0494634 9.9982E-005
0.496565 9.9991E-005 0.13147 0.0628804 0.160578 0.0015533 0.146853
0.519667 0.00504129 9.9973E-005 0.154122 0.320869 9.9973E-005 9.9973E-005
0.473167 0.000235553 0.180571 0.10218 0.141817 0.0095461 0.0924825
0.16059 9.9982E-005 9.9982E-005 0.394284 0.435753 0.00142221 0.00775068
0.280448 9.9982E-005 9.9982E-005 0.138891 0.241235 0.0390792 0.300147
0.248555 0.0074006 0.128427 0.0964799 0.127362 9.9991E-005 0.391676
0.126974 0.238548 0.00467617 0.256113 0.373489 9.9982E-005 9.9982E-005
0.251832 0.0257474 9.9982E-005 0.242162 0.405085 9.9982E-005 0.0749736
0.325986 9.9973E-005 0.0887226 0.216868 0.368124 9.9973E-005 9.9973E-005
9.9991E-005 0.237909 0.0748274 0.0781245 0.198332 0.0221184 0.388589
0.213219 9.9991E-005 0.00475647 0.0182795 0.546256 0.0176286 0.199761
0.407683 0.0577235 9.9973E-005 0.296683 0.23761 9.9973E-005 9.9973E-005
0.462061 9.9982E-005 0.0434734 9.9982E-005 0.460779 0.0284998 0.00498643
0.275555 9.9982E-005 0.0849855 0.322251 0.311982 0.00502608 9.9982E-005
0.381832 9.9982E-005 0.0564437 0.477746 0.0806258 9.9982E-005 0.00315232
0.323559 0.115789 0.148378 0.105894 0.296179 9.9991E-005 0.0101014
9.9982E-005 0.141236 9.9982E-005 0.0708184 0.363429 0.0157563 0.408561
0.0563138 0.290027 0.0528529 0.123961 0.0424581 0.0211264 0.413261
0.380104 9.9991E-005 0.182817 0.0432067 0.264351 0.0314207 0.0980001
0.418916 0.248464 0.0480879 0.181038 9.9982E-005 9.9982E-005 0.103293
0.258578 0.00446715 0.00282835 0.271798 0.337532 9.9991E-005 0.124697
0.259413 0.088457 0.0041124 0.144708 0.436052 9.9991E-005 0.0671575
0.404202 0.0142025 0.0097207 0.269541 0.216609 0.0705121 0.0152127
0.406641 9.9973E-005 9.9973E-005 0.247139 0.316498 0.0294217 9.9973E-005
0.0395057 0.262514 9.9991E-005 0.0508809 0.287116 0.223759 0.136124
0.366779 9.9991E-005 0.0168118 0.110314 0.156312 0.0529845 0.296699
0.332286 0.101088 0.0919046 0.151316 0.21204 9.9991E-005 0.111265
0.0931968 0.118881 0.0804995 0.0517892 0.295496 0.288911 0.0712257
9.9982E-005 0.0424741 9.9982E-005 0.0691351 0.363544 0.218798 0.305849
0.422482 9.9964E-005 9.9964E-005 0.143243 0.433876 9.9964E-005 9.9964E-005
0.154998 0.0661619 0.114936 0.11791 0.529167 0.0167273 9.9991E-005
0.425776 0.0225587 9.9973E-005 0.231114 0.320251 9.9973E-005 9.9973E-005
0.0155255 9.9982E-005 0.0236858 0.138879 0.270747 9.9982E-005 0.550963
0.367585 0.0286084 0.0782672 0.210421 0.0937375 0.00559596 0.215785
0.429708 9.9991E-005 0.112289 0.153481 0.181039 0.0190119 0.104372
0.00886228 0.129365 9.9991E-005 0.153339 0.243999 0.281325 0.18301
0.350348 0.25051 9.9982E-005 0.23909 0.0228476 9.9982E-005 0.137005
0.488652 0.0242775 0.0160719 0.149606 0.263269 9.9991E-005 0.0580235
0.356507 0.0163397 0.101434 0.269821 0.0337223 9.9991E-005 0.222076
0.322108 9.9973E-005 9.9973E-005 0.222576 0.406012 0.0490049 9.9973E-005
0.526892 9.9982E-005 0.00667245 0.0735523 0.321149 9.9982E-005 0.0715342
0.410751 0.0737234 0.0829823 0.21352 0.218822 9.9982E-005 9.9982E-005
0.442354 9.9991E-005 0.0506506 0.163041 0.267994 0.0272587 0.0486019
0.212661 0.107494 9.9982E-005 0.246643 0.35408 9.9982E-005 0.0789229
0.544519 0.140986 0.00134798 0.10005 9.9982E-005 9.9982E-005 0.212897
0.483065 9.9991E-005 0.109665 0.0209694 0.254673 0.0270115 0.104516
0.031158 0.468767 9.9973E-005 0.0112607 9.9973E-005 0.488514 9.9973E-005
0.345154 9.9982E-005 0.11885 0.321775 0.195926 0.0180952 9.9982E-005
0.518726 0.0693423 9.9982E-005 0.164567 0.0549718 9.9982E-005 0.192194
0.0814318 0.311889 0.0300342 0.0937738 0.467242 9.9991E-005 0.0155286
0.468016 9.9973E-005 0.0678396 0.344668 0.119176 9.9973E-005 9.9973E-005
0.356315 0.171402 0.0287002 0.0491104 0.276063 9.9991E-005 0.118309
0.348191 9.9973E-005 0.117234 0.149262 0.385013 9.9973E-005 9.9973E-005
0.209948 0.315276 0.0209761 0.0676109 0.236365 9.9991E-005 0.149724
0.342368 0.0621107 0.0664603 0.214872 0.310222 9.9991E-005 0.00386704
0.582834 9.9991E-005 0.0148521 0.103464 0.10526 0.0413089 0.152182
0.306425 0.0609208 0.0828085 0.262833 0.213777 9.9991E-005 0.073135
0.392669 0.0478131 0.0997458 0.132868 0.326704 9.9982E-005 9.9982E-005
0.24597 9.9991E-005 0.0451651 0.0830951 0.525922 0.0269832 0.0727643
0.0654213 9.9955E-005 9.9955E-005 9.9955E-005 9.9955E-005 0.934079 9.9955E-005
0.305332 0.0126564 0.0138358 0.321829 0.258594 9.9991E-005 0.087653
0.178563 0.0350986 0.105859 0.207991 0.258824 9.9991E-005 0.213565
0.330063 9.9991E-005 0.0875837 0.164956 0.274247 0.0401223 0.102929
0.417954 0.00173802 0.145452 0.179205 0.255451 9.9982E-005 9.9982E-005
0.451574 0.0571909 0.106567 0.162459 0.168445 0.0536634 9.9991E-005
0.376945 0.026291 0.171605 0.112892 0.100627 0.0638442 0.147795
9.9973E-005 0.300066 0.101727 0.0697855 9.9973E-005 0.528122 9.9973E-005
0.341768 9.9973E-005 9.9973E-005 0.208293 0.4239 9.9973E-005 0.0257388
0.334735 9.9964E-005 9.9964E-005 0.215819 0.449046 9.9964E-005 9.9964E-005
0.36393 0.0548262 0.0615325 0.123926 0.216175 9.9991E-005 0.179511
0.325054 0.035562 0.0757233 0.166732 0.300926 9.9991E-005 0.0959031
0.400064 0.340038 0.0357502 0.212458 9.9982E-005 9.9982E-005 0.0114894
