0.142996 0.513982 9.9991E-005 0.00763124 0.33529
0.310727 0.455527 9.9991E-005 0.0228141 0.210832
0.102873 0.662933 9.9991E-005 0.0822333 0.151861
0.176769 0.681924 9.9982E-005 0.141107 9.9982E-005
0.0276083 0.716841 9.9991E-005 0.0533627 0.202088
9.999E-005 0.0948099 0.0280209 0.872299 0.00477007
0.0619946 0.646358 0.0371476 9.9991E-005 0.2544
9.9991E-005 0.028448 0.00888746 0.914378 0.0481867
0.189365 0.588747 9.9991E-005 0.0358798 0.185908
0.196215 0.62615 9.9982E-005 9.9982E-005 0.177435
0.307119 0.675711 9.9982E-005 9.9982E-005 0.0169697
0.211704 0.347716 9.9991E-005 0.218341 0.222139
0.3481 0.584655 9.9982E-005 9.9982E-005 0.0670448
0.186137 0.670403 0.0264015 0.0553336 0.0617243
0.221532 0.0223508 9.9991E-005 0.737676 0.0183417
0.222091 0.588673 0.0164772 0.0799165 0.0928419
0.0270712 0.463543 9.9991E-005 0.190839 0.318447
0.278002 0.522844 0.177416 9.9991E-005 0.0216385
0.232038 0.59247 9.9991E-005 0.0496328 0.125759
0.179275 0.571847 9.9982E-005 9.9982E-005 0.248678
0.274866 0.700312 0.0246226 9.9982E-005 9.9982E-005
0.198582 0.466726 9.9991E-005 0.102707 0.231885
0.181003 0.654342 9.9982E-005 9.9982E-005 0.164454
0.0725731 0.107801 9.9991E-005 0.679961 0.139564
0.206625 0.498465 0.0860476 9.9991E-005 0.208763
0.156573 0.0419999 9.9991E-005 0.706411 0.094916
0.047304 0.426389 0.00517256 0.458322 0.0628129
0.0470721 0.638282 9.9982E-005 0.314446 9.9982E-005
9.9991E-005 0.13672 0.0115198 0.732323 0.119337
0.0792434 0.752794 9.9982E-005 0.167763 9.9982E-005
0.229482 0.198315 9.9991E-005 0.48074 0.0913634
0.157432 0.638245 0.0538005 9.9991E-005 0.150423
0.150479 0.49296 9.9991E-005 0.281951 0.0745097
9.9982E-005 0.0710667 0.0172457 0.911488 9.9982E-005
0.0196117 9.9982E-005 0.135416 0.844772 9.9982E-005
0.0694617 0.730852 0.0145686 0.0670984 0.118019
0.270689 0.60031 9.9982E-005 0.128801 9.9982E-005
0.412044 0.476312 0.0605351 9.9991E-005 0.0510091
0.0263685 9.9982E-005 9.9982E-005 0.763417 0.210015
0.0322591 0.212908 0.0472391 0.477139 0.230454
0.31405 0.285746 0.140878 0.259226 9.9991E-005
0.128321 0.791023 9.9991E-005 0.0478813 0.0326751
0.134066 0.582928 9.9991E-005 0.138144 0.144762
0.261721 0.040494 0.0726248 0.62506 9.9991E-005
0.248774 0.556642 0.097414 9.9991E-005 0.0970704
0.565693 0.26829 0.0641203 9.9991E-005 0.101797
0.169293 0.576666 0.029932 0.058233 0.165876
0.0613262 0.6536 9.9991E-005 0.120561 0.164412
0.373344 0.409677 9.9991E-005 0.0580428 0.158837
0.0426265 0.196267 9.9991E-005 0.552988 0.208018
0.0354683 0.737382 0.0228767 9.9991E-005 0.204173
9.9991E-005 0.205022 0.0782496 0.436725 0.279904
0.403655 0.446079 9.9991E-005 0.0155404 0.134626
9.9982E-005 0.00923239 0.0391712 0.951396 9.9982E-005
0.176181 0.27491 0.0110689 0.515425 0.0224148
0.174383 0.65113 9.9982E-005 9.9982E-005 0.174287
0.0967046 0.585201 9.9982E-005 9.9982E-005 0.317894
0.218697 0.543736 9.9991E-005 0.17414 0.063327
0.10063 0.415863 9.9991E-005 0.310201 0.173207
0.0913638 0.529992 9.9991E-005 0.323773 0.0547714
0.0281087 9.9982E-005 0.0666998 0.904992 9.9982E-005
9.9982E-005 9.9982E-005 0.0258205 0.958187 0.0157927
0.226557 0.665477 0.0906506 0.0172159 9.9991E-005
9.997E-005 9.997E-005 9.997E-005 0.9996 9.997E-005
0.133667 0.562104 0.0275943 0.0677273 0.208908
0.133407 9.9973E-005 9.9973E-005 0.866293 9.9973E-005
0.420856 0.577381 9.9982E-005 9.9982E-005 0.0015639
0.117822 0.51925 9.9991E-005 0.192841 0.169987
0.394947 0.421949 9.9982E-005 9.9982E-005 0.182904
9.9982E-005 0.192936 0.0689921 0.737872 9.9982E-005
0.473813 0.247241 9.99896E-005 9.99896E-005 0.278746
0.253444 0.487384 9.9991E-005 0.0312611 0.227811
0.236057 0.418809 0.0570258 0.288008 9.9991E-005
0.18099 0.52874 0.0723704 0.0551445 0.162755
0.311341 0.55926 0.0211457 0.0579051 0.0503483
0.163143 0.380837 9.9991E-005 0.33735 0.11857
0.150468 0.720562 0.0433314 0.0115983 0.0740399
0.345199 0.265834 9.9991E-005 0.27048 0.118387
0.072973 0.525455 9.9991E-005 0.180247 0.221225
0.317713 0.607871 0.0120514 9.9991E-005 0.0622648
0.246531 0.309233 9.9982E-005 9.9982E-005 0.444036
0.259807 0.664217 0.047526 0.0160322 0.0124171
0.411247 0.475473 9.9991E-005 0.0784308 0.034749
0.280578 0.549523 9.9982E-005 9.9982E-005 0.169698
0.103212 0.688458 9.9982E-005 9.9982E-005 0.20813
0.361081 0.278371 9.9991E-005 0.151205 0.209243
0.173811 0.498582 9.9982E-005 0.327407 9.9982E-005
9.9982E-005 0.677772 9.9982E-005 0.278735 0.0432939
0.0670547 0.00513275 9.9982E-005 0.927613 9.9982E-005
0.0591192 0.520246 0.0579191 0.249407 0.113309
0.440315 0.316744 0.0824627 0.0598273 0.100651
0.0569647 0.311403 0.0487747 0.582757 9.9991E-005
0.185136 0.627765 9.9991E-005 0.0317844 0.155214
0.0963177 0.553667 9.9991E-005 0.263835 0.0860804
9.9982E-005 0.328759 9.9982E-005 0.494552 0.176489
9.9973E-005 9.9973E-005 9.9973E-005 0.873417 0.126283
0.291245 0.55138 9.9991E-005 0.113663 0.0436114
0.16015 0.507499 9.9991E-005 0.154238 0.178013
0.376355 0.260916 9.9991E-005 0.0681827 0.294446
0.190681 0.551862 9.9982E-005 0.257256 9.9982E-005
0.298722 0.235326 9.9991E-005 0.46318 0.00267203
0.259444 0.720605 9.9982E-005 0.0197511 9.9982E-005
0.226126 0.536985 0.0205662 9.9991E-005 0.216223
0.31859 0.505463 9.9982E-005 9.9982E-005 0.175747
0.180812 0.575723 0.0770488 9.9991E-005 0.166316
0.1597 9.9973E-005 9.9973E-005 0.84 9.9973E-005
0.0513384 0.049227 0.0335626 0.469308 0.396564
0.134852 0.635202 9.9982E-005 9.9982E-005 0.229745
0.296966 0.540128 9.9991E-005 0.0781354 0.0846704
0.203333 0.734567 9.9982E-005 9.9982E-005 0.0618999
9.9973E-005 0.468838 9.9973E-005 0.530862 9.9973E-005
9.9973E-005 9.9973E-005 9.9973E-005 0.988522 0.0111777
9.9982E-005 0.530389 9.9982E-005 0.454022 0.0153891
0.219776 0.757359 0.0209073 9.9991E-005 0.0018583
0.345941 0.403823 9.9991E-005 0.0468438 0.203293
0.443445 0.4004 0.0564564 9.9991E-005 0.0995991
0.265573 0.652157 9.9982E-005 9.9982E-005 0.0820705
9.9973E-005 9.9973E-005 0.0509557 0.948744 9.9973E-005
0.163632 0.639047 9.9991E-005 0.00799177 0.18923
0.272605 0.573984 0.0246234 9.9991E-005 0.128688
0.341285 0.566175 9.9991E-005 0.0671451 0.0252953
0.0122453 0.327435 9.9991E-005 0.635384 0.0248348
0.17837 0.82133 9.9973E-005 9.9973E-005 9.9973E-005
0.126482 0.627563 0.075082 0.0592618 0.11161
0.314787 0.572468 0.0245329 9.9991E-005 0.0881127
0.310441 0.4487 9.9991E-005 0.109445 0.131314
0.166037 0.0927523 9.9991E-005 0.662519 0.0785911
9.9991E-005 0.0121815 0.0631392 0.902395 0.0221847
0.220687 0.549215 0.0269093 9.9991E-005 0.203088
0.26111 0.365119 0.0697086 0.00212259 0.30194
0.192119 0.63739 9.9982E-005 9.9982E-005 0.170291
0.178636 0.515094 0.133708 0.0133264 0.159235
0.129038 0.494459 0.0061232 0.370279 9.9991E-005
0.16938 0.53437 0.206432 0.0571772 0.0326399
0.0969702 0.640288 9.9991E-005 0.189763 0.0728788
0.9996 9.997E-005 9.997E-005 9.997E-005 9.997E-005
9.9991E-005 0.185125 0.00873851 0.559519 0.246517
0.119877 0.491334 0.0649497 0.323738 9.9991E-005
0.946435 9.9973E-005 9.9973E-005 0.053265 9.9973E-005
0.076272 9.9982E-005 9.9982E-005 0.636663 0.286865
0.160568 0.638626 0.00129726 0.199408 9.9991E-005
0.0668311 0.346031 0.0104597 0.42354 0.153137
0.0838258 0.590473 0.0248862 0.272667 0.0281478
0.232656 0.37868 0.0227643 0.298749 0.0671508
0.00746829 0.0913668 0.0846348 0.774064 0.042466
0.278713 0.385281 0.0304446 0.305461 9.9991E-005
0.15437 0.484038 9.9991E-005 0.276816 0.0846762
0.357875 0.525247 9.9982E-005 9.9982E-005 0.116678
0.366688 0.302596 9.9982E-005 9.9982E-005 0.330516
0.16686 0.494656 0.0577361 9.9991E-005 0.280648
0.186056 0.709379 0.0264522 0.0780125 9.9991E-005
9.9982E-005 0.602947 9.9982E-005 0.350251 0.0466024
0.083542 0.110686 0.0202698 0.754366 0.0311356
0.0446435 0.24603 0.0884598 0.492074 0.128793
0.288442 0.434135 0.0385996 0.032837 0.205986
0.369082 0.529878 0.10084 9.9982E-005 9.9982E-005
0.0248174 0.0143213 0.0528894 0.907872 9.9991E-005
0.30274 0.547294 0.0333147 9.9991E-005 0.116551
0.315188 0.387119 9.9982E-005 9.9982E-005 0.297493
0.159007 0.566784 9.9991E-005 0.134041 0.140067
0.204649 0.543562 0.0565223 0.00796972 0.187297
0.116605 0.378466 0.0122318 0.22893 0.263767
0.387035 0.363914 9.9991E-005 0.084996 0.163954
0.458338 0.314505 9.9991E-005 0.047957 0.1791
0.287801 0.596231 9.9982E-005 9.9982E-005 0.115768
0.182463 0.587851 9.9982E-005 9.9982E-005 0.229487
0.22193 0.368385 0.116807 0.219804 0.0730737
0.0958583 0.157919 9.9991E-005 0.593007 0.153116
0.276473 0.375072 9.9991E-005 0.333941 0.0144145
0.132379 0.402625 0.163192 0.121058 0.180746
0.220519 0.339274 0.035081 0.169823 0.235303
0.00515877 0.711593 9.9991E-005 0.157233 0.125915
9.9973E-005 9.9973E-005 9.9973E-005 0.972319 0.0273812
0.309448 0.508867 0.0804053 0.101179 9.9991E-005
0.0146527 0.429939 9.9991E-005 0.383561 0.171747
0.251246 0.389737 0.0660182 0.0319222 0.261077
9.9982E-005 0.612303 9.9982E-005 0.237972 0.149525
9.9991E-005 0.2385 0.0012289 0.618147 0.142024
0.115662 0.319137 9.9991E-005 0.464966 0.100136
0.0173225 0.358777 9.9991E-005 0.510454 0.113346
0.0448326 0.862691 9.9991E-005 0.0117027 0.0806736
0.0027439 0.116439 0.0383551 0.842362 9.9991E-005
0.0940846 0.37257 0.0256532 0.452194 0.0554988
0.181661 0.462973 0.0348323 0.0227414 0.297792
9.997E-005 9.997E-005 9.997E-005 0.9996 9.997E-005
9.9982E-005 0.254325 9.9982E-005 0.54259 0.202885
0.149414 0.648956 0.0331316 0.0845236 0.0839751
9.9982E-005 0.504503 9.9982E-005 0.434537 0.0607595
0.291983 0.551996 9.9991E-005 0.151054 0.00486632
0.137065 0.738875 0.0573087 9.9991E-005 0.0666517
0.0929077 0.351454 9.9991E-005 0.32192 0.233618
0.1198 0.671063 9.9982E-005 9.9982E-005 0.208937
0.17693 0.82277 9.9973E-005 9.9973E-005 9.9973E-005
0.338462 0.515862 0.0622372 0.0527111 0.0307279
0.0133898 0.358064 0.0361197 0.291391 0.301036
0.195013 0.555729 9.9982E-005 0.249058 9.9982E-005
0.206345 0.476342 0.0770002 9.9991E-005 0.240213
0.148864 0.684924 0.0203794 0.125828 0.0200051
0.251139 0.484667 0.17399 9.9991E-005 0.0901037
0.0882996 0.627423 0.0751136 9.9991E-005 0.209064
0.227522 0.351636 0.0812781 0.339464 9.9991E-005
0.278361 0.653949 0.0405298 9.9991E-005 0.0270608
0.237932 0.491835 0.0529435 0.0379833 0.179306
0.198869 0.434011 0.203979 9.9991E-005 0.163041
0.162068 0.319738 0.270366 9.9991E-005 0.247728
0.260725 0.157519 9.9991E-005 0.30574 0.275915
0.0865575 0.5941 0.0257102 0.00825176 0.285381
0.186292 0.54555 0.0416249 0.206683 0.0198495
0.335792 0.507482 0.0257445 0.0133502 0.117632
0.262464 0.55018 0.0251344 9.9991E-005 0.162121
0.252058 0.545178 0.0930525 9.9991E-005 0.109611
0.119726 0.338537 0.0246358 0.374233 0.142868
0.0868077 0.3179 0.0684521 0.52674 9.9991E-005
0.248381 0.751319 9.9973E-005 9.9973E-005 9.9973E-005
0.417696 0.429713 0.0280037 9.9991E-005 0.124487
0.206229 0.63302 0.0275852 9.9991E-005 0.133066
0.165097 0.581684 0.0803522 0.0484279 0.124438
0.120243 0.488532 9.9991E-005 0.307304 0.0838209
0.225622 0.414643 9.9991E-005 0.259127 0.100508
0.273861 0.430559 0.0946642 9.9991E-005 0.200816
0.210461 0.0991134 9.9991E-005 0.588772 0.101554
0.174754 0.581877 9.9991E-005 0.231976 0.0112926
0.296491 0.481457 0.0931803 0.128146 0.000726311
9.9973E-005 9.9973E-005 9.9973E-005 0.774621 0.225079
0.19419 0.552174 0.164115 0.0894216 9.9991E-005
0.296504 0.539776 9.9991E-005 0.0499414 0.113678
0.163213 0.803698 9.9982E-005 0.0328885 9.9982E-005
0.238441 0.578239 9.9982E-005 9.9982E-005 0.183121
0.0619905 0.441444 0.148692 9.9991E-005 0.347774
0.235885 0.661307 9.9991E-005 0.0120331 0.0906745
0.209633 0.737632 0.0065586 9.9991E-005 0.0460758
0.282435 0.606772 9.9982E-005 9.9982E-005 0.110593
0.301718 0.430946 9.9991E-005 0.245038 0.0221992
0.332103 0.467166 9.9982E-005 9.9982E-005 0.200531
0.295904 0.456458 9.9982E-005 9.9982E-005 0.247438
0.202512 0.461098 0.0346473 0.301643 9.9991E-005
0.241622 0.440879 9.9982E-005 9.9982E-005 0.3173
0.377921 0.595269 9.9982E-005 0.0266096 9.9982E-005
0.255405 0.333605 9.9991E-005 0.405918 0.00497228
0.0113151 0.390806 9.9991E-005 0.30994 0.287839
0.136708 0.832182 9.9982E-005 0.0309104 9.9982E-005
0.122643 0.137314 9.9991E-005 0.642028 0.0979152
0.233838 0.708144 0.00288384 0.0178968 0.0372372
0.171326 0.492402 9.9991E-005 0.316739 0.0194332
0.178652 0.638598 0.103247 0.00460705 0.0748964
9.9982E-005 0.316403 9.9982E-005 0.205618 0.477778
0.00710617 0.481436 0.120413 0.272182 0.118862
0.320802 0.0748352 9.9991E-005 0.581986 0.0222768
0.173414 0.665306 9.9991E-005 0.0681637 0.0930169
0.260531 0.529107 9.9982E-005 9.9982E-005 0.210163
0.201527 0.436676 9.9982E-005 0.361597 9.9982E-005
0.289825 0.523788 9.9991E-005 0.0266326 0.159654
0.101764 0.819545 0.011512 0.00692573 0.0602535
0.0481108 9.9982E-005 9.9982E-005 0.920232 0.0314572
0.201138 0.502592 9.9991E-005 0.00299609 0.293174
0.00163412 0.918265 0.0213931 9.9991E-005 0.0586079
0.25128 0.61902 9.9982E-005 9.9982E-005 0.1295
0.234433 0.487096 9.9991E-005 0.0224186 0.255952
0.318014 0.635768 9.9991E-005 0.00240932 0.0437092
0.257294 0.722404 9.9982E-005 9.9982E-005 0.0201026
0.271102 0.669671 0.0131908 0.0459364 9.9991E-005
0.208255 0.612727 0.0129047 0.154685 0.0114278
0.129109 0.107328 0.00751696 0.609039 0.147008
0.290911 0.608445 9.9991E-005 0.0977541 0.00279078
0.33649 0.622818 9.9982E-005 9.9982E-005 0.0404918
0.184225 0.401491 0.0270624 0.226868 0.160354
0.187074 0.24089 9.9991E-005 0.439401 0.132534
0.26258 0.593342 0.0494102 9.9991E-005 0.0945672
0.0375341 0.64061 9.9991E-005 0.296364 0.0253919
0.215459 0.6508 9.9982E-005 9.9982E-005 0.133542
0.0673631 0.468577 9.9991E-005 0.345882 0.118078
0.146875 0.476667 0.044641 0.114006 0.217811
0.129189 0.174918 9.9991E-005 0.50888 0.186913
0.130487 0.335724 9.9991E-005 0.308756 0.224933
0.215927 0.421165 0.0538961 0.0556247 0.253387
0.224679 0.485193 0.00727637 0.227999 0.0548528
0.271737 0.511108 9.9982E-005 9.9982E-005 0.216956
0.173461 0.598437 9.9991E-005 0.0220798 0.205922
0.251267 0.608281 9.9991E-005 0.019221 0.121132
0.0619891 0.365748 9.9991E-005 0.309636 0.262527
0.104452 0.763989 9.9991E-005 0.0651434 0.0663163
0.438961 0.432822 0.0737335 9.9991E-005 0.0543838
0.231524 0.684429 0.00336715 9.9991E-005 0.0805795
0.0712067 0.200176 0.0695409 0.624827 0.034249
9.9982E-005 9.9982E-005 0.0465116 0.930191 0.0230976
0.158559 0.591855 0.0268888 0.101016 0.121682
0.358556 0.491249 0.0768724 0.0732229 9.9991E-005
0.249295 0.465267 0.107276 0.133862 0.044301
0.202353 0.535114 9.9982E-005 0.262333 9.9982E-005
0.198662 0.424217 0.0970714 0.262827 0.0172228
0.286739 0.479866 9.9991E-005 0.0215214 0.211773
0.242069 0.442744 0.0747398 9.9991E-005 0.240347
0.294756 0.552553 0.152292 0.000298962 9.9991E-005
0.25531 0.62469 0.0132075 9.9991E-005 0.106693
0.216778 0.63504 0.0780938 9.9991E-005 0.0699882
0.119689 0.722691 9.9982E-005 9.9982E-005 0.15742
0.345437 0.573606 9.9982E-005 9.9982E-005 0.0807571
0.258771 0.434406 9.9991E-005 0.0766771 0.230046
0.219579 0.627572 0.0802844 9.9991E-005 0.0724648
0.299693 0.351944 9.9991E-005 0.0730805 0.275183
0.255998 0.517152 0.14345 9.9991E-005 0.0833001
0.0947407 0.755959 0.112422 0.0336282 0.00325046
0.222187 0.466198 0.0324175 0.150777 0.12842
0.200851 0.0643449 0.0519811 0.534429 0.148395
0.096113 0.314859 9.9991E-005 0.464191 0.124737
0.059017 0.0434232 0.0693311 0.828129 9.9991E-005
0.184035 0.700598 9.9982E-005 9.9982E-005 0.115167
0.187169 0.0190275 9.9982E-005 0.793603 9.9982E-005
9.9982E-005 0.133539 9.9982E-005 0.706801 0.15946
0.358931 0.50114 0.0129661 0.0392887 0.0876742
0.284421 0.507683 0.0760244 9.9991E-005 0.131772
0.242783 0.485407 0.0765066 0.0540009 0.141303
0.03619 0.122951 0.0144718 0.766132 0.0602549
0.191457 0.63536 0.0227268 0.0121136 0.138343
0.150751 0.198138 9.9991E-005 0.473417 0.177595
0.341016 0.521683 9.9982E-005 9.9982E-005 0.137101
0.112286 0.0166139 0.0213595 0.84964 9.9991E-005
0.169778 0.444982 0.0211521 0.160533 0.203554
0.165956 0.79925 9.9982E-005 9.9982E-005 0.0345939
0.181886 0.670852 9.9982E-005 9.9982E-005 0.147062
0.11578 0.615797 9.9991E-005 0.022622 0.2457
0.00399354 0.0631354 9.9991E-005 0.717264 0.215507
0.00412523 0.622112 9.9991E-005 0.202634 0.171029
0.0256224 0.220963 0.149263 0.410617 0.193535
0.29406 0.448183 0.0261797 9.9991E-005 0.231478
0.0386032 0.153315 0.0196494 0.788332 9.9991E-005
0.211353 0.353572 0.281277 0.103581 0.0502174
9.9991E-005 0.400059 0.0884908 0.451519 0.0598307
0.301845 0.524752 0.126546 0.0319059 0.014951
9.9991E-005 0.489087 0.098171 0.242398 0.170244
0.0589002 0.240891 0.0191566 0.555888 0.125165
0.273743 0.302174 9.9982E-005 9.9982E-005 0.423884
0.268153 0.545728 9.9982E-005 9.9982E-005 0.185919
0.339576 0.543967 0.0815843 9.9991E-005 0.0347726
0.182376 0.581454 0.122517 0.0433299 0.0703228
9.9982E-005 0.319844 9.9982E-005 0.435796 0.24416
0.196266 0.679711 0.117647 0.00627614 9.9991E-005
0.186843 0.679368 0.00760735 9.9991E-005 0.126082
0.144866 0.731707 9.9991E-005 0.0148258 0.108502
9.9982E-005 0.185771 9.9982E-005 0.519047 0.294981
0.102637 0.379543 9.9991E-005 0.268874 0.248846
0.320254 0.546945 0.0292616 9.9991E-005 0.10344
0.444133 0.17491 0.0444666 0.208727 0.127762
0.254777 0.452301 9.9991E-005 0.226945 0.065877
0.304419 0.468302 9.9982E-005 9.9982E-005 0.22708
0.0939446 0.310612 0.00619378 0.414485 0.174765
0.292606 0.53384 0.0391563 0.085292 0.049106
0.023193 0.362776 9.9991E-005 0.524058 0.089873
0.159612 0.585285 0.0564612 9.9991E-005 0.198542
0.162948 0.679034 9.9982E-005 9.9982E-005 0.157819
0.231724 0.74017 0.0263816 9.9991E-005 0.00162422
0.0681143 0.701989 9.9982E-005 9.9982E-005 0.229697
0.387441 0.348881 0.0406422 9.9991E-005 0.222935
0.306984 0.499356 9.9982E-005 9.9982E-005 0.193461
0.157687 0.509219 0.0103536 0.321122 0.00161865
0.0654893 0.694579 0.0342684 0.110418 0.0952459
0.430922 0.568778 9.9973E-005 9.9973E-005 9.9973E-005
0.142079 0.73877 9.9991E-005 0.0206254 0.0984256
0.197031 0.4658 9.9991E-005 0.081612 0.255457
0.0817745 0.343875 0.183489 0.390761 9.9991E-005
0.304796 0.409324 0.101233 9.9991E-005 0.184547
0.178055 0.607173 0.0412602 9.9991E-005 0.173412
0.0351516 9.9982E-005 9.9982E-005 0.837082 0.127567
9.9982E-005 0.275199 9.9982E-005 0.69116 0.0334412
0.395776 0.359288 9.9982E-005 9.9982E-005 0.244736
0.264129 0.307788 0.400275 9.9991E-005 0.0277085
0.0951692 9.9991E-005 0.538111 0.0342583 0.332362
0.273896 0.0613424 0.402338 0.0417675 0.220657
0.0143042 0.572756 0.0947636 9.9991E-005 0.318076
0.192625 0.108129 0.532332 9.9991E-005 0.166814
0.188827 9.9991E-005 0.487107 0.0134627 0.310503
9.9991E-005 0.349849 0.560974 0.0304612 0.0586166
0.343173 9.9991E-005 0.494499 0.0059617 0.156267
0.148781 0.126703 0.703786 0.0206295 9.9991E-005
0.292053 0.272318 0.276625 9.9991E-005 0.158904
0.0708647 0.319313 0.309771 9.9991E-005 0.299951
0.0982879 0.110267 0.528461 0.0311846 0.2318
0.252708 0.424941 0.236107 9.9991E-005 0.0861429
0.648291 9.9982E-005 0.269642 9.9982E-005 0.081868
0.317895 0.0846702 0.487782 9.9991E-005 0.109553
0.0919193 0.072262 0.584941 0.0901582 0.16072
0.00504494 0.28749 0.323814 9.9991E-005 0.383551
0.0384183 0.209173 0.325334 0.0338028 0.393272
0.0390947 9.9991E-005 0.0519723 0.859988 0.0488449
0.161456 0.249677 0.373617 9.9991E-005 0.215151
0.322197 0.162106 0.437144 9.9991E-005 0.078454
0.0736998 0.544051 0.0922592 0.0963117 0.193678
0.07865 9.9982E-005 0.657567 9.9982E-005 0.263583
0.310717 9.9982E-005 0.534185 9.9982E-005 0.154898
0.134136 0.554918 0.152944 0.0508996 0.107102
0.134924 0.140397 0.505869 9.9991E-005 0.218711
0.104404 0.348214 0.429938 9.9991E-005 0.117344
0.241898 0.182268 0.441771 9.9991E-005 0.133963
9.9982E-005 0.126084 0.581304 9.9982E-005 0.292413
0.341099 9.9991E-005 0.492105 0.0332941 0.133402
0.0221025 9.9982E-005 0.437821 9.9982E-005 0.539877
9.9973E-005 9.9973E-005 0.232581 9.9973E-005 0.767119
0.212547 0.092923 0.570428 9.9991E-005 0.124002
0.13667 0.241391 0.501964 9.9991E-005 0.119875
9.9991E-005 0.096953 0.673965 0.118026 0.110957
0.105662 0.0602889 0.615454 0.0403487 0.178246
0.101731 0.0394852 0.540964 0.0937114 0.224108
0.324222 0.416271 0.00210015 9.9991E-005 0.257307
0.304047 9.9982E-005 0.536117 9.9982E-005 0.159636
0.255354 0.200135 0.446117 9.9991E-005 0.0982944
0.0115493 0.213862 0.487384 0.0430208 0.244183
0.109024 0.322945 0.451325 9.9991E-005 0.116605
9.9973E-005 9.9973E-005 0.251499 9.9973E-005 0.748201
0.171156 0.528757 0.161833 9.9991E-005 0.138153
0.114374 0.12578 0.534639 0.0343947 0.190812
9.9991E-005 0.51387 0.00865465 0.323544 0.153832
0.369092 0.327691 0.0565346 9.9991E-005 0.246583
0.207681 0.530161 0.164064 0.060875 0.0372185
0.110178 0.103153 0.576383 0.0186287 0.191658
0.321699 0.0861978 0.501222 0.00486029 0.0860204
0.293361 0.0388906 0.614676 9.9991E-005 0.0529722
0.0601947 0.346519 0.439212 9.9991E-005 0.153975
0.184919 0.224824 0.517763 0.0370542 0.03544
0.216224 0.100861 0.592612 0.0248275 0.0654764
0.125221 0.344387 0.417883 9.9991E-005 0.112409
9.9973E-005 9.9973E-005 0.560621 9.9973E-005 0.43908
0.00163752 0.202867 0.436256 9.9991E-005 0.35914
0.0608267 0.0115968 9.9982E-005 9.9982E-005 0.927377
9.9982E-005 0.0943143 0.674708 9.9982E-005 0.230777
0.0995112 0.105746 0.632537 9.9991E-005 0.162106
0.321015 9.9982E-005 0.453525 9.9982E-005 0.22526
0.163996 0.0517664 0.552073 9.9991E-005 0.232065
0.210284 0.515128 0.0717103 9.9991E-005 0.202777
0.109235 0.140169 0.519274 9.9991E-005 0.231223
0.082186 0.661857 0.0451899 0.19989 0.0108768
0.308851 0.151783 0.476319 9.9991E-005 0.0629469
0.0973834 0.0283906 0.565609 0.0878116 0.220805
0.073578 0.616735 0.0157137 0.099465 0.194508
0.281711 0.0796214 0.492527 0.0232349 0.122906
9.9982E-005 0.233361 0.516052 9.9982E-005 0.250387
9.9973E-005 9.9973E-005 0.0625507 9.9973E-005 0.937149
0.153717 0.240807 0.536674 9.9991E-005 0.0687015
0.310959 0.211193 0.301811 0.0135776 0.162459
0.201598 0.245472 0.547824 9.9991E-005 0.005006
0.12236 9.9991E-005 0.675287 0.0368937 0.165359
0.190639 0.131849 0.447585 9.9991E-005 0.229826
0.162676 0.409156 0.123257 9.9991E-005 0.304811
0.138291 0.0576709 0.558666 0.0146926 0.230679
0.100631 0.371428 0.472902 0.00292774 0.0521115
0.0134278 9.9991E-005 0.00801072 0.928701 0.0497604
0.133185 0.251441 0.44749 0.0088922 0.158992
0.145891 0.64929 0.0357334 0.0893 0.0797858
0.156397 0.0271798 0.558038 0.0124541 0.245931
0.289797 0.160962 0.421823 9.9991E-005 0.127318
0.225134 0.33276 0.266895 9.9991E-005 0.175111
0.152924 0.498609 0.0317722 9.9991E-005 0.316595
0.00967021 0.250024 0.318855 9.9991E-005 0.421351
0.109758 0.209151 0.576669 9.9991E-005 0.104322
0.275164 0.131477 0.581682 9.9991E-005 0.0115767
0.156699 0.102813 0.390857 0.0213643 0.328267
0.328049 0.341212 0.126186 0.00422299 0.20033
0.184878 9.9982E-005 0.372427 9.9982E-005 0.442495
9.9982E-005 0.297808 0.444896 9.9982E-005 0.257096
0.122118 0.171964 0.447375 9.9991E-005 0.258442
0.204338 0.716398 9.9991E-005 0.00474922 0.0744155
0.117047 0.036022 0.510338 0.0102581 0.326335
0.014115 0.267886 0.564837 9.9991E-005 0.153061
0.240169 0.037825 0.304154 9.9991E-005 0.417752
0.356813 0.255984 0.36595 9.9991E-005 0.0211526
0.304313 0.625655 9.9982E-005 9.9982E-005 0.0698317
0.0369609 9.9982E-005 0.00985146 0.952988 9.9982E-005
0.0845917 0.160022 0.461721 9.9991E-005 0.293565
0.448834 0.126873 0.268903 9.9991E-005 0.15529
0.13268 0.200173 0.248941 9.9991E-005 0.418106
0.125093 0.134124 0.502036 0.0178865 0.22086
0.111759 0.0377586 0.615562 0.0614206 0.1735
0.019018 0.225107 0.47183 9.9991E-005 0.283946
0.119193 0.0326983 0.657137 0.0264291 0.164543
9.9991E-005 0.11851 0.554055 0.0266496 0.300686
0.0781039 0.111661 0.700684 0.0651728 0.0443786
0.0524849 0.27292 0.255573 9.9991E-005 0.418922
0.211761 0.476369 0.0574451 9.9991E-005 0.254324
0.0527898 0.108268 0.504805 9.9991E-005 0.334037
0.191073 0.0655808 0.380386 9.9991E-005 0.362861
0.380846 0.45158 9.9982E-005 9.9982E-005 0.167373
0.177935 0.0566379 0.573429 0.0147829 0.177216
0.277613 0.51566 9.9991E-005 0.032528 0.174099
0.165827 0.0104259 0.406706 0.0563505 0.360691
0.106178 0.30799 0.475644 9.9991E-005 0.110088
0.0997023 0.510535 0.144925 0.00378259 0.241056
0.15245 0.137592 0.525444 0.0602645 0.12425
0.367536 0.182067 0.396341 0.0539564 9.9991E-005
0.744606 9.9973E-005 0.255094 9.9973E-005 9.9973E-005
0.523507 9.9973E-005 9.9973E-005 0.476193 9.9973E-005
0.20956 0.11891 0.532903 9.9991E-005 0.138527
0.205607 0.108261 0.408491 0.00521919 0.272421
0.149673 0.115875 0.554717 9.9991E-005 0.179635
0.245115 0.192501 0.538349 0.0239349 9.9991E-005
0.263978 9.9982E-005 0.469077 9.9982E-005 0.266745
0.162528 9.9982E-005 0.485248 9.9982E-005 0.352024
0.288403 9.9982E-005 0.406798 9.9982E-005 0.304598
0.0831544 0.73415 9.9982E-005 9.9982E-005 0.182496
0.19977 0.045251 0.446573 0.111754 0.196652
0.0850331 0.122992 0.501438 9.9991E-005 0.290437
0.0527654 9.9991E-005 0.698259 0.00958764 0.239288
0.155737 0.0441493 0.445883 0.0187316 0.335499
0.391906 0.158715 0.449178 9.9982E-005 9.9982E-005
0.197396 0.30578 0.357767 0.0339075 0.105149
0.135957 0.358093 0.147817 9.9991E-005 0.358033
0.204039 0.207191 0.310293 0.0451215 0.233356
0.202375 0.205017 0.517897 0.0306736 0.0440367
0.0468214 0.229975 0.631091 9.9991E-005 0.0920131
0.329811 0.559437 9.9991E-005 0.0362552 0.0743966
0.169048 0.33712 0.267247 9.9991E-005 0.226485
0.160868 0.00125594 0.752403 0.0304262 0.055047
9.9991E-005 0.125314 0.531444 0.0442886 0.298853
0.303665 0.171384 0.470626 0.0375071 0.0168182
0.297492 9.9982E-005 0.636457 9.9982E-005 0.0658508
0.205682 0.0710999 0.380356 0.0148595 0.328003
0.175555 0.757337 0.0303474 0.0366599 9.9991E-005
0.288001 0.330722 0.0470659 0.048814 0.285398
0.0921724 0.282755 0.529374 0.0134469 0.0822517
0.188052 9.9982E-005 0.4103 9.9982E-005 0.401448
0.148132 0.224822 0.488331 9.9991E-005 0.138615
0.18995 0.213811 0.268615 9.9991E-005 0.327525
0.125286 0.07435 0.518709 0.0454321 0.236223
0.0502082 0.130657 0.66515 9.9991E-005 0.153885
0.0768186 0.384991 0.23341 0.304681 9.9991E-005
0.178117 0.159558 0.527997 0.0782334 0.0560941
0.0528562 0.281438 0.445527 0.00920882 0.21097
0.126163 0.319028 0.183336 0.304253 0.06722
0.099051 0.604937 0.021842 0.27407 9.9991E-005
0.187898 9.9991E-005 0.577942 0.0200519 0.214008
0.264331 0.205503 0.348418 0.0541491 0.127599
0.200056 9.9982E-005 0.525423 9.9982E-005 0.274321
0.162757 0.657849 0.1341 9.9991E-005 0.0451944
0.242889 0.299219 0.432203 0.0132849 0.0124034
0.283967 9.9991E-005 0.415903 0.0092821 0.290748
0.0437017 0.381377 0.170037 0.34327 0.0616144
0.0280333 0.119262 0.416945 0.00206734 0.433692
0.0465767 0.0827256 0.593999 0.042273 0.234425
0.233838 0.0984273 0.356942 9.9991E-005 0.310693
0.218755 0.153825 0.563997 9.9991E-005 0.0633234
9.9982E-005 0.16111 0.616816 9.9982E-005 0.221874
0.116267 9.9982E-005 0.501576 9.9982E-005 0.381957
0.0922937 0.0612389 0.442963 9.9991E-005 0.403405
0.234913 0.14585 0.495778 9.9991E-005 0.12336
0.130475 9.9982E-005 0.45324 9.9982E-005 0.416085
0.0103205 0.314617 0.374101 9.9991E-005 0.300861
0.0262972 9.9991E-005 0.0373268 0.740981 0.195295
0.221418 9.9982E-005 0.595877 9.9982E-005 0.182505
0.000231464 0.145232 0.638797 9.9991E-005 0.21564
0.231134 0.406544 0.213803 9.9991E-005 0.14842
0.329402 9.9982E-005 0.548968 9.9982E-005 0.12143
0.0811314 0.287598 0.347673 9.9991E-005 0.283498
0.0695009 0.178712 0.539626 9.9991E-005 0.212062
0.141475 0.236529 0.13366 0.102923 0.385413
0.248123 0.113512 0.47148 9.9991E-005 0.166785
0.110423 0.0429343 0.574835 0.0120732 0.259734
0.212934 0.0771147 0.501359 0.0192369 0.189356
0.0650896 0.134148 0.479353 9.9991E-005 0.32131
9.9991E-005 0.354011 0.411677 0.00314694 0.231065
9.9973E-005 9.9973E-005 9.9973E-005 0.96088 0.0388198
0.257736 0.170861 0.538955 9.9991E-005 0.0323478
0.125227 0.30496 0.318464 9.9991E-005 0.251249
0.175684 0.147052 0.40118 9.9991E-005 0.275984
0.177866 0.0181305 0.518579 9.9991E-005 0.285324
0.0252826 9.9991E-005 0.513733 0.0519422 0.408942
0.150747 0.155602 0.444824 0.0291795 0.219647
0.202834 9.9982E-005 9.9982E-005 0.67501 0.121956
0.208781 0.172374 0.618645 9.9982E-005 9.9982E-005
0.178222 0.240743 0.533066 0.00915143 0.0388173
0.146266 0.196847 0.448257 9.9991E-005 0.20853
0.275105 0.242187 0.462044 9.9991E-005 0.0205645
0.216789 9.9982E-005 0.32992 9.9982E-005 0.453092
0.078113 0.0676983 0.533468 9.9991E-005 0.32062
0.170905 0.273049 0.461052 9.9991E-005 0.0948942
0.356566 0.0655128 0.395161 9.9991E-005 0.182659
0.233703 0.169637 0.416359 9.9991E-005 0.180201
0.128484 0.23719 0.34043 9.9991E-005 0.293796
0.113822 9.9982E-005 0.379261 9.9982E-005 0.506717
0.141344 0.343588 0.327186 9.9991E-005 0.187781
0.157194 0.352766 0.274937 9.9991E-005 0.215004
0.0626552 0.0967403 0.497105 0.0248701 0.31863
0.0748493 0.391916 0.487127 9.9991E-005 0.0460077
0.241984 0.216643 0.361806 0.0396777 0.139889
0.239339 0.127983 0.449559 9.9991E-005 0.183018
9.9991E-005 0.0173367 0.620655 0.0169729 0.344936
0.244857 9.9991E-005 0.409803 0.0527293 0.292511
0.129924 0.196364 0.318894 9.9991E-005 0.354719
0.0570254 0.370309 0.303183 0.0100371 0.259445
0.344287 9.9982E-005 0.56106 9.9982E-005 0.0944533
0.242112 0.238325 0.268861 9.9991E-005 0.250602
0.0795818 0.258709 0.506802 9.9991E-005 0.154807
9.9982E-005 0.0376819 9.9982E-005 0.883114 0.0790041
9.9991E-005 0.401274 0.060294 0.379736 0.158596
0.163601 0.273716 0.0731632 0.243094 0.246426
9.9991E-005 0.325914 0.0346233 0.605874 0.0334884
0.110314 0.573089 0.115714 0.0317369 0.169146
0.267383 0.422436 0.0441154 9.9991E-005 0.265966
0.384349 0.358036 9.9991E-005 0.0833959 0.17412
0.107817 0.0359783 0.487678 9.9991E-005 0.368427
0.136109 0.290309 0.386692 9.9991E-005 0.18679
0.0800939 0.00934687 0.612599 9.9991E-005 0.297861
0.233902 0.328633 0.226009 9.9991E-005 0.211356
0.12244 0.192665 0.45328 0.0678798 0.163735
0.249783 0.221549 0.45685 0.0181238 0.0536939
0.0490957 0.275297 0.418234 9.9991E-005 0.257273
0.192115 0.159496 0.418799 9.9991E-005 0.229491
0.115747 0.208894 0.424082 9.9991E-005 0.251177
0.309066 0.086683 0.473111 0.0113576 0.119782
0.121075 0.220772 0.438629 9.9991E-005 0.219423
0.00110552 0.391763 0.21954 0.0469971 0.340594
0.274378 0.0560597 0.453274 0.0985852 0.117704
0.29376 9.9982E-005 0.348723 9.9982E-005 0.357317
0.331784 0.0700617 0.410885 0.0643498 0.12292
9.9991E-005 0.152108 0.0316855 0.694131 0.121975
0.133232 0.561889 0.0711568 0.226335 0.00738654
0.138114 0.195149 0.640985 9.9991E-005 0.0256513
0.34557 9.9982E-005 0.29788 9.9982E-005 0.35635
0.0685455 0.660818 0.0284943 0.188971 0.0531712
0.12811 0.177706 0.557031 9.9991E-005 0.137053
0.0846411 9.9991E-005 0.619587 0.00657225 0.2891
0.280017 0.644962 9.9991E-005 0.0168196 0.0581016
0.048906 0.152859 0.538796 9.9991E-005 0.259339
0.122337 0.00829999 0.52272 9.9991E-005 0.346543
0.705539 9.9973E-005 0.294161 9.9973E-005 9.9973E-005
0.623412 9.9973E-005 0.376288 9.9973E-005 9.9973E-005
0.0401248 0.289536 0.42142 0.07964 0.16928
0.136683 0.148675 0.46233 9.9991E-005 0.252212
0.0974983 0.233547 0.166368 0.375432 0.127154
0.296198 0.0603219 0.414262 9.9991E-005 0.229119
0.215475 0.299022 0.349194 9.9991E-005 0.136209
0.176815 9.9982E-005 0.687211 9.9982E-005 0.135774
0.0714305 0.391319 0.0769117 0.165411 0.294928
0.421426 0.133351 0.0668601 0.00818234 0.370181
0.309793 0.408804 0.148277 9.9991E-005 0.133027
0.353349 9.9982E-005 0.436548 9.9982E-005 0.209903
0.346182 0.514142 0.12035 0.0125316 0.00679419
0.119029 0.216783 0.510418 9.9991E-005 0.153671
0.240753 0.35875 0.317027 9.9991E-005 0.0833698
0.0335121 0.173407 0.490135 9.9991E-005 0.302845
0.171058 0.166952 0.383004 0.00330721 0.275679
0.262816 0.260552 0.143351 0.283315 0.0499669
0.224424 0.132904 0.40976 9.9991E-005 0.232813
9.9982E-005 0.163714 0.0178984 0.818188 9.9982E-005
9.9991E-005 0.204383 0.357945 0.00769416 0.429878
0.0155382 0.153852 0.446581 9.9991E-005 0.383929
9.997E-005 9.997E-005 9.997E-005 0.9996 9.997E-005
9.9973E-005 9.9973E-005 0.156566 0.843134 9.9973E-005
0.19392 0.322046 0.483833 9.9982E-005 9.9982E-005
0.275709 0.229131 0.26047 0.0598506 0.174839
0.262811 0.118366 0.420512 0.00398711 0.194324
0.0790776 0.0241472 0.486055 0.0349714 0.375748
0.351169 0.117931 0.34804 9.9991E-005 0.18276
0.0632215 9.9982E-005 0.637801 9.9982E-005 0.298778
0.194691 0.156178 0.312604 0.0191686 0.317358
0.0900541 0.461166 0.0891248 0.359555 9.9991E-005
0.190923 0.0724774 0.310393 9.9991E-005 0.426107
9.9991E-005 0.10545 0.661583 0.0534345 0.179432
0.16772 0.239423 0.282452 0.01684 0.293565
9.9982E-005 0.0463332 9.9982E-005 0.0267913 0.926676
0.0264515 0.593457 0.20558 9.9991E-005 0.174412
0.193055 0.188372 9.9982E-005 9.9982E-005 0.618373
0.134561 0.242613 0.483632 9.9991E-005 0.139093
0.203033 0.0516065 0.119693 0.346293 0.279374
0.280135 9.9982E-005 0.51195 9.9982E-005 0.207715
0.17172 0.0784043 0.424042 0.0805209 0.245313
0.130838 9.9982E-005 0.493239 9.9982E-005 0.375722
0.240575 0.0618694 0.394628 9.9991E-005 0.302828
0.340993 0.0157402 0.239092 9.9991E-005 0.404076
0.0222671 0.362676 0.39011 9.9991E-005 0.224847
0.169073 0.342787 0.48794 9.9982E-005 9.9982E-005
0.284445 0.42153 0.157865 0.0421021 0.0940577
0.128929 0.682661 0.109511 9.9991E-005 0.0787989
0.328537 0.0590473 0.479006 0.0264897 0.10692
0.207862 0.0482558 0.439655 9.9991E-005 0.304128
0.118565 0.230956 0.525966 9.9991E-005 0.124413
0.0649405 0.0429811 0.157172 0.734806 9.9991E-005
0.070117 0.3432 0.483139 9.9991E-005 0.103445
9.997E-005 9.997E-005 9.997E-005 9.997E-005 0.9996
9.9982E-005 0.320409 0.442084 9.9982E-005 0.237306
0.197172 0.0409807 0.112953 9.9991E-005 0.648794
9.9982E-005 0.370021 0.475006 9.9982E-005 0.154773
0.191388 0.340539 0.444696 0.0232767 9.9991E-005
0.283129 0.227143 0.449708 9.9991E-005 0.0399204
0.360933 9.9991E-005 0.462075 0.0277095 0.149182
0.160742 0.413791 0.0675097 0.171345 0.186613
0.0625929 9.9991E-005 0.62156 0.0178435 0.297903
0.124056 0.165565 0.540482 0.0288026 0.141094
0.306434 0.0762985 0.509535 9.9991E-005 0.107632
0.289812 0.64557 0.0169227 0.0387782 0.00891705
0.111717 0.171513 0.563542 9.9991E-005 0.153128
0.275984 0.159892 0.309594 9.9991E-005 0.25443
0.186754 0.301373 0.280094 0.101483 0.130295
0.124543 0.132361 0.525982 9.9991E-005 0.217014
0.336989 0.162524 0.36158 0.0292456 0.109661
0.214089 0.295405 0.254605 0.023912 0.211989
0.277274 0.229882 0.394396 0.065068 0.0333808
0.0233417 0.35098 9.9991E-005 0.275478 0.3501
0.235391 0.263464 0.274699 9.9991E-005 0.226347
0.895265 9.9973E-005 0.104435 9.9973E-005 9.9973E-005
0.841482 9.9973E-005 0.158218 9.9973E-005 9.9973E-005
0.0599179 0.317037 0.246351 9.9991E-005 0.376594
9.9982E-005 0.360335 0.229796 9.9982E-005 0.409669
0.189634 0.0894242 0.316652 9.9991E-005 0.40419
0.152016 0.0719105 0.35382 0.0299246 0.392328
9.9982E-005 0.198721 0.575215 9.9982E-005 0.225864
0.263698 0.191964 0.416543 9.9991E-005 0.127695
0.0566713 0.159898 0.522118 9.9991E-005 0.261213
0.222673 0.558573 0.136856 9.9991E-005 0.0817982
0.124336 0.101682 0.410029 0.0926811 0.271272
0.191896 0.111686 0.440991 0.0691651 0.186262
0.0695348 0.64397 0.0272167 0.0126567 0.246622
0.0774212 0.254189 0.465121 9.9991E-005 0.203168
0.268591 0.0690991 0.416055 0.0225541 0.223701
0.218779 0.0912937 0.407842 9.9991E-005 0.281986
0.000221425 0.168439 0.548531 0.0329189 0.24989
0.0319335 0.316661 0.43224 9.9991E-005 0.219066
0.130504 0.721045 0.0640579 9.9991E-005 0.084293
0.25944 9.9982E-005 0.598118 9.9982E-005 0.142242
0.379222 0.38762 0.0517421 0.0292972 0.152119
