9.9982E-005 0.112381 9.9982E-005 0.414475 0.472944
0.188265 9.9991E-005 0.000107291 0.433919 0.377609
0.102799 9.9991E-005 0.0464118 0.408437 0.442252
0.0451779 9.9991E-005 0.190137 0.232603 0.531982
0.103962 0.0237513 9.9991E-005 0.248896 0.623291
9.9982E-005 0.0246462 0.863231 0.111923 9.9982E-005
0.0734771 0.130087 0.00191578 0.222241 0.572279
9.9973E-005 0.0240664 0.975634 9.9973E-005 9.9973E-005
0.326352 9.9991E-005 0.0460162 0.143208 0.484324
0.0466941 0.00746444 9.9991E-005 0.426229 0.519513
0.0793038 9.9982E-005 9.9982E-005 0.369248 0.551249
0.111391 9.9991E-005 0.252332 0.347808 0.288369
0.188274 9.9982E-005 9.9982E-005 0.173091 0.638435
0.0534101 0.0142419 0.101567 0.161897 0.668884
0.175091 9.9991E-005 0.620411 0.151642 0.0527562
0.224356 9.9991E-005 0.0452995 0.397767 0.332477
9.9982E-005 9.9982E-005 0.168727 0.40362 0.427453
0.124146 0.126926 9.9982E-005 9.9982E-005 0.748729
0.211643 0.0136955 0.0608077 0.172684 0.54117
9.9982E-005 0.0111197 9.9982E-005 0.34467 0.64401
0.223819 9.9982E-005 0.00255573 9.9982E-005 0.773425
9.999E-005 0.0119123 0.118232 0.274081 0.595675
0.0208602 0.00288756 9.9991E-005 0.45709 0.519062
0.0457964 0.00682212 0.594509 0.352773 9.9991E-005
0.168741 0.0851528 9.9991E-005 0.174177 0.571829
9.9982E-005 9.9982E-005 0.630524 0.241013 0.128263
0.170672 9.9991E-005 0.401886 0.228861 0.198482
9.9973E-005 9.9973E-005 0.407949 9.9973E-005 0.591751
9.9991E-005 0.0175706 0.679007 0.27738 0.0259429
9.9982E-005 9.9982E-005 0.178087 0.0886561 0.733057
9.9991E-005 0.0300656 0.536169 0.141033 0.292633
0.241731 0.0354389 0.0217685 0.143338 0.557723
0.203775 9.9991E-005 0.22766 0.257964 0.3105
0.0935332 9.9982E-005 0.896926 9.9982E-005 0.00934092
0.0798165 0.00641759 0.913566 9.9982E-005 9.9982E-005
0.157141 9.9991E-005 0.119082 0.154037 0.56964
0.114528 9.9991E-005 0.176444 0.0897262 0.619201
0.319034 9.9982E-005 9.9982E-005 0.134899 0.545867
0.0613295 9.9991E-005 0.726003 0.111267 0.101301
9.9991E-005 0.0741645 0.376778 0.404197 0.144761
0.388438 9.9991E-005 0.240994 0.132032 0.238436
9.9982E-005 9.9982E-005 0.0964305 0.253039 0.65033
0.123873 9.9991E-005 0.125073 0.175705 0.575248
0.309872 9.9982E-005 0.582908 9.9982E-005 0.107021
0.123917 0.0229664 9.9991E-005 0.408396 0.44462
0.348448 9.9982E-005 9.9982E-005 0.250902 0.40045
0.0299316 0.153352 0.0670652 0.20548 0.544172
0.143054 0.0362818 0.09428 0.279771 0.446613
0.22329 9.9991E-005 0.0099804 0.453904 0.312726
9.9982E-005 9.9982E-005 0.497143 0.449756 0.0529007
0.058023 0.0319096 9.9991E-005 0.242355 0.667612
9.9991E-005 0.148964 0.381378 0.316368 0.15319
0.1708 0.0536216 9.9991E-005 0.376115 0.399363
0.0611808 9.9973E-005 0.938519 9.9973E-005 9.9973E-005
0.088955 9.9991E-005 0.407958 0.240499 0.262488
9.9982E-005 0.0242251 9.9982E-005 0.216007 0.759568
9.9982E-005 0.0365729 9.9982E-005 0.245984 0.717243
9.9991E-005 0.083391 0.2089 0.245001 0.462608
0.121443 9.9991E-005 0.244449 0.505826 0.128183
0.0155152 9.9982E-005 0.333913 9.9982E-005 0.650372
9.9982E-005 0.0915899 0.842737 0.0654731 9.9982E-005
0.0330739 9.9982E-005 0.912888 0.0538385 9.9982E-005
9.9982E-005 0.028587 9.9982E-005 0.251803 0.71941
9.9973E-005 9.9973E-005 0.967299 0.0324006 9.9973E-005
0.142033 0.0344401 0.040305 0.260771 0.522451
0.0770554 9.9982E-005 0.835988 0.0867563 9.9982E-005
0.0669813 0.0561679 9.9991E-005 0.107442 0.769309
0.0879033 0.0179118 0.118989 0.449561 0.325635
0.158307 9.9982E-005 9.9982E-005 0.361793 0.4797
9.9982E-005 0.0266594 0.727962 0.245179 9.9982E-005
0.151546 0.120918 9.9991E-005 0.380751 0.346685
0.140497 9.9991E-005 0.0198913 0.326182 0.513329
0.0651577 0.0109215 0.290078 0.258148 0.375695
9.9982E-005 0.104534 9.9982E-005 0.399664 0.495602
0.0369649 0.0455738 0.101145 0.23497 0.581346
9.9991E-005 0.022401 0.329235 0.259328 0.388936
0.112804 9.9991E-005 0.0530172 0.24538 0.588698
0.124479 0.00759583 0.135596 0.563106 0.169224
0.119594 0.0203819 0.153711 0.319401 0.386912
0.209578 0.0328505 0.00725842 0.259916 0.490398
0.0601128 9.9982E-005 9.9982E-005 0.608928 0.330759
0.270491 9.9991E-005 0.0237188 0.222699 0.482992
0.042357 9.9991E-005 0.0305213 0.384116 0.542906
0.0155917 9.9982E-005 9.9982E-005 0.207604 0.776605
0.0897375 9.9982E-005 9.9982E-005 0.329407 0.580656
0.249894 9.9991E-005 0.126811 0.357865 0.26533
0.198854 9.9991E-005 0.307915 0.216769 0.276362
0.071819 9.9991E-005 0.241503 0.370343 0.316235
9.9982E-005 9.9982E-005 0.818197 0.103996 0.0776074
0.101562 0.00704774 0.263585 0.355236 0.27257
0.231824 9.9982E-005 9.9982E-005 0.481865 0.286112
0.0710677 9.9991E-005 0.584502 0.11459 0.22974
0.204288 9.9991E-005 0.064438 0.162289 0.568884
9.9982E-005 9.9982E-005 0.238467 0.171672 0.589661
9.9982E-005 9.9982E-005 0.434683 0.428257 0.13686
9.9973E-005 9.9973E-005 0.920861 0.0788395 9.9973E-005
0.156042 9.9991E-005 0.111787 0.295452 0.436619
0.12601 9.9991E-005 0.0664968 0.57368 0.233714
0.149166 9.9991E-005 0.0210584 0.449719 0.379956
0.0594657 9.9991E-005 0.235755 0.00706625 0.697613
0.0705649 0.00784048 0.512798 0.372337 0.0364602
0.231428 9.9991E-005 0.0358946 0.11789 0.614687
0.038445 0.0611366 9.9991E-005 0.38394 0.516379
9.9982E-005 0.0869167 9.9982E-005 0.244049 0.668834
0.208253 0.0468029 0.0283241 0.180769 0.535851
9.9973E-005 9.9973E-005 0.763759 0.235941 9.9973E-005
0.0417981 0.169403 0.54173 0.230394 0.0166745
0.0178786 9.9982E-005 9.9982E-005 0.384595 0.597327
0.120882 9.9991E-005 0.0447253 0.382665 0.451627
9.9973E-005 9.9973E-005 9.9973E-005 0.247894 0.751806
9.9982E-005 9.9982E-005 0.49685 0.271114 0.231836
9.9982E-005 0.047728 0.943645 0.00842663 9.9982E-005
9.9982E-005 9.9982E-005 0.43294 0.258716 0.308144
0.254228 9.9991E-005 0.00220861 0.0468081 0.696656
9.9991E-005 0.0565341 0.0871494 0.133195 0.723021
0.0932201 9.9982E-005 9.9982E-005 0.182276 0.724304
0.0817596 9.9982E-005 9.9982E-005 0.248706 0.669335
9.9973E-005 9.9973E-005 0.947543 0.0521574 9.9973E-005
0.0185988 0.0525571 0.0482219 0.020505 0.860117
0.127015 9.9982E-005 9.9982E-005 0.369723 0.503062
0.0292585 0.00494214 0.144534 0.168785 0.652481
0.0974209 9.9991E-005 0.642998 0.119107 0.140374
0.134397 9.9982E-005 9.9982E-005 0.15581 0.709593
0.136074 9.9991E-005 0.0896337 0.33652 0.437673
0.150557 0.0257143 0.0109603 0.112739 0.700029
9.9982E-005 9.9982E-005 0.052995 0.363274 0.583531
0.0546724 9.9982E-005 0.628921 9.9982E-005 0.316206
0.0565917 0.0409746 0.901023 0.00131094 9.9991E-005
0.416488 9.9982E-005 9.9982E-005 0.34938 0.233932
0.101176 0.102506 9.9991E-005 0.317932 0.478287
0.0261697 0.0618652 0.0018115 0.322409 0.587744
0.186835 0.0723746 9.9991E-005 0.369186 0.371505
0.208394 9.9991E-005 0.355039 0.156911 0.279556
0.251598 0.120448 0.0629474 0.251995 0.313012
0.0228443 9.9991E-005 0.239066 0.134363 0.603627
0.00279852 9.9973E-005 9.9973E-005 0.996902 9.9973E-005
0.0281115 0.0440843 0.567951 0.192234 0.167619
0.229004 9.9991E-005 0.292617 0.127731 0.350548
9.997E-005 9.997E-005 9.997E-005 0.9996 9.997E-005
0.0614738 9.9991E-005 0.556278 0.291926 0.0902221
0.0887891 9.9991E-005 0.194677 0.175675 0.540759
0.0728123 0.0391615 0.374961 0.262007 0.251058
0.208895 9.9991E-005 0.256315 0.161536 0.373154
0.295769 9.9991E-005 0.171677 0.495732 0.036722
9.9991E-005 0.0648008 0.793919 0.0979088 0.0432711
0.22033 9.9991E-005 0.243061 0.156942 0.379567
0.114006 9.9991E-005 0.203708 0.344791 0.337396
0.148664 0.0367767 9.9991E-005 0.264807 0.549652
9.9982E-005 0.0123664 9.9982E-005 0.319505 0.667929
0.058801 0.174978 9.9991E-005 0.197209 0.568912
0.34707 9.9991E-005 0.049816 0.120193 0.482821
9.9991E-005 0.108191 0.387156 0.0582109 0.446343
0.11105 9.9991E-005 0.802582 0.040222 0.0460462
0.145744 0.0606498 0.404546 0.158635 0.230426
0.132535 0.0325425 9.9991E-005 0.634695 0.200128
0.253098 0.00609418 9.9991E-005 0.34313 0.397578
0.0784576 9.9982E-005 0.845182 0.0761606 9.9982E-005
0.288759 0.0122436 9.9991E-005 0.24118 0.457717
9.9982E-005 0.0695457 9.9982E-005 0.467178 0.463077
0.106536 9.9991E-005 0.190018 0.255267 0.448079
0.0682188 0.0640734 9.9991E-005 0.382769 0.484839
0.259152 9.9991E-005 0.120808 0.451376 0.168565
0.0999463 9.9991E-005 0.0360739 0.535285 0.328595
0.0953942 0.0684476 0.027008 0.455063 0.354087
0.0859317 9.9982E-005 9.9982E-005 0.259821 0.654047
0.134037 9.9982E-005 9.9982E-005 0.167925 0.697838
0.173219 9.9991E-005 0.14157 0.430483 0.254628
0.00138811 9.9991E-005 0.507327 0.351578 0.139608
0.0733875 9.9991E-005 0.25268 0.437539 0.236293
0.217617 9.9991E-005 0.0604923 0.433845 0.287946
0.0444811 0.0856977 0.141872 0.337322 0.390627
9.9982E-005 9.9982E-005 0.0531584 0.367017 0.579624
9.9973E-005 0.016021 0.983679 9.9973E-005 9.9973E-005
0.43181 9.9991E-005 0.0878069 0.183063 0.29722
9.9982E-005 9.9982E-005 0.23129 0.590354 0.178156
0.130044 0.107772 9.9991E-005 0.50394 0.258144
9.9982E-005 9.9982E-005 0.242373 0.287754 0.469673
0.205926 9.9991E-005 0.579322 0.1315 0.0831519
0.160935 9.9991E-005 0.437231 0.212934 0.188801
9.9982E-005 9.9982E-005 0.624047 0.0456379 0.330115
9.9973E-005 9.9973E-005 9.9973E-005 0.363118 0.636582
0.130359 9.9982E-005 0.835339 0.0341022 9.9982E-005
0.07829 9.9991E-005 0.476555 0.176175 0.26888
0.153929 0.087596 0.0132121 0.288071 0.457192
9.997E-005 9.997E-005 0.9996 9.997E-005 9.997E-005
9.9982E-005 9.9982E-005 0.507368 0.45269 0.0397417
0.0322974 9.9991E-005 0.0138112 0.490895 0.462896
9.9982E-005 9.9982E-005 0.402951 0.298835 0.298014
0.0235016 9.9991E-005 0.127237 0.19432 0.654841
0.260874 9.9982E-005 9.9982E-005 0.077504 0.661422
0.0868582 9.9991E-005 0.294956 0.24004 0.378045
0.0265061 9.9991E-005 0.0355156 0.282282 0.655597
0.021779 9.9982E-005 9.9982E-005 0.168579 0.809442
0.227619 0.0339889 0.0451064 0.205015 0.488271
9.9991E-005 0.12048 0.177123 0.651554 0.0507439
9.9991E-005 0.0639899 0.253813 0.126139 0.555958
0.103768 0.165685 9.9991E-005 0.199878 0.530569
0.0112752 0.0680423 0.107472 0.260528 0.552682
0.274031 0.0476721 9.9991E-005 0.364357 0.313841
0.182185 0.0375509 9.9991E-005 0.353322 0.426842
0.221147 9.9991E-005 0.285687 0.376832 0.116234
0.0982387 0.0105208 9.9991E-005 0.227026 0.664115
0.373904 9.9982E-005 9.9982E-005 0.362216 0.26368
0.193946 0.107657 9.9991E-005 0.378815 0.319482
0.0416143 0.268786 9.9991E-005 0.236638 0.452862
0.0848177 0.0743217 0.244746 0.4652 0.130915
9.9982E-005 0.21207 9.9982E-005 0.0266232 0.761107
0.18473 9.9991E-005 0.18791 0.404193 0.223068
0.110052 0.0533384 0.0494438 0.286183 0.500983
0.122568 0.00728783 9.9991E-005 0.247454 0.622591
0.164947 0.0551504 0.0177558 0.206506 0.555641
0.020512 0.00302263 0.346277 0.222395 0.407794
0.0777689 9.9991E-005 0.457939 0.20149 0.262703
9.9973E-005 9.9973E-005 9.9973E-005 0.0809926 0.918707
0.308016 0.00240683 9.9991E-005 0.09919 0.590288
9.9982E-005 0.148935 9.9982E-005 0.238003 0.612862
9.9991E-005 0.0715342 0.0345734 0.394105 0.499688
9.9982E-005 9.9982E-005 0.319769 0.391742 0.288289
0.184009 9.9991E-005 0.201929 0.390235 0.223727
0.115001 0.0901127 9.9991E-005 0.467206 0.32758
9.9991E-005 0.0389101 0.520671 0.359388 0.0809306
0.153376 9.9991E-005 0.18878 0.0966849 0.561059
0.0315487 0.11136 0.122237 0.422638 0.312216
9.9982E-005 0.0421226 0.748796 0.208882 9.9982E-005
0.215392 0.0296868 9.9991E-005 0.420653 0.334168
0.105679 0.0277992 0.0217286 0.390042 0.45475
0.0842059 9.9991E-005 0.052577 0.223677 0.63944
0.165469 9.9982E-005 9.9982E-005 0.166342 0.66799
0.0629587 0.107942 9.9991E-005 0.392367 0.436632
0.188177 9.9991E-005 0.00212028 0.351977 0.457626
0.184987 9.9991E-005 0.0191528 0.0811423 0.714618
9.9973E-005 9.9973E-005 9.9973E-005 0.307313 0.692387
0.134576 9.9991E-005 0.201985 0.374163 0.289177
0.0593467 0.0655556 9.9991E-005 0.340123 0.534874
9.9973E-005 9.9973E-005 9.9973E-005 0.437981 0.561719
0.359965 9.9991E-005 0.156986 0.4478 0.0351493
0.0461056 9.9982E-005 9.9982E-005 0.448049 0.505645
0.0495289 9.9982E-005 9.9982E-005 0.363358 0.586913
0.0606466 9.9991E-005 0.444957 0.0139494 0.480347
9.9982E-005 9.9982E-005 0.324142 0.359634 0.316024
0.133175 9.9991E-005 0.00377956 0.160882 0.702064
9.9991E-005 0.00686615 0.677136 0.128078 0.18782
0.0822699 9.9982E-005 9.9982E-005 0.390195 0.527335
9.9982E-005 9.9982E-005 0.332677 0.25091 0.416213
0.207934 0.0580575 0.0731616 0.0244658 0.636381
9.9982E-005 9.9982E-005 0.1511 0.741723 0.106977
9.9991E-005 0.108106 0.33305 0.251054 0.307691
0.189709 9.9982E-005 0.502851 0.30724 9.9982E-005
0.286015 9.9991E-005 0.0430084 0.160507 0.51037
9.9973E-005 9.9973E-005 9.9973E-005 0.381859 0.617841
0.085862 9.9991E-005 0.325233 0.287963 0.300842
0.170494 9.9991E-005 0.00312168 0.445362 0.380923
0.306633 9.9991E-005 0.0148576 0.079251 0.599159
0.0811966 0.00205275 0.878818 0.0378327 9.9991E-005
0.104853 0.0230332 0.0108789 0.299168 0.562067
0.0515473 9.9982E-005 9.9982E-005 0.147531 0.800722
0.217851 9.9991E-005 0.0408402 0.102678 0.638531
0.151895 9.9991E-005 0.0181617 0.342773 0.487071
9.9973E-005 9.9973E-005 9.9973E-005 0.405428 0.594272
0.221377 9.9982E-005 9.9982E-005 0.238442 0.539981
0.230494 9.9991E-005 0.00508258 0.0660005 0.698323
0.198946 9.9991E-005 0.173913 0.126683 0.500357
0.171551 9.9991E-005 0.498842 0.305208 0.0242986
0.309383 9.9991E-005 0.0534252 0.042893 0.594199
9.9982E-005 0.129657 9.9982E-005 0.116018 0.754125
0.112432 9.9991E-005 0.196219 0.355651 0.335598
9.9982E-005 9.9982E-005 0.345749 0.33219 0.321861
0.280536 9.9982E-005 9.9982E-005 0.146045 0.573219
9.9991E-005 0.00566198 0.244972 0.131548 0.617719
0.034839 0.00188149 0.00614202 0.124885 0.832253
9.9982E-005 9.9982E-005 0.403497 0.261698 0.334605
0.111569 0.0814316 0.0954123 0.305192 0.406395
9.9982E-005 9.9982E-005 0.431089 0.419322 0.149389
0.0199186 0.0249077 0.243094 0.111542 0.600538
0.293769 0.00461756 9.9991E-005 0.432382 0.269131
0.230909 9.9991E-005 0.216695 0.201614 0.350683
0.136045 9.9982E-005 9.9982E-005 0.41811 0.445645
9.9991E-005 0.0109253 0.0780697 0.29722 0.613685
0.149925 9.9991E-005 0.0123593 0.546263 0.291353
9.9991E-005 0.0928322 0.255877 0.393357 0.257834
0.216778 9.9991E-005 0.00339433 0.413094 0.366634
0.422525 0.0268257 9.9991E-005 0.236438 0.314112
0.096956 9.9982E-005 9.9982E-005 0.237465 0.665379
0.122929 0.00725687 0.533953 9.9991E-005 0.335761
0.0716329 0.00740996 0.920757 9.9982E-005 9.9982E-005
0.0812796 9.9991E-005 0.0615886 0.390034 0.466998
0.297223 9.9991E-005 0.123385 0.205928 0.373363
0.220693 0.040731 0.0610768 0.463475 0.214024
0.171742 9.9991E-005 0.156402 0.402413 0.269342
0.274782 9.9991E-005 0.266744 0.165422 0.292952
0.0252909 9.9991E-005 0.0609589 0.324034 0.589617
0.0382617 0.0783878 9.9991E-005 0.288066 0.595185
0.28425 0.00579779 0.012794 0.173696 0.523463
0.188646 9.9991E-005 0.0209636 0.145145 0.645145
0.253885 0.010936 9.9991E-005 0.0668104 0.668268
9.9973E-005 9.9973E-005 9.9973E-005 0.255386 0.744314
0.0788014 9.9982E-005 9.9982E-005 0.230364 0.690635
9.9982E-005 0.041741 9.9982E-005 0.771793 0.186266
0.153865 0.138805 9.9991E-005 0.188853 0.518376
0.0758917 9.9991E-005 0.0586626 0.407248 0.458098
0.323377 9.9982E-005 9.9982E-005 0.31421 0.362213
0.278266 9.9991E-005 0.0899843 0.111863 0.519786
0.156147 0.0161379 0.112538 0.174014 0.541164
0.00464866 0.191744 0.607192 0.0805954 0.11582
0.0264027 9.9991E-005 0.405733 0.367742 0.200023
0.108571 9.9982E-005 0.769773 9.9982E-005 0.121455
0.176354 9.9982E-005 9.9982E-005 0.270251 0.553195
0.0240971 9.9982E-005 0.824034 9.9982E-005 0.151669
0.00799372 0.0341842 0.733408 0.161816 0.0625983
0.0308293 0.0735806 0.00999484 0.451583 0.434012
0.11093 0.0873463 9.9991E-005 0.166101 0.635522
0.149628 0.040272 9.9991E-005 0.341185 0.468815
9.9982E-005 9.9982E-005 0.737129 0.103342 0.159329
9.9982E-005 0.063944 9.9982E-005 0.218861 0.716995
9.9991E-005 0.0564885 0.44859 0.429828 0.0649933
9.9982E-005 0.0598394 9.9982E-005 0.248798 0.691162
0.228648 9.9973E-005 0.771052 9.9973E-005 9.9973E-005
0.054096 0.0495701 0.120656 0.437761 0.337917
0.097671 0.0268011 0.0441595 0.040845 0.790523
0.0658965 9.9982E-005 9.9982E-005 0.185296 0.748608
9.9973E-005 9.9973E-005 9.9973E-005 0.454464 0.545236
9.9982E-005 9.9982E-005 0.706054 0.145141 0.148605
9.9991E-005 0.0865629 0.24213 0.223634 0.447573
0.240146 0.0151022 0.376548 0.237911 0.130293
9.9982E-005 0.130656 9.9982E-005 0.309579 0.559565
0.0766657 9.9991E-005 0.717764 0.0976414 0.107829
0.15789 0.200715 0.11108 0.151907 0.378408
0.0860267 0.0703923 0.378312 0.335395 0.129874
0.179901 0.00810524 0.00668031 0.246735 0.558578
0.102217 0.0493122 0.229112 0.433513 0.185845
9.9991E-005 0.0655265 0.633547 0.0338152 0.267011
0.141242 0.0710148 9.9991E-005 0.310441 0.477203
9.9982E-005 0.0636223 9.9982E-005 0.345161 0.591017
0.348817 9.9982E-005 9.9982E-005 0.234991 0.415992
0.345283 0.0207387 0.0309129 0.023931 0.579134
0.0703999 9.9991E-005 0.372848 0.383074 0.173579
0.211841 9.9982E-005 9.9982E-005 0.33699 0.45097
9.9982E-005 0.10322 9.9982E-005 0.176101 0.720479
9.9991E-005 0.0131125 0.0465409 0.293546 0.646701
9.9991E-005 0.0418262 0.459872 0.28578 0.212422
0.0290675 0.0262072 0.220698 0.460484 0.263543
0.172992 0.126726 0.0183779 0.0501775 0.631727
0.213745 0.00492218 0.117199 0.664034 9.9991E-005
0.1808 9.9991E-005 0.182208 0.354144 0.282747
0.106001 0.0279338 9.9991E-005 0.496946 0.369019
0.208781 0.0707393 0.378726 0.246777 0.0949763
0.384877 9.9991E-005 0.0799665 0.385189 0.149867
0.0324615 0.0315091 0.483834 0.114059 0.338136
0.0640302 0.111841 9.9991E-005 0.0569157 0.767113
0.108971 9.9982E-005 9.9982E-005 0.224906 0.665924
0.0960871 9.9982E-005 9.9982E-005 0.230704 0.673009
9.9982E-005 0.0598715 9.9982E-005 0.302605 0.637324
0.085037 0.10277 9.9991E-005 0.273986 0.538106
0.225662 9.9982E-005 9.9982E-005 0.247909 0.526229
0.301727 9.9991E-005 0.311362 0.184419 0.202391
0.176312 9.9991E-005 0.0438463 0.497631 0.282111
0.107637 9.9982E-005 9.9982E-005 0.278913 0.61325
9.9982E-005 9.9982E-005 0.0613103 0.149058 0.789432
0.0963293 9.9991E-005 0.0578863 0.480276 0.365408
0.223751 0.0610127 0.293474 0.190184 0.231578
0.173146 0.14235 9.9991E-005 0.30076 0.383643
0.0955848 0.169398 9.9991E-005 0.247595 0.487322
9.9973E-005 9.9973E-005 0.71109 0.28861 9.9973E-005
0.0241633 0.0017955 0.67949 0.124355 0.170196
0.0764155 9.9982E-005 9.9982E-005 0.452173 0.471212
0.304275 0.27405 0.0294487 0.0113777 0.380849
0.200923 0.552789 0.0739503 0.07954 0.0927982
0.311665 0.431829 0.0297789 0.0405309 0.186196
0.0906182 0.0594224 9.9991E-005 0.215078 0.634782
0.205949 0.46618 9.9991E-005 0.00122904 0.326542
0.321864 0.362495 9.9991E-005 0.00959799 0.305943
0.301976 0.411647 0.051621 0.0101631 0.224593
0.43348 0.426134 9.9991E-005 0.0828555 0.0574298
0.461569 0.310524 0.0358296 9.9991E-005 0.191977
0.283566 0.272389 9.9991E-005 0.203448 0.240496
0.0987992 0.317533 9.9991E-005 0.388192 0.195376
0.210566 0.436888 0.0448382 0.055651 0.252057
0.22309 0.127977 9.9991E-005 0.148734 0.500099
0.430624 0.286514 9.9991E-005 0.126185 0.156577
0.371394 0.351889 9.9982E-005 9.9982E-005 0.276518
0.224777 0.518792 0.123199 0.054242 0.0789905
0.0731068 0.479939 9.9991E-005 0.127242 0.319612
0.159575 0.345907 0.00495238 0.251377 0.238188
9.9982E-005 0.10889 0.830547 9.9982E-005 0.0603629
0.234938 0.250895 0.0345699 9.9991E-005 0.479497
0.251513 0.291872 0.0321254 0.131779 0.292711
0.0696449 0.0711285 0.146506 0.207034 0.505687
0.272742 0.635138 9.9982E-005 9.9982E-005 0.0919205
0.4193 0.354021 9.9982E-005 0.226479 9.9982E-005
0.265916 0.0684135 0.0185617 0.397169 0.24994
0.329853 0.457121 0.00138655 9.9991E-005 0.211539
0.223559 0.332923 0.0278264 9.9991E-005 0.415592
0.381442 0.294195 0.00441233 0.0466887 0.273262
0.377638 0.442915 0.0362549 9.9991E-005 0.143093
0.425397 0.384694 0.0224268 0.096037 0.0714449
0.181931 0.630185 9.9991E-005 0.167759 0.0200248
9.9991E-005 0.832962 0.0276623 0.00277061 0.136505
0.42632 0.385268 0.00775522 0.040927 0.139731
0.258244 0.42309 9.9991E-005 0.0328538 0.285712
0.399081 0.374074 0.141189 0.0292974 0.0563585
0.439841 0.435126 0.00734411 0.0766366 0.0410521
0.339364 0.39584 0.0928421 0.088662 0.083292
0.178855 0.063001 9.9991E-005 0.255494 0.50255
0.38512 0.475627 0.0107361 9.9991E-005 0.128416
0.363089 0.434666 0.0345512 9.9991E-005 0.167594
0.275892 0.351609 9.9991E-005 0.0865899 0.285809
0.368729 0.302694 9.9991E-005 0.132229 0.196248
9.9973E-005 0.873754 9.9973E-005 9.9973E-005 0.125946
0.104072 0.112468 0.000477703 0.170913 0.61207
0.26023 0.498676 0.0140094 9.9991E-005 0.226984
9.9991E-005 0.037355 0.325041 0.305964 0.33154
0.108842 0.0902992 9.9991E-005 0.542413 0.258345
0.132144 0.132474 0.0799228 0.156598 0.498861
0.311269 0.407894 9.9982E-005 9.9982E-005 0.280637
0.489847 0.325235 9.9991E-005 0.0194678 0.16535
0.468857 0.433113 9.9982E-005 9.9982E-005 0.0978306
0.211183 0.428678 9.9991E-005 0.0812685 0.27877
0.50029 0.257361 0.0255892 0.0388158 0.177943
0.394829 0.44418 9.9991E-005 0.00454712 0.156344
0.123797 0.345371 9.9991E-005 0.142959 0.387772
0.206663 0.610886 9.9991E-005 0.0126068 0.169744
0.225257 0.406064 0.0049408 9.9991E-005 0.363639
9.9982E-005 0.277567 9.9982E-005 0.632748 0.0894855
0.244381 0.553682 9.9982E-005 9.9982E-005 0.201737
0.25038 0.55895 0.0264559 9.9991E-005 0.164114
0.216602 0.560462 0.0330501 0.0416471 0.148239
0.399164 0.397616 9.9991E-005 0.124324 0.0787953
0.0046068 0.0731277 9.9991E-005 0.406749 0.515416
0.272619 0.468775 9.9991E-005 0.13852 0.119986
0.104155 0.0152384 0.22448 0.164949 0.491178
0.489084 0.278206 9.9982E-005 9.9982E-005 0.23251
0.245194 0.419815 0.0848765 0.137341 0.112774
0.0538514 0.107585 0.149961 0.247225 0.441378
0.512418 0.293049 0.0141825 9.9991E-005 0.180251
0.228751 0.452523 0.00211367 0.158992 0.157621
0.101204 0.510031 9.9982E-005 0.388565 9.9982E-005
0.597998 0.297868 9.9991E-005 0.0704014 0.0336326
0.318135 0.218963 9.9991E-005 0.233248 0.229555
0.467571 0.374076 9.9982E-005 9.9982E-005 0.158153
0.28062 0.49471 0.0607403 0.0440113 0.119919
0.205663 0.3785 9.9991E-005 0.182251 0.233486
0.172892 0.161718 9.9991E-005 0.293182 0.372108
0.19501 0.42662 9.9991E-005 0.33602 0.0422495
0.387721 0.208517 0.0364429 0.0264839 0.340836
9.9982E-005 0.0735856 0.884164 0.0420502 9.9982E-005
0.325565 0.353217 0.0186787 9.9991E-005 0.302439
0.173811 9.9991E-005 0.114261 0.189159 0.522669
0.387025 0.512835 9.9982E-005 0.09994 9.9982E-005
0.369253 0.209183 9.9991E-005 0.198148 0.223316
0.385247 0.146078 9.9991E-005 0.0809121 0.387663
0.0869938 0.159976 9.9991E-005 0.147882 0.605048
0.1648 0.416551 9.9991E-005 0.100805 0.317744
0.244381 0.365787 9.9991E-005 0.0124425 0.37729
0.357372 0.377918 9.9991E-005 0.0175462 0.247065
0.128783 0.519762 0.00727729 9.9991E-005 0.344078
0.242326 0.0765075 0.0319855 0.229188 0.419993
0.254252 0.405378 9.9991E-005 0.212713 0.127557
0.471396 0.290603 0.0235729 0.0805266 0.133901
0.331725 0.4086 9.9991E-005 0.0257525 0.233823
0.107325 9.9991E-005 0.0132119 0.200603 0.678761
0.141892 0.506646 0.00939272 0.200857 0.141213
0.411222 0.426062 9.9991E-005 0.0878145 0.0748012
0.276815 0.385322 9.9991E-005 0.154928 0.182836
0.592015 0.244671 9.9991E-005 0.0803748 0.0828391
0.135754 9.9982E-005 9.9982E-005 0.529348 0.334698
0.0302991 9.9982E-005 0.969303 9.9982E-005 0.000197853
0.340653 0.374864 9.9991E-005 0.23988 0.0445035
0.296918 0.252852 0.0214291 9.9991E-005 0.428701
0.216774 0.347216 9.9991E-005 0.23124 0.20467
0.334204 0.446714 0.0288199 0.00595581 0.184306
0.21742 0.507761 0.035022 9.9991E-005 0.239697
0.219816 0.43998 9.9991E-005 0.0397133 0.300391
0.338738 0.525672 0.0671129 0.0286236 0.0398532
0.0643596 0.603086 0.015682 0.0724063 0.244466
0.408733 0.400186 0.0337154 9.9991E-005 0.157266
0.0998909 0.425937 9.9991E-005 0.106737 0.367335
0.0613298 0.0951062 9.9991E-005 0.378889 0.464575
0.449442 0.410714 9.9982E-005 9.9982E-005 0.139644
0.26491 0.334469 9.9991E-005 0.119419 0.281102
0.0898778 0.02604 9.9991E-005 0.218205 0.665777
0.295279 0.456187 0.00430311 0.0809254 0.163305
0.0621188 9.9982E-005 9.9982E-005 0.463403 0.474279
0.208402 0.385096 9.9991E-005 0.139794 0.266608
0.519261 0.328175 9.9982E-005 9.9982E-005 0.152364
0.153958 0.0608379 9.9991E-005 0.416608 0.368496
0.439068 0.325519 0.0167799 0.0970763 0.121557
0.339358 0.118058 9.9991E-005 0.282984 0.259501
0.688419 0.198742 0.0613333 9.9991E-005 0.0514058
0.367797 9.9973E-005 0.631903 9.9973E-005 9.9973E-005
0.366915 0.36327 9.9982E-005 9.9982E-005 0.269614
0.203799 0.434588 9.9991E-005 0.171129 0.190385
0.560569 0.279636 9.9991E-005 0.040625 0.11907
0.293591 0.336885 0.0401532 0.138713 0.190658
0.375582 0.444395 0.00654639 9.9991E-005 0.173376
0.272987 0.480879 9.9991E-005 0.238018 0.00801631
0.280818 0.334695 9.9991E-005 0.249617 0.13477
9.9973E-005 9.9973E-005 9.9973E-005 0.309424 0.690276
0.616826 0.223438 0.0512705 0.108365 9.9991E-005
0.304763 0.480507 9.9991E-005 0.0930556 0.121574
0.364514 0.486244 0.0419809 9.9991E-005 0.10716
0.0625066 0.575509 0.0585847 0.0948178 0.208582
0.509318 0.17076 0.0157242 9.9991E-005 0.304098
0.157603 0.354159 0.0721961 9.9991E-005 0.415942
0.165675 0.24055 9.9991E-005 0.0968265 0.496849
0.246574 0.218561 0.0552408 0.316515 0.163109
0.298047 0.320957 0.00403934 0.0498402 0.327117
0.550942 0.362405 9.9982E-005 0.0864531 9.9982E-005
0.16493 9.9991E-005 0.0130475 0.316109 0.505814
0.092915 0.325665 0.0084366 9.9991E-005 0.572884
0.422277 0.466251 9.9982E-005 0.111272 9.9982E-005
0.272679 0.530358 0.0441948 0.0349738 0.117795
0.432031 0.331683 0.0260658 0.0872173 0.123003
0.596164 0.403536 9.9973E-005 9.9973E-005 9.9973E-005
0.235956 0.352545 9.9991E-005 0.25156 0.15984
0.047753 9.9991E-005 0.00486746 0.25394 0.69334
0.00202621 0.099023 0.0241852 0.481142 0.393624
0.26109 0.358815 0.0483189 0.0497127 0.282064
0.316193 0.447998 9.9991E-005 0.177412 0.0582972
0.480193 0.280641 9.9982E-005 9.9982E-005 0.238966
0.131393 0.336942 9.9991E-005 0.227789 0.303776
0.263494 0.472854 0.0456246 0.141328 0.0767004
0.476026 0.471154 0.0127951 9.9991E-005 0.0399253
0.117863 0.107709 0.266334 0.37406 0.134034
0.27687 0.359941 9.9982E-005 9.9982E-005 0.362989
0.147289 0.36284 9.9991E-005 0.27857 0.211201
0.138256 0.119474 0.311456 0.282328 0.148486
0.0728266 9.9991E-005 0.268035 0.187541 0.471497
0.488844 0.414525 0.00153932 9.9991E-005 0.0949913
0.310432 0.261403 0.0453947 0.170535 0.212236
0.231725 0.541278 9.9991E-005 0.0558407 0.171056
0.297957 0.0148224 0.00782458 9.9991E-005 0.679296
0.312144 0.407881 0.00160261 0.0629459 0.215426
0.298539 0.478019 0.0428955 0.00555261 0.174994
0.132243 0.0102421 0.300366 0.316567 0.240581
0.247405 0.390521 0.026784 0.0855304 0.249759
0.280222 0.458408 9.9982E-005 9.9982E-005 0.26117
0.268568 0.467101 9.9991E-005 0.0699266 0.194305
0.337388 0.393022 0.0441459 9.9991E-005 0.225344
0.224376 0.497435 9.9982E-005 9.9982E-005 0.277989
0.199368 0.541048 9.9991E-005 0.178648 0.0808363
0.206979 0.515997 0.0648632 0.0388752 0.173286
0.195091 0.355409 9.9991E-005 0.13142 0.31798
0.0368598 0.629026 9.9991E-005 0.0179872 0.316027
0.260892 0.40402 0.00749245 0.0820934 0.245502
9.9982E-005 0.0915357 0.603665 0.304599 9.9982E-005
0.505466 0.396587 0.0107467 0.0870996 9.9991E-005
0.230956 0.521264 9.9991E-005 0.0646068 0.183074
0.33134 0.0794169 9.9991E-005 0.344922 0.244221
0.466259 0.483593 9.9982E-005 0.0499481 9.9982E-005
0.24677 0.353413 9.9991E-005 0.126796 0.272922
0.360454 0.450336 0.00032867 0.124624 0.0642581
0.0137844 0.240106 0.0517962 0.376327 0.317986
0.390619 0.391701 9.9991E-005 0.0867319 0.130848
0.16247 0.608049 0.00559816 0.073206 0.150676
0.298376 0.379389 0.0210646 0.122525 0.178645
0.230893 0.475009 0.0382864 0.124573 0.13124
0.389053 0.251135 0.0318252 9.9991E-005 0.327886
9.9973E-005 0.00320358 0.996497 9.9973E-005 9.9973E-005
0.456311 0.307031 9.9991E-005 0.122037 0.11452
0.372677 0.225885 9.9991E-005 0.0931468 0.308191
0.252012 0.374308 9.9991E-005 0.077514 0.296066
0.32546 0.4296 9.9991E-005 0.138279 0.106562
0.246281 0.495659 0.0396493 0.218311 9.9991E-005
0.232714 0.389898 0.0361575 0.160647 0.180583
9.9973E-005 9.9973E-005 0.543946 0.455755 9.9973E-005
0.373446 0.367149 9.9982E-005 9.9982E-005 0.259205
0.525632 0.256456 0.0182796 0.0536497 0.145982
0.30673 0.34171 9.9991E-005 0.129119 0.222341
0.508253 0.26127 9.9991E-005 0.111287 0.11909
0.21279 0.448083 9.9982E-005 0.338927 9.9982E-005
0.376241 0.470539 9.9991E-005 0.0771086 0.076011
0.421915 0.279848 9.9982E-005 9.9982E-005 0.298037
0.280807 0.380384 9.9991E-005 0.0611991 0.27751
0.343534 0.313665 9.9991E-005 0.290398 0.0523024
0.193956 0.380873 0.0377995 9.9991E-005 0.387271
0.270489 0.505487 9.9982E-005 0.223824 9.9982E-005
0.42042 0.24215 9.9982E-005 9.9982E-005 0.33723
0.286057 0.256061 9.9991E-005 0.0646876 0.393094
0.179937 0.549331 0.025578 0.00940283 0.23575
0.353858 0.22993 9.9982E-005 9.9982E-005 0.416012
0.445598 0.215034 0.0167924 0.0737259 0.248849
0.313575 0.372807 9.9991E-005 0.0849198 0.228598
0.260035 0.511122 0.106076 9.9991E-005 0.122667
0.162282 0.481542 0.0438684 0.117936 0.194372
0.157055 0.445239 9.9991E-005 0.121982 0.275624
0.127857 0.305151 9.9991E-005 0.173744 0.393148
0.405262 0.5152 9.9982E-005 9.9982E-005 0.0793378
0.396931 0.173128 9.9991E-005 0.114896 0.314945
0.187714 0.347933 9.9982E-005 9.9982E-005 0.464153
0.0702616 9.9982E-005 0.90124 9.9982E-005 0.0282986
0.0558211 0.0918871 0.349923 0.132387 0.369983
0.14996 0.0624966 0.185675 0.376654 0.225214
0.21501 9.9982E-005 0.606795 0.177995 9.9982E-005
0.044058 0.204526 9.9991E-005 0.481498 0.269818
0.142288 0.0890327 9.9991E-005 0.267189 0.50139
9.9991E-005 0.0891911 0.0277737 0.623333 0.259602
0.130029 0.523514 9.9991E-005 0.225614 0.120743
0.254954 0.339365 0.0178041 9.9991E-005 0.387777
0.460842 0.496064 9.9991E-005 0.016461 0.0265335
0.0284415 0.286793 9.9991E-005 0.217993 0.466673
0.246674 0.346355 0.0812918 0.0255478 0.300132
0.407972 0.287287 0.0290857 9.9991E-005 0.275555
0.227194 0.309769 9.9991E-005 0.15464 0.308297
0.355874 0.40975 0.0284309 0.00366041 0.202285
0.284582 0.386089 9.9982E-005 9.9982E-005 0.329129
0.435754 0.339936 0.0362773 0.0346105 0.153422
0.375819 0.316347 0.013986 0.204982 0.088865
9.9991E-005 0.254708 0.0561783 0.323304 0.36571
0.502757 0.27179 0.101958 0.096137 0.0273587
0.254369 0.548167 9.9991E-005 0.164914 0.0324497
0.253659 0.407298 0.0412932 0.180964 0.116786
9.9991E-005 0.121122 0.793255 0.0629422 0.0225807
0.0206851 0.0620994 0.206639 0.176344 0.534233
0.289874 0.400561 9.9982E-005 9.9982E-005 0.309365
0.302636 0.359891 9.9991E-005 0.159963 0.17741
0.020404 0.0842954 0.205478 0.281433 0.408389
0.371836 0.452256 9.9991E-005 0.0196081 0.156199
0.274652 0.537861 0.0126763 9.9991E-005 0.174712
0.188366 9.9982E-005 9.9982E-005 0.364449 0.446986
0.213891 0.495532 9.9982E-005 9.9982E-005 0.290377
0.294931 0.484097 0.0470044 9.9991E-005 0.173867
0.9996 9.997E-005 9.997E-005 9.997E-005 9.997E-005
0.9996 9.997E-005 9.997E-005 9.997E-005 9.997E-005
0.312498 0.2514 0.0651936 0.172863 0.198045
0.1133 0.509053 9.9991E-005 0.0851301 0.292416
0.13304 0.10496 0.297163 0.321625 0.143211
0.25902 0.467237 9.9982E-005 9.9982E-005 0.273543
0.173497 0.431334 0.0541045 0.0126849 0.328379
0.446075 0.399603 9.9982E-005 0.154122 9.9982E-005
0.0854533 0.139879 0.132607 0.458836 0.183224
0.279284 0.127901 9.9991E-005 0.485076 0.107638
0.18271 0.161843 9.9991E-005 0.377198 0.278149
0.26223 0.511475 9.9991E-005 0.0443995 0.181796
0.195438 0.110678 9.9991E-005 0.330922 0.362862
0.202044 0.498524 9.9991E-005 0.058589 0.240743
0.428996 0.156604 9.9991E-005 0.0712151 0.343084
0.286649 0.422268 9.9991E-005 0.137463 0.153521
0.0999782 0.390692 0.0269879 0.212918 0.269424
0.216532 0.082828 0.27796 0.19683 0.22585
0.295296 0.332564 9.9991E-005 0.102667 0.269373
0.0593 9.9982E-005 0.805787 0.134713 9.9982E-005
0.130633 0.41331 9.9991E-005 0.24832 0.207637
0.0486151 0.567402 0.0144684 0.0610518 0.308463
9.997E-005 9.997E-005 0.9996 9.997E-005 9.997E-005
9.9973E-005 0.115851 0.883849 9.9973E-005 9.9973E-005
0.51471 0.200213 9.9991E-005 0.15303 0.131947
0.242038 0.158144 9.9991E-005 0.293594 0.306125
0.505915 0.265745 0.0323302 0.100602 0.0954071
0.379621 0.407105 0.0469558 0.10771 0.0586091
0.293697 0.356746 9.9982E-005 9.9982E-005 0.349357
0.323775 0.607874 9.9982E-005 9.9982E-005 0.0681509
0.284507 0.278328 9.9991E-005 0.281183 0.155882
0.0337881 0.0634254 0.331356 0.224055 0.347376
0.152698 0.390067 9.9991E-005 0.301051 0.156085
0.211648 0.599931 0.0674659 9.9991E-005 0.120855
0.267485 0.287023 9.9991E-005 0.351693 0.0936988
9.9982E-005 0.0241711 9.9982E-005 0.834843 0.140786
9.9982E-005 0.146567 9.9982E-005 0.164379 0.688854
0.672123 9.9982E-005 9.9982E-005 0.211803 0.115874
0.300801 0.455095 9.9991E-005 0.189615 0.0543886
0.0605206 0.113851 0.248132 0.577396 9.9991E-005
0.35264 0.351453 9.9991E-005 0.293242 0.00256472
0.252617 0.329053 0.0245211 9.9991E-005 0.393709
0.336519 0.440769 9.9991E-005 0.162356 0.060256
0.0610178 0.497529 9.9991E-005 0.178437 0.262916
0.20427 0.294767 9.9991E-005 0.482032 0.0188301
0.226925 0.315841 9.9991E-005 0.0545083 0.402625
0.329413 0.271372 9.9982E-005 9.9982E-005 0.399015
0.168256 0.0484063 9.9991E-005 0.372183 0.411055
0.128768 0.0103975 9.9991E-005 0.130513 0.730222
0.410546 0.341583 0.0236482 0.138805 0.0854178
0.311487 0.473154 9.9991E-005 0.105944 0.109315
0.201731 0.424081 9.9982E-005 9.9982E-005 0.373989
0.333711 9.9973E-005 0.665989 9.9973E-005 9.9973E-005
0.13834 0.396059 9.9982E-005 9.9982E-005 0.465401
9.9973E-005 0.382485 9.9973E-005 0.617215 9.9973E-005
0.144252 0.455982 9.9991E-005 0.0423586 0.357308
0.764947 0.109219 9.9982E-005 0.125634 9.9982E-005
0.47077 0.2768 9.9991E-005 0.0521909 0.200139
0.53935 0.167174 0.0488102 9.9991E-005 0.244566
0.391226 0.260822 9.9991E-005 0.15104 0.196812
0.244638 0.501945 0.0990623 0.0341352 0.120219
0.022101 0.148003 0.147045 0.157417 0.525434
0.422011 0.454851 0.0129668 0.00524585 0.104926
0.294201 0.373251 0.0572126 9.9991E-005 0.275235
0.324631 0.338485 9.9991E-005 0.110521 0.226263
0.160061 9.9991E-005 0.0459229 0.297787 0.496129
0.318371 0.460102 9.9982E-005 9.9982E-005 0.221326
0.240898 0.355864 9.9991E-005 0.211111 0.192028
0.270611 0.237729 0.0888976 0.0498796 0.352882
0.395454 0.367023 9.9991E-005 0.0623867 0.175036
0.329685 0.325188 0.0241886 0.0478042 0.273134
0.265061 0.309594 0.0147697 0.198172 0.212402
0.469403 0.18872 0.0411368 0.0920736 0.208666
0.0381098 0.083838 0.292715 0.30926 0.276077
0.258274 0.333778 0.066583 0.0330619 0.308302
0.663404 0.112833 9.9991E-005 0.213779 0.00988468
0.593076 0.164739 9.9982E-005 0.241985 9.9982E-005
0.0228487 0.419175 9.9991E-005 0.154292 0.403584
0.0661964 0.375142 0.0179078 0.114207 0.426547
0.263869 0.37445 9.9982E-005 9.9982E-005 0.361481
0.292989 0.347385 9.9991E-005 0.326553 0.0329724
0.239856 0.507656 9.9991E-005 0.000155426 0.252233
0.384564 0.300224 9.9991E-005 0.053515 0.261598
0.459397 0.397732 0.00234846 9.9991E-005 0.140422
0.259696 0.0279533 9.9991E-005 0.329126 0.383124
0.0507413 0.459324 0.0359107 0.0963274 0.357697
0.519213 0.239231 0.0781692 0.0127043 0.150683
0.0606423 0.0568947 9.9991E-005 0.384041 0.498322
0.320311 0.353173 0.00575649 9.9991E-005 0.320659
0.256115 0.361117 0.0579634 9.9991E-005 0.324704
0.196099 0.349613 9.9991E-005 0.190465 0.263723
0.192706 0.447006 9.99922E-005 0.172138 0.18805
0.380298 0.320118 9.9991E-005 0.10866 0.190824
0.121162 0.0555873 9.9991E-005 0.169565 0.653585
0.437788 0.484272 9.9982E-005 9.9982E-005 0.0777398
0.208565 0.0904672 0.0114783 0.422567 0.266923
