0.364898 0.0666679 9.9982E-005 9.9982E-005 0.568234
0.366584 9.9991E-005 0.00835575 0.182415 0.442545
0.420968 9.9991E-005 0.0646336 0.107779 0.406519
0.153463 0.0041381 0.0947526 0.0595849 0.688061
0.279081 0.0159916 0.0175877 0.0893976 0.597942
0.0772918 0.116007 0.806502 9.9982E-005 9.9982E-005
0.160279 0.0483246 9.9991E-005 0.147327 0.64397
9.9982E-005 0.0561761 0.898801 9.9982E-005 0.0448233
0.212831 0.018817 0.0530689 0.210239 0.505044
0.339606 9.9982E-005 9.9982E-005 0.210206 0.449988
0.266677 0.0362326 9.9991E-005 0.00473376 0.692257
0.244647 9.9991E-005 0.230348 0.0890065 0.435898
0.278419 9.9982E-005 9.9982E-005 0.172945 0.548436
0.33759 0.0467829 0.0725376 0.0715558 0.471534
0.140566 9.9991E-005 0.670048 0.0434008 0.145885
0.363602 9.9991E-005 0.00500542 0.110191 0.521102
0.415216 0.00132762 0.16181 9.9991E-005 0.421546
9.9982E-005 0.110716 9.9982E-005 0.218299 0.670784
0.464044 0.00792428 0.0377612 0.0107257 0.479545
0.322934 9.9982E-005 9.9982E-005 0.0389548 0.637911
0.0327135 0.114967 9.9982E-005 9.9982E-005 0.852119
0.309458 9.9991E-005 0.0674997 0.0623726 0.56057
0.323209 0.0232605 9.9982E-005 9.9982E-005 0.65333
0.248427 9.9991E-005 0.577769 0.0408082 0.132896
0.164357 0.0781227 9.9991E-005 0.135883 0.621537
0.19238 9.9991E-005 0.653988 0.0860668 0.0674652
0.23091 0.0814674 0.450624 9.9991E-005 0.236899
9.9973E-005 9.9973E-005 0.314948 9.9973E-005 0.684752
0.340971 9.9982E-005 0.646185 0.0126438 9.9982E-005
0.196621 9.9982E-005 0.142265 9.9982E-005 0.660914
0.403643 0.0838361 0.399915 9.9991E-005 0.112506
0.16753 0.0637561 0.0162559 0.138529 0.613929
0.377106 0.0216203 0.222745 0.0205445 0.357984
9.9973E-005 9.9973E-005 0.861236 9.9973E-005 0.138464
9.9982E-005 0.0856608 0.890548 9.9982E-005 0.0235913
0.172812 0.0283782 0.144343 0.154246 0.500222
0.11756 9.9991E-005 0.196364 0.147519 0.538457
0.374792 0.005406 9.9991E-005 0.0884778 0.531225
0.0118929 9.9982E-005 0.738012 0.249895 9.9982E-005
0.324289 0.11467 0.353706 9.9991E-005 0.207235
0.480472 0.0630723 0.161969 0.0541563 0.240331
0.357422 0.0691806 9.9982E-005 9.9982E-005 0.573197
0.154575 9.9991E-005 0.159688 0.0611828 0.624454
9.9982E-005 9.9982E-005 0.663079 0.224522 0.1122
0.454791 0.0906133 9.9991E-005 0.026605 0.427891
0.285384 0.0408957 9.9991E-005 0.267223 0.406398
0.337038 9.9991E-005 0.0336531 0.0552943 0.573914
0.613158 0.0332791 0.0511351 9.9991E-005 0.302328
0.446505 9.9982E-005 9.9982E-005 0.141475 0.411819
0.577477 9.9973E-005 0.422223 9.9973E-005 9.9973E-005
0.0604034 0.0564997 0.00504221 0.0397339 0.838321
0.308971 0.0461165 0.396237 0.154779 0.0938968
0.324934 0.0873502 0.0260374 0.195692 0.365986
0.0564917 9.9982E-005 0.881826 0.0614822 9.9982E-005
0.337332 0.0336311 0.396917 0.0619091 0.170211
0.0595922 9.9982E-005 9.9982E-005 0.126632 0.813576
0.191232 0.0656918 9.9982E-005 9.9982E-005 0.742876
0.223021 0.0050702 0.226938 0.0539907 0.49098
0.54484 9.9982E-005 0.279613 9.9982E-005 0.175347
0.102803 9.9982E-005 0.302139 9.9982E-005 0.594857
0.100369 0.0542617 0.84517 9.9982E-005 9.9982E-005
0.180535 9.9973E-005 0.819165 9.9973E-005 9.9973E-005
0.156851 0.134235 0.0551528 9.9991E-005 0.653661
0.0790732 9.9973E-005 0.920627 9.9973E-005 9.9973E-005
0.342749 0.0708383 0.0419479 0.0348944 0.50957
0.0522956 9.9982E-005 0.898409 0.0490953 9.9982E-005
0.067791 9.9991E-005 0.0128999 0.169364 0.749845
0.256516 0.0110488 0.171394 0.131184 0.429857
0.415528 0.0645603 9.9982E-005 9.9982E-005 0.519712
0.241975 0.0127468 0.745078 9.9982E-005 9.9982E-005
0.408231 0.019475 9.9991E-005 0.267669 0.304525
0.334949 9.9991E-005 0.00661702 0.0946254 0.563709
0.212134 0.076833 0.230216 9.9991E-005 0.480716
0.468283 0.086606 9.9991E-005 0.0677342 0.377277
0.250899 0.0459088 0.0428923 0.0615914 0.598709
0.160631 9.9991E-005 0.321698 0.0684901 0.449081
0.121777 9.9991E-005 0.0526473 0.175612 0.649864
0.35964 9.9991E-005 0.131389 0.285235 0.223636
0.389122 9.9991E-005 0.129158 0.030887 0.450733
0.356587 0.0448309 9.9991E-005 0.0229782 0.575504
0.505557 9.9982E-005 9.9982E-005 0.155967 0.338275
0.278661 9.9991E-005 0.0516063 0.203304 0.466329
0.286978 9.9991E-005 0.0640094 0.0332583 0.615654
0.35999 9.9982E-005 9.9982E-005 0.212394 0.427415
0.279566 9.9982E-005 9.9982E-005 0.12255 0.597684
0.51003 9.9991E-005 0.13554 0.0935442 0.260786
0.180683 9.9991E-005 0.307373 0.098131 0.413714
0.333035 9.9991E-005 0.220099 0.0029253 0.44384
9.9982E-005 0.0119118 0.939271 0.0486169 9.9982E-005
0.23333 0.0182328 0.241387 0.0998469 0.407203
0.448038 0.0646732 0.0373783 0.0871728 0.362738
0.158474 9.9991E-005 0.602063 0.0619764 0.177386
0.389596 9.9991E-005 0.0207196 0.0681282 0.521457
0.202333 9.9982E-005 0.24316 9.9982E-005 0.554307
0.414023 9.9982E-005 0.473301 9.9982E-005 0.112476
0.0987568 9.9973E-005 0.900943 9.9973E-005 9.9973E-005
0.257249 9.9991E-005 0.103384 0.182169 0.457098
0.569717 9.9991E-005 0.0305284 0.097912 0.301743
0.492625 9.9991E-005 0.0158401 0.0758738 0.415561
0.0926062 9.9982E-005 0.272627 9.9982E-005 0.634567
0.367366 0.0925509 0.447434 9.9991E-005 0.0925493
0.1477 9.9991E-005 0.0538182 0.102104 0.696278
0.235239 0.00790102 9.9991E-005 0.168089 0.588671
0.366185 9.9982E-005 9.9982E-005 0.134615 0.499
0.187986 0.0909087 0.0496925 0.151354 0.520058
0.0630131 9.9982E-005 0.811546 0.125241 9.9982E-005
0.29684 0.0398405 0.440688 0.194133 0.0284978
0.336392 9.9982E-005 9.9982E-005 0.107814 0.555594
0.297358 9.9991E-005 0.0242861 0.163598 0.514658
0.12561 9.9982E-005 9.9982E-005 0.094939 0.779251
0.390623 0.0179762 0.495954 9.9991E-005 0.0953474
0.0935368 9.9973E-005 0.906163 9.9973E-005 9.9973E-005
0.390613 9.9982E-005 0.38494 9.9982E-005 0.224247
0.137379 0.0607236 9.9982E-005 9.9982E-005 0.801698
0.235815 9.9991E-005 0.129245 0.0789002 0.55594
0.087464 9.9982E-005 9.9982E-005 0.230035 0.682301
0.29562 9.9982E-005 9.9982E-005 0.0627094 0.64147
0.011197 0.0591869 0.929416 9.9982E-005 9.9982E-005
0.129589 0.10347 9.9991E-005 0.0178007 0.74904
0.145399 9.9982E-005 9.9982E-005 0.252365 0.602036
0.159259 9.9991E-005 0.0765294 0.202316 0.561795
0.174665 0.0525589 0.592827 9.9991E-005 0.17985
0.193099 0.0123834 0.00141623 0.00628598 0.786815
0.182924 0.0056403 0.0819498 0.0586508 0.670835
0.112551 9.9982E-005 9.9982E-005 0.158506 0.728743
0.291792 9.9991E-005 0.0704407 0.149954 0.487714
0.0206033 0.0585204 0.656453 9.9991E-005 0.264324
0.187635 9.9973E-005 0.812065 9.9973E-005 9.9973E-005
0.510592 9.9982E-005 9.9982E-005 0.227007 0.262202
0.278025 0.0542421 9.9991E-005 0.205953 0.46168
0.220442 0.00949135 9.9991E-005 0.0741091 0.695858
0.257323 0.165889 9.9991E-005 0.0246388 0.55205
0.135531 9.9991E-005 0.372637 0.0846183 0.407114
0.330165 0.180851 0.0151754 0.0286547 0.445154
0.229238 9.9991E-005 0.165889 0.0313412 0.573431
0.764687 9.9973E-005 9.9973E-005 0.235013 9.9973E-005
0.261923 9.9991E-005 0.569595 0.04896 0.119422
0.0493588 0.0512851 0.348513 0.0170854 0.533758
0.719994 9.9982E-005 0.0408447 0.238961 9.9982E-005
0.199917 9.9991E-005 0.654977 0.0799458 0.0650596
0.209741 9.9982E-005 0.184214 9.9982E-005 0.605845
0.216418 0.070639 0.353707 9.9991E-005 0.359137
0.0926402 0.00963918 0.316153 9.9991E-005 0.581467
0.459278 0.0188951 0.193169 0.17198 0.156677
0.269919 0.0175581 0.712323 9.9982E-005 9.9982E-005
0.0411187 0.00411556 0.321307 0.233613 0.399845
0.533676 9.9991E-005 0.152564 0.122165 0.191496
0.216365 0.0269325 9.9991E-005 0.155403 0.6012
0.184029 9.9982E-005 9.9982E-005 0.142987 0.672784
0.37596 0.11363 9.9991E-005 0.12959 0.38072
0.291695 9.9991E-005 0.0433405 0.153186 0.511678
0.022227 0.0720576 0.316847 9.9991E-005 0.588768
9.9991E-005 0.0176844 0.801935 0.0134775 0.166803
0.20015 0.00683217 0.42425 0.178853 0.189916
0.520959 9.9982E-005 9.9982E-005 0.22476 0.254082
0.440523 0.111786 9.9991E-005 0.0894799 0.358112
0.0743369 0.0106599 0.894245 0.0206578 9.9991E-005
0.324619 0.0542689 9.9991E-005 0.127604 0.493409
0.327561 0.0788728 0.0040509 0.0712914 0.518224
0.237064 9.9991E-005 0.153848 0.13261 0.476378
0.38562 0.006533 9.9991E-005 0.142742 0.465006
0.474647 0.0533094 0.122294 0.057195 0.292555
0.506192 9.9991E-005 0.0536821 0.154046 0.28598
0.469694 9.9982E-005 9.9982E-005 0.203915 0.326192
0.207307 9.9982E-005 9.9982E-005 0.159684 0.632809
0.0969993 0.0252986 9.9991E-005 0.0582883 0.819314
0.252006 0.10956 0.191135 0.0484117 0.398888
0.299431 9.9982E-005 0.555391 0.144978 9.9982E-005
0.495871 9.9991E-005 0.238024 0.0596103 0.206396
0.435982 0.0918479 0.0561244 0.119171 0.296875
0.421862 0.0875135 0.092647 9.9991E-005 0.397878
0.29702 9.9982E-005 0.125799 9.9982E-005 0.576981
0.0378654 9.9973E-005 0.961835 9.9973E-005 9.9973E-005
0.328466 0.00793232 0.121492 9.9991E-005 0.54201
0.763363 9.9982E-005 0.231805 0.00463167 9.9982E-005
0.660413 0.138624 9.9982E-005 9.9982E-005 0.200763
0.342658 9.9991E-005 0.206472 0.0162078 0.434562
0.0499976 0.0369309 0.59233 0.0351911 0.28555
0.195721 9.9991E-005 0.412877 0.00153318 0.389768
9.9973E-005 9.9973E-005 0.492999 9.9973E-005 0.506701
0.252756 9.9973E-005 9.9973E-005 9.9973E-005 0.746944
0.167537 9.9982E-005 0.813876 0.0183868 9.9982E-005
0.188771 9.9991E-005 0.40948 0.00992999 0.391719
0.185573 9.9991E-005 0.00878444 0.126628 0.678914
9.997E-005 9.997E-005 0.9996 9.997E-005 9.997E-005
0.459287 9.9982E-005 0.500559 9.9982E-005 0.0399548
0.536084 0.0801124 0.021173 9.9991E-005 0.36253
0.275646 9.9982E-005 0.396312 9.9982E-005 0.327842
0.130647 9.9991E-005 0.155874 0.0736562 0.639723
0.177748 0.0495122 9.9991E-005 0.0288166 0.743824
0.0656122 9.9991E-005 0.294112 0.180143 0.460033
0.295806 0.0251701 0.00168666 9.9991E-005 0.677237
0.358138 9.9973E-005 9.9973E-005 9.9973E-005 0.641562
0.220158 0.0504197 0.0356966 0.0876656 0.60606
0.337186 0.035911 0.266664 0.237481 0.122759
0.0179326 9.9991E-005 0.274575 0.122858 0.584534
0.3011 0.124824 9.9991E-005 0.0153089 0.558667
0.196661 0.0148856 0.145802 0.0635259 0.579125
0.545501 0.17485 9.9991E-005 0.0149636 0.264586
0.308191 0.0854341 9.9991E-005 0.112169 0.494107
0.162748 0.0468069 0.325766 0.183832 0.280848
0.26293 0.0390637 9.9991E-005 0.0786793 0.619227
0.311427 0.0720405 0.041414 0.187929 0.38719
0.259218 0.157552 0.000681182 0.264646 0.317903
0.230649 0.321275 9.9991E-005 0.0181722 0.429804
0.502875 9.9991E-005 0.203583 0.177353 0.11609
0.174442 0.0961688 9.9991E-005 0.0640214 0.665268
0.329267 0.0243603 0.195677 9.9991E-005 0.450596
0.226406 0.0344397 0.0287285 0.17367 0.536756
0.155602 9.9982E-005 9.9982E-005 0.210337 0.633861
0.136099 0.137681 0.023878 0.0608526 0.641489
0.226289 0.0207914 0.384298 0.0902725 0.278349
0.228911 0.098044 0.413997 9.9991E-005 0.258948
9.9973E-005 9.9973E-005 9.9973E-005 0.100219 0.899481
0.0595552 9.9991E-005 0.0114528 0.247666 0.681226
0.175528 0.0820097 9.9991E-005 0.00613031 0.736231
0.438048 0.0838635 0.00490125 9.9991E-005 0.473087
0.439766 9.9982E-005 0.291535 9.9982E-005 0.268499
0.598428 9.9991E-005 0.15283 0.00887212 0.239771
0.264628 0.170979 9.9991E-005 0.180744 0.383549
0.298282 9.9991E-005 0.570949 0.113624 0.0170451
0.176632 0.0264049 0.207853 0.0628368 0.526273
0.579107 0.11309 0.0615329 9.9991E-005 0.246169
0.126884 0.0475144 0.746903 0.00572581 0.0729721
0.406084 0.0838926 0.0239904 0.0429598 0.443073
0.534459 9.9991E-005 0.00681372 0.0600541 0.398573
0.17271 9.9991E-005 0.0189443 0.0740147 0.734231
0.0875526 9.9982E-005 9.9982E-005 0.174509 0.737738
0.56297 0.161528 9.9991E-005 0.0242991 0.251102
0.22681 9.9991E-005 0.0420708 0.156205 0.574814
0.101064 9.9991E-005 0.00110888 0.157724 0.740003
0.161683 0.00372863 9.9991E-005 0.0311813 0.803307
0.337032 9.9991E-005 0.208279 0.155064 0.299526
0.383113 9.9982E-005 9.9982E-005 0.0899869 0.5267
0.460956 9.9982E-005 9.9982E-005 0.148553 0.390291
0.791382 9.9982E-005 0.0793857 9.9982E-005 0.129032
0.426234 9.9982E-005 9.9982E-005 0.119416 0.45415
0.418485 0.0671336 9.9982E-005 9.9982E-005 0.514181
0.181599 9.9982E-005 0.346315 9.9982E-005 0.471887
0.213163 9.9982E-005 0.267058 9.9982E-005 0.519579
0.21799 0.0286366 0.00220726 9.9991E-005 0.751066
0.0130556 9.9991E-005 0.607863 0.086864 0.292118
0.274432 0.0449351 9.9991E-005 0.181474 0.499059
0.161861 9.9982E-005 0.350805 9.9982E-005 0.487134
0.0719918 0.122327 0.039108 0.0790988 0.687474
0.648235 0.0222412 0.126878 0.000286437 0.202359
0.174864 0.228 0.287792 9.9991E-005 0.309245
0.152504 9.9991E-005 0.509607 0.208122 0.129667
0.436335 9.9973E-005 9.9973E-005 9.9973E-005 0.563365
0.373433 9.9973E-005 9.9973E-005 9.9973E-005 0.626267
0.144463 9.9982E-005 0.3542 9.9982E-005 0.501138
0.280708 9.9982E-005 9.9982E-005 0.300518 0.418574
0.113529 9.9982E-005 9.9982E-005 0.139842 0.746429
0.119602 9.9982E-005 0.854284 0.0259141 9.9982E-005
0.344263 9.9982E-005 9.9982E-005 0.164837 0.4907
0.179166 9.9982E-005 9.9982E-005 0.0166144 0.804019
0.276399 9.9982E-005 9.9982E-005 0.0778395 0.645562
0.155689 9.9991E-005 0.0632181 0.214658 0.566335
0.339871 9.9991E-005 0.0156819 0.0418491 0.602498
0.287788 9.9982E-005 9.9982E-005 0.166374 0.545639
0.165321 9.9991E-005 0.0190052 0.14288 0.672694
0.209801 9.9991E-005 0.117889 0.0606104 0.611599
0.219101 9.9982E-005 0.563954 0.216744 9.9982E-005
0.362646 9.9982E-005 0.00218152 9.9982E-005 0.634972
0.167007 9.9982E-005 9.9982E-005 0.020244 0.812549
0.384743 0.0323638 0.202503 0.0223337 0.358056
0.0880818 9.9991E-005 0.384091 0.16836 0.359367
0.157687 0.0553975 9.9991E-005 0.173665 0.61315
0.278857 9.9991E-005 0.246071 0.0271951 0.447776
0.18422 9.9982E-005 9.9982E-005 0.0702594 0.745321
0.205849 9.9982E-005 0.302899 9.9982E-005 0.491052
0.423817 0.0624463 0.0728939 0.0902604 0.350582
0.427197 9.9991E-005 0.408313 0.126094 0.0382963
0.126267 9.9982E-005 0.274928 9.9982E-005 0.598606
0.301512 0.109841 0.0260711 0.111562 0.451014
0.195792 9.9991E-005 0.229501 0.0981294 0.476478
0.417814 9.9982E-005 9.9982E-005 0.220946 0.361041
0.180556 9.9991E-005 0.0512212 0.047457 0.720666
0.481318 9.9991E-005 0.0429197 0.145009 0.330653
0.491177 9.9991E-005 0.266801 0.0464526 0.19547
0.551642 9.9982E-005 9.9982E-005 0.00361098 0.444547
0.164097 9.9982E-005 9.9982E-005 0.354122 0.481581
0.194276 0.029615 9.9991E-005 0.0183021 0.757706
9.9991E-005 0.048545 0.604993 0.00699358 0.339369
9.9982E-005 0.0143654 0.889797 9.9982E-005 0.0956377
0.30835 0.00450449 0.0704352 0.0801656 0.536545
0.315372 0.0355074 0.119204 0.100413 0.429504
0.225732 0.0570248 0.146466 0.165754 0.405023
0.344681 9.9991E-005 0.204458 0.0507359 0.400025
0.227586 0.0853584 0.237263 0.0397544 0.410038
0.0663017 9.9991E-005 0.114555 0.271909 0.547134
0.318767 0.0977852 9.9991E-005 0.145607 0.437742
0.216691 0.0986661 0.0219239 0.100599 0.56212
0.252846 0.0256911 0.0213948 0.0467291 0.653339
0.114215 0.0110614 9.9991E-005 0.139087 0.735537
0.344322 9.9973E-005 9.9973E-005 9.9973E-005 0.655378
0.295124 9.9982E-005 9.9982E-005 0.0687712 0.635905
0.471512 0.070892 0.0415079 9.9991E-005 0.415988
0.159694 0.109516 9.9991E-005 0.0838229 0.646867
0.216087 9.9991E-005 0.0866281 0.260835 0.43635
0.356556 9.9982E-005 9.9982E-005 0.117089 0.526155
0.198461 0.0302102 0.0532027 0.106426 0.6117
0.0855384 9.9991E-005 0.150749 0.196216 0.567397
0.0621567 0.016616 0.52297 0.201675 0.196583
0.254629 9.9991E-005 0.4385 0.13773 0.169042
9.9982E-005 0.0951262 0.802829 9.9982E-005 0.101845
0.238295 9.9982E-005 9.9982E-005 0.118589 0.642916
9.9982E-005 9.9982E-005 0.764417 0.117096 0.118288
0.186379 0.114628 0.698793 9.9982E-005 9.9982E-005
0.322568 0.0457829 9.9991E-005 0.107362 0.524188
0.164838 0.0464787 0.0100028 0.157581 0.6211
0.31991 9.9982E-005 9.9982E-005 0.26035 0.41954
0.195409 9.9982E-005 0.753742 9.9982E-005 0.0506493
0.1617 0.0382353 9.9982E-005 9.9982E-005 0.799864
0.466697 9.9982E-005 0.422512 9.9982E-005 0.110591
0.125463 9.9991E-005 0.0339175 0.386934 0.453586
9.9973E-005 9.9973E-005 0.797772 0.201928 9.9973E-005
0.435183 0.0267625 0.123288 0.110659 0.304107
0.251035 0.0728023 0.0185401 0.00274391 0.654879
0.228125 9.9982E-005 9.9982E-005 0.0697033 0.701972
0.497803 0.0359157 9.9982E-005 9.9982E-005 0.466082
0.0330438 0.00474931 0.77891 0.113452 0.0698444
0.118524 9.9991E-005 0.233456 0.0433563 0.604563
0.257162 0.123616 0.345811 0.00259499 0.270816
0.265015 9.9982E-005 9.9982E-005 0.213257 0.521528
0.116108 9.9991E-005 0.74931 0.0371731 0.0973084
0.156605 0.26611 0.0961148 0.145306 0.335865
0.27133 0.0424961 0.381866 0.0385898 0.265718
0.220458 0.169597 9.9982E-005 9.9982E-005 0.609745
0.292246 0.119263 0.201372 9.9991E-005 0.387018
0.0877637 0.0239059 0.582907 0.0140136 0.291409
0.35876 0.0130713 9.9991E-005 0.15539 0.472678
0.275352 9.9982E-005 9.9982E-005 0.157645 0.566803
0.287636 0.0710533 9.9991E-005 0.115778 0.525432
9.9991E-005 0.107966 0.0258196 0.257349 0.608765
0.344324 9.9991E-005 0.428498 0.0492658 0.177813
0.314136 0.12545 9.9991E-005 0.0975581 0.462755
9.9982E-005 9.9982E-005 0.0292249 0.233892 0.736684
0.294864 0.0236534 0.0560884 0.0514813 0.573912
0.29134 9.9991E-005 0.45369 0.0135503 0.24132
0.3945 9.9991E-005 0.245853 0.105617 0.25393
0.0479689 0.0293855 0.041979 0.139538 0.741129
0.542912 9.9982E-005 0.122991 0.333897 9.9982E-005
0.214377 9.9991E-005 0.239648 0.193472 0.352403
0.601964 9.9982E-005 9.9982E-005 0.143497 0.25434
0.264991 0.0109969 0.361363 0.113109 0.24954
0.622332 9.9991E-005 0.0245752 0.0451091 0.307884
0.20215 9.9991E-005 0.436444 0.0926751 0.26863
0.159442 0.0699943 9.9982E-005 9.9982E-005 0.770364
0.209014 9.9982E-005 9.9982E-005 0.158605 0.632181
0.1866 9.9982E-005 9.9982E-005 0.141808 0.671391
0.0284071 9.9982E-005 9.9982E-005 0.219284 0.752109
0.321168 0.149034 9.9991E-005 0.0183701 0.511328
0.301209 9.9991E-005 0.00152261 0.228354 0.468814
0.301526 9.9991E-005 0.307081 0.0928845 0.298408
0.652928 0.00649766 9.9982E-005 9.9982E-005 0.340374
0.235884 9.9982E-005 9.9982E-005 0.19271 0.571206
0.205669 9.9982E-005 0.0607928 9.9982E-005 0.733338
0.309697 9.9991E-005 0.067052 0.123664 0.499487
0.427942 0.13216 0.300685 9.9991E-005 0.139114
0.267844 0.0795792 9.9991E-005 0.254085 0.398392
0.0883754 0.0842123 0.00650907 0.147188 0.673715
0.242814 9.9982E-005 0.731266 9.9982E-005 0.0257198
9.9982E-005 0.0417736 0.675623 9.9982E-005 0.282404
0.296243 9.9982E-005 9.9982E-005 0.324405 0.379152
9.9982E-005 0.454274 9.9982E-005 0.165473 0.380053
0.134819 0.603561 0.016458 0.245062 9.9991E-005
0.121005 0.424736 0.0307194 0.288547 0.134993
0.0731304 0.168693 9.9991E-005 0.104097 0.653979
9.9982E-005 0.595114 9.9982E-005 0.20475 0.199936
0.136217 0.55117 0.00706116 0.143971 0.16158
0.21479 0.574125 0.0535865 0.0919543 0.0655448
9.9991E-005 0.524503 0.0400031 0.384181 0.051212
0.00584107 0.490646 0.0731366 0.259583 0.170793
0.0294366 0.370356 9.9991E-005 0.170097 0.43001
0.279529 0.328472 9.9991E-005 0.168359 0.223539
0.097306 0.514487 0.0238903 0.137743 0.226574
0.125812 0.19791 9.9991E-005 0.132665 0.543513
0.0451741 0.304038 0.0192781 0.513924 0.117585
0.0101987 0.456891 9.9991E-005 0.253744 0.279066
0.202085 0.642832 0.0530385 0.101944 9.9991E-005
0.0168108 0.46541 9.9991E-005 0.195608 0.322071
0.448438 0.362986 9.9991E-005 0.0963984 0.0920775
9.9973E-005 9.9973E-005 0.808275 0.191425 9.9973E-005
0.152651 0.372634 9.9991E-005 0.0353863 0.439228
0.159596 0.426284 9.9991E-005 0.217131 0.196889
0.168193 0.163414 0.0899985 9.9991E-005 0.578295
0.163589 0.779097 9.9982E-005 0.0571137 9.9982E-005
0.297545 0.56159 9.9982E-005 0.140666 9.9982E-005
0.468182 0.0983633 9.9991E-005 0.182644 0.25071
9.9991E-005 0.584156 0.00825667 0.198198 0.209289
0.0760956 0.421265 9.9991E-005 0.138096 0.364443
0.0894737 0.486836 0.0110891 0.29547 0.117132
9.9991E-005 0.669862 0.032381 0.041846 0.255811
9.9982E-005 0.485769 0.0552294 0.458802 9.9982E-005
0.217466 0.523532 9.9982E-005 0.258802 9.9982E-005
9.9991E-005 0.809701 0.0960402 0.0298309 0.0643282
9.9991E-005 0.468363 0.0363788 0.406903 0.0882552
9.9982E-005 0.363148 9.9982E-005 0.363695 0.272958
0.249515 0.611948 0.102387 0.0251332 0.0110167
0.158337 0.56531 0.0304615 0.206676 0.0392157
0.206489 0.497028 0.0923028 0.2018 0.00237996
0.0495989 9.9982E-005 9.9982E-005 0.358 0.592201
9.9991E-005 0.586926 0.0498424 0.337757 0.0253746
0.113845 0.362633 0.00962427 0.245791 0.268107
0.218282 0.50148 9.9982E-005 9.9982E-005 0.280038
0.215278 0.379845 9.9991E-005 0.287445 0.117332
9.9982E-005 0.815625 9.9982E-005 0.0709298 0.113246
0.224312 0.0866145 0.0370902 0.137438 0.514545
9.9991E-005 0.48081 0.0120934 0.261783 0.245214
0.291839 0.134609 0.265126 9.9991E-005 0.308325
0.362261 0.0431003 9.9991E-005 0.382956 0.211583
0.201953 0.168992 0.0350984 0.0662413 0.527716
0.0533984 0.617327 0.0314984 0.0522444 0.245532
0.160581 0.370759 9.9991E-005 0.253222 0.215337
9.9991E-005 0.518274 0.0237823 0.198335 0.259508
0.195665 0.486424 9.9982E-005 9.9982E-005 0.317711
0.125821 0.360362 0.0232094 0.247453 0.243155
9.9991E-005 0.580357 0.0622978 0.122675 0.234571
0.173561 0.353274 9.9991E-005 0.174259 0.298806
0.262759 0.693368 9.9982E-005 0.0436727 9.9982E-005
0.0204073 0.57338 9.9982E-005 9.9982E-005 0.406012
0.105946 9.9982E-005 0.0143945 0.87946 9.9982E-005
9.9982E-005 0.717401 9.9982E-005 0.0890014 0.193397
9.9991E-005 0.556491 0.000967875 0.250325 0.192116
0.0172185 0.447022 0.0453294 0.427999 0.0624306
0.14838 0.594427 9.9991E-005 0.247179 0.00991443
0.29495 0.175056 9.9982E-005 9.9982E-005 0.529794
0.122039 0.475974 0.00764962 0.299423 0.0949152
0.238037 0.0773418 0.23213 9.9991E-005 0.452391
0.106413 0.486251 9.9991E-005 0.0965387 0.310697
0.125776 0.540632 0.0727872 0.211993 0.0488119
0.419499 0.0886682 0.0999213 9.9991E-005 0.391812
9.9991E-005 0.399091 0.106779 0.39106 0.10297
0.125287 0.584691 9.9991E-005 0.0951555 0.194767
9.9973E-005 0.0844212 9.9973E-005 0.915279 9.9973E-005
0.0247133 0.49403 9.9991E-005 0.264139 0.217018
0.189587 0.304255 0.0363423 0.168048 0.301768
0.0436421 0.514522 9.9991E-005 0.255295 0.186441
0.0402849 0.612918 0.0396162 0.203004 0.104176
0.129833 0.449437 0.0148233 0.166442 0.239464
0.255835 0.274474 0.00456174 0.0352074 0.429921
0.209901 0.364691 9.9991E-005 0.365947 0.0593614
0.101373 0.539996 0.0348184 0.0119939 0.311818
0.143136 9.9982E-005 0.821935 0.0347288 9.9982E-005
0.0171564 0.488433 9.9991E-005 0.232242 0.262068
0.0666998 0.0869933 0.150016 0.0992335 0.597058
0.192199 0.609639 9.9982E-005 0.197962 9.9982E-005
0.114553 0.323049 0.0284617 0.337354 0.196582
0.122691 0.17013 9.9991E-005 0.266987 0.440092
0.0813694 0.0816157 9.9991E-005 0.172085 0.66483
0.219211 0.466859 9.9991E-005 0.123018 0.190812
0.0725039 0.481442 9.9991E-005 0.238326 0.207628
0.0555032 0.563711 9.9991E-005 0.195996 0.18469
9.9991E-005 0.473619 0.0358934 0.231439 0.258948
0.201633 0.0298028 0.0275258 0.202819 0.538219
0.326855 0.369945 9.9982E-005 0.302999 9.9982E-005
0.201006 0.455657 0.00119311 0.106281 0.235863
0.194494 0.564811 9.9991E-005 0.0926064 0.147989
0.431474 9.9982E-005 9.9982E-005 0.0417934 0.526532
0.141847 0.489006 0.00359666 0.299308 0.066242
0.0348353 0.563933 0.0030159 0.241003 0.157213
9.9982E-005 0.386544 9.9982E-005 0.392045 0.221211
0.034932 0.331495 9.9991E-005 0.383964 0.249509
0.532435 9.9982E-005 9.9982E-005 0.0557662 0.411598
0.101157 9.9982E-005 0.893885 0.0047583 9.9982E-005
0.185785 0.408458 9.9991E-005 0.389863 0.0157932
9.9991E-005 0.282912 0.00492204 0.378804 0.333262
0.223401 0.291339 9.9991E-005 0.443016 0.0421432
9.9991E-005 0.447614 0.0289926 0.328539 0.194755
9.9991E-005 0.636838 0.0425722 0.204071 0.116419
0.120182 0.627862 9.9991E-005 0.108462 0.143394
9.9982E-005 0.612011 9.9982E-005 0.257298 0.130491
0.00705826 0.648021 0.0503838 0.16038 0.134157
0.0305988 0.631546 0.0533336 0.0413258 0.243196
0.292445 0.284761 9.9991E-005 0.182555 0.240139
0.269327 0.0140214 9.9991E-005 0.30028 0.416272
9.9982E-005 0.495283 9.9982E-005 0.394162 0.110354
0.0494028 0.422839 9.9991E-005 0.213664 0.313994
0.0144917 9.9982E-005 9.9982E-005 0.277953 0.707355
0.138896 0.556163 0.0257361 0.279104 9.9991E-005
0.543283 9.9982E-005 9.9982E-005 0.0869666 0.36955
0.112836 0.413136 0.0126663 0.25809 0.203272
0.0379394 0.534304 9.9991E-005 0.252747 0.174909
0.246804 0.0979327 0.00453795 0.160842 0.489884
0.288956 0.523793 9.9991E-005 0.0205771 0.166574
0.422314 0.386258 9.9982E-005 9.9982E-005 0.191228
9.9991E-005 0.297612 0.096868 0.564353 0.0410664
9.9973E-005 9.9973E-005 0.646541 0.353159 9.9973E-005
9.9982E-005 0.485402 9.9982E-005 0.307824 0.206575
0.137108 0.50609 9.9991E-005 0.199894 0.156809
0.190867 0.567932 9.9982E-005 0.241001 9.9982E-005
0.201057 0.481071 9.9991E-005 0.163371 0.154401
9.9991E-005 0.454416 0.0482043 0.383044 0.114236
0.0956029 0.489548 9.9991E-005 0.367001 0.0477483
0.0413056 0.308078 9.9991E-005 0.503899 0.146617
0.303128 9.9973E-005 9.9973E-005 9.9973E-005 0.696572
0.0127826 0.358691 0.1116 0.46452 0.0524071
0.0559818 0.510898 0.0170058 0.353215 0.0628999
0.0710364 0.709148 0.0016956 0.138747 0.0793734
0.326655 0.520226 0.00121224 0.151807 9.9991E-005
0.0843673 0.417047 0.012489 0.319715 0.166382
0.100088 0.438652 0.0037142 0.0144508 0.443095
9.9982E-005 0.299218 9.9982E-005 0.238072 0.46251
0.453844 0.291474 0.00317438 0.227825 0.0236829
0.159972 0.478311 9.9991E-005 0.179057 0.18256
0.338446 0.479653 9.9982E-005 0.181701 9.9982E-005
0.296493 9.9991E-005 0.0422638 0.0846126 0.57653
9.9991E-005 0.280512 0.0129043 0.242579 0.463904
0.301879 0.582806 9.9982E-005 0.115115 9.9982E-005
0.305077 0.598898 9.9991E-005 0.0489853 0.0469398
0.111311 0.435681 9.9991E-005 0.328654 0.124254
9.9982E-005 0.53689 9.9982E-005 0.433674 0.0292359
0.251494 0.362206 9.9991E-005 0.294504 0.0916963
0.170209 0.0738239 0.0350728 0.00759098 0.713303
0.140687 0.0781524 0.0638901 0.217324 0.499947
0.029547 0.586681 0.036633 0.0865251 0.260614
0.178903 0.464718 9.9991E-005 0.220066 0.136213
9.9991E-005 0.47407 0.0379019 0.172521 0.315407
0.153431 0.32782 9.9991E-005 0.266666 0.251983
0.191689 0.487812 9.9982E-005 0.320299 9.9982E-005
0.118758 0.655928 0.026434 0.154664 0.0442153
0.362701 0.19146 0.268686 9.9991E-005 0.177053
9.9982E-005 0.473502 9.9982E-005 0.173064 0.353234
0.136979 0.479863 9.9991E-005 0.163082 0.219976
0.220442 0.191854 0.321776 0.104153 0.161776
0.037735 9.9991E-005 0.33979 0.105765 0.516611
0.0889035 0.617842 9.9991E-005 0.219058 0.0740965
0.0800318 0.371163 0.0982104 0.298015 0.15258
0.0257216 0.582533 9.9991E-005 0.267801 0.123844
9.9982E-005 0.104814 9.9982E-005 0.22357 0.671416
0.0623245 0.407829 9.9991E-005 0.280764 0.248983
9.9991E-005 0.439046 0.0235952 0.360945 0.176314
0.281095 0.0693826 0.272864 0.106796 0.269861
0.185323 0.478848 9.9991E-005 0.264711 0.0710175
9.9991E-005 0.568014 0.0171486 0.203583 0.211154
0.0467442 0.485507 9.9991E-005 0.262021 0.205628
9.9991E-005 0.475255 0.00331708 0.217353 0.303975
0.111571 0.631784 9.9991E-005 0.124404 0.132141
0.216638 0.428267 9.9982E-005 0.354895 9.9982E-005
0.0633173 0.505709 0.0365853 0.227434 0.166954
0.053387 0.385831 9.9991E-005 0.204754 0.355928
0.130643 0.539736 9.9991E-005 0.212027 0.117495
0.177778 0.522074 9.9991E-005 0.0760733 0.223975
0.378411 0.03419 0.580704 9.9991E-005 0.00659512
0.195698 0.466978 9.9982E-005 0.337124 9.9982E-005
9.9991E-005 0.665592 0.00233439 0.0681634 0.26381
0.314069 0.144375 0.0114398 0.225839 0.304278
9.9973E-005 0.469657 9.9973E-005 0.530043 9.9973E-005
0.36064 0.434556 9.9991E-005 0.116394 0.0883099
0.0774317 0.405361 9.9991E-005 0.415255 0.101852
0.56539 0.215858 0.0204547 9.9991E-005 0.198198
0.0590604 0.512824 9.9991E-005 0.27314 0.154876
9.9991E-005 0.540465 0.0410459 0.241179 0.177211
0.288732 0.444139 9.9982E-005 0.266929 9.9982E-005
0.251338 0.455366 9.9991E-005 0.223469 0.0697266
0.0655823 0.353634 9.9991E-005 0.144517 0.436167
9.997E-005 9.997E-005 0.9996 9.997E-005 9.997E-005
0.105494 0.414528 9.9991E-005 0.311729 0.168149
9.9982E-005 0.246999 9.9982E-005 0.361308 0.391493
0.0622948 0.423229 9.9991E-005 0.23492 0.279456
0.123468 0.47216 9.9991E-005 0.301551 0.102721
0.116991 0.493215 0.0445946 0.3451 9.9991E-005
0.0238157 0.491595 0.0692521 0.141354 0.273984
0.367937 9.9982E-005 0.602921 0.0289421 9.9982E-005
0.234352 0.569569 9.9991E-005 0.0913344 0.104644
0.0354565 0.533107 0.0184534 0.207046 0.205936
0.0717459 0.352362 9.9991E-005 0.334834 0.240958
0.0465094 0.405258 9.9991E-005 0.268573 0.279559
0.254914 0.335851 9.9982E-005 0.409035 9.9982E-005
0.0553966 0.614921 0.0146544 0.200868 0.114161
0.0565734 0.425417 9.9991E-005 0.243978 0.273932
9.9991E-005 0.410533 0.0262966 0.324681 0.23839
0.334276 0.389463 9.9991E-005 0.207501 0.0686595
0.209743 0.394646 9.9991E-005 0.180209 0.215302
0.00867402 0.491108 0.0556265 0.444491 9.9991E-005
9.9982E-005 0.355666 9.9982E-005 0.287414 0.356721
0.0563697 0.377228 9.9991E-005 0.196742 0.36956
0.0274268 0.652394 0.0403573 0.112983 0.166839
0.070694 0.452157 9.9991E-005 0.140381 0.336668
0.099681 0.340945 0.0258228 0.248111 0.28544
0.136024 0.372366 9.9991E-005 0.290053 0.201458
9.9991E-005 0.531761 0.050554 0.246569 0.171016
0.0239042 0.445882 0.0266153 0.396688 0.10691
0.260785 0.393614 9.9991E-005 0.254685 0.090815
0.197119 0.317913 0.0227666 0.141311 0.32089
9.9982E-005 0.499755 9.9982E-005 0.461032 0.0390126
0.0737011 0.216869 9.9991E-005 0.357948 0.351382
9.9982E-005 0.495728 9.9982E-005 0.0900925 0.413979
0.118042 9.9973E-005 0.881658 9.9973E-005 9.9973E-005
0.154857 0.100572 0.345849 9.9991E-005 0.398622
0.338623 0.0976087 0.170659 0.0181138 0.374996
0.252067 0.0633301 0.57475 0.0825101 0.0273426
0.373626 0.160011 0.00148123 0.0493474 0.415535
0.272987 0.0976174 9.9991E-005 0.207153 0.422142
0.617318 0.0485135 0.0226795 0.0133721 0.298117
0.294165 0.572971 9.9982E-005 0.132665 9.9982E-005
0.0515163 0.437941 0.00858475 0.131381 0.370577
0.00612924 0.598527 9.9982E-005 0.395143 9.9982E-005
0.124657 0.272117 9.9991E-005 0.102862 0.500264
9.9991E-005 0.372511 0.0632879 0.312737 0.251365
9.9991E-005 0.338548 0.0435286 0.200943 0.416881
0.241859 0.428831 9.9991E-005 0.230228 0.0989818
0.201518 0.405149 9.9991E-005 0.247506 0.145726
0.0863369 0.424599 9.9991E-005 0.255391 0.233573
0.248827 0.479803 0.0127931 0.245546 0.0130305
0.330172 0.350989 0.00346811 0.234315 0.0810565
0.331824 0.1792 0.000113827 0.0421071 0.446755
0.0958357 0.431784 0.0870648 0.385215 9.9991E-005
9.9982E-005 0.398094 0.0296208 0.572085 9.9982E-005
0.254207 0.364504 0.0752121 0.187855 0.118222
9.9982E-005 0.202192 0.785422 9.9982E-005 0.0121861
0.353663 0.121892 0.136829 9.9991E-005 0.387516
9.9982E-005 0.529486 9.9982E-005 0.144906 0.325408
0.219315 0.358606 9.9991E-005 0.364158 0.0578209
0.308963 0.095896 0.126891 9.9991E-005 0.46815
9.9991E-005 0.403687 0.00514102 0.285071 0.306001
9.9991E-005 0.665025 0.044797 0.195562 0.0945167
0.50644 0.0458813 9.9982E-005 9.9982E-005 0.447478
0.0211001 0.53643 9.9991E-005 0.171502 0.270868
0.11435 0.539972 0.00220635 0.254203 0.0892686
9.9982E-005 0.0256345 9.9982E-005 0.8901 0.0840657
9.9973E-005 0.0613622 9.9973E-005 0.938338 9.9973E-005
0.193829 0.341517 0.0623762 0.23392 0.168357
0.0998793 0.478972 9.9991E-005 0.212622 0.208426
0.461634 0.170732 0.271289 0.00871108 0.0876337
9.9982E-005 0.34683 9.9982E-005 0.433831 0.219139
9.9991E-005 0.379669 0.0422953 0.208623 0.369312
0.0640424 0.599095 9.9991E-005 0.278046 0.0587162
0.353994 0.121705 0.109934 0.0678227 0.346544
0.315494 0.0667392 9.9991E-005 0.372207 0.24546
0.377505 0.223745 9.9991E-005 0.0302695 0.36838
0.0613687 0.384525 0.0256796 0.50024 0.0281865
0.415464 0.109375 9.9991E-005 0.029425 0.445636
9.9991E-005 0.480476 0.00880661 0.331066 0.179552
0.178595 0.313401 9.9991E-005 0.147508 0.360396
0.224635 0.548226 9.9991E-005 0.0617137 0.165326
0.134377 0.482709 9.9991E-005 0.164985 0.217828
0.412799 0.176962 0.206165 0.0236875 0.180387
0.191862 0.393822 9.9991E-005 0.29951 0.114707
9.9982E-005 9.9982E-005 0.822154 0.094406 0.0832402
0.33738 0.471032 9.9991E-005 0.0795955 0.111892
0.191756 0.588307 9.9991E-005 0.105425 0.114412
9.997E-005 9.997E-005 0.9996 9.997E-005 9.997E-005
9.9973E-005 0.138041 0.861659 9.9973E-005 9.9973E-005
0.275079 0.421794 9.9991E-005 0.123243 0.179784
0.182462 0.38608 9.9991E-005 0.0537245 0.377633
9.9991E-005 0.472044 0.0576153 0.242221 0.228019
0.0900491 0.537467 0.0652675 0.300621 0.00659595
9.9982E-005 0.293744 9.9982E-005 0.422421 0.283634
9.9982E-005 0.62723 9.9982E-005 0.354577 0.0179933
0.299191 0.369355 0.00429128 0.23935 0.0878137
0.169036 0.111202 0.313724 9.9991E-005 0.405938
0.145583 0.331329 9.9991E-005 0.397086 0.125902
0.016359 0.622062 0.0351174 0.326362 9.9991E-005
0.39902 0.362451 9.9991E-005 0.137118 0.101311
0.762008 0.0563028 9.9982E-005 9.9982E-005 0.181489
0.0758404 0.263141 9.9982E-005 9.9982E-005 0.660819
9.9973E-005 9.9973E-005 9.9973E-005 0.730172 0.269528
0.102337 0.390383 9.9991E-005 0.382238 0.124942
0.578371 0.0881522 0.198663 0.134714 9.9991E-005
0.20736 0.420932 0.0136211 0.357987 9.9991E-005
0.109681 0.447531 0.0404303 0.226149 0.176209
9.9982E-005 0.563886 9.9982E-005 0.273317 0.162598
0.233532 0.468915 9.9991E-005 0.144551 0.152901
0.383433 0.260594 9.9991E-005 0.351394 0.00447944
0.0991346 0.472585 9.9991E-005 0.0543301 0.37385
9.9982E-005 0.449617 9.9982E-005 0.0835718 0.466611
0.452401 0.163118 9.9991E-005 0.0251412 0.35924
0.187771 0.113045 9.9982E-005 9.9982E-005 0.698984
0.15683 0.415579 9.9991E-005 0.34844 0.079051
0.200856 0.522067 9.9991E-005 0.233985 0.0429921
9.9982E-005 0.432637 9.9982E-005 0.257104 0.310059
0.000413922 0.0532197 0.720193 0.118835 0.107339
0.0900822 0.577166 9.9991E-005 0.0146179 0.318034
0.555249 0.444451 9.9973E-005 9.9973E-005 9.9973E-005
0.0888283 0.553333 9.9991E-005 0.0360702 0.321668
9.9973E-005 9.9973E-005 9.9973E-005 0.849868 0.149832
0.0141919 0.416736 9.9991E-005 0.22957 0.339402
0.0323031 0.383544 0.0657456 0.238906 0.279502
0.277813 0.335489 0.00207312 0.211371 0.173254
0.0838463 0.41096 0.0982238 0.406869 9.9991E-005
0.0924102 0.128121 0.140932 0.0904117 0.548124
0.0172617 0.611075 0.0209227 0.150553 0.200188
9.9991E-005 0.475855 0.0775567 0.215889 0.2306
0.208944 0.34394 9.9991E-005 0.197003 0.250013
0.219524 9.9991E-005 0.0281067 0.215626 0.536644
9.9982E-005 0.478389 9.9982E-005 0.209261 0.31215
0.126659 0.365798 9.9991E-005 0.255387 0.252056
0.133457 0.280298 0.0752191 0.108677 0.402349
0.07657 0.47057 9.9991E-005 0.289965 0.162795
9.9991E-005 0.362776 0.076294 0.259107 0.301723
0.0929019 0.295808 0.0194919 0.312661 0.279136
0.122958 0.452719 0.0566302 0.157894 0.2098
0.490091 0.115049 0.17766 9.9991E-005 0.217101
0.0442296 0.334626 0.00144105 0.209021 0.410683
9.997E-005 9.997E-005 9.997E-005 0.9996 9.997E-005
9.9973E-005 0.0621555 9.9973E-005 0.937545 9.9973E-005
0.150887 0.332919 9.9991E-005 0.13068 0.385414
0.0362316 0.416666 0.00221256 0.0939087 0.450981
0.0666495 0.290861 9.9991E-005 0.432329 0.210061
0.379744 0.439999 0.00285279 0.177304 9.9991E-005
9.9982E-005 0.581218 9.9982E-005 0.250877 0.167706
9.9982E-005 0.357838 9.9982E-005 0.410558 0.231404
0.0935165 0.509045 0.0423371 0.249779 0.105323
0.329459 0.138462 9.9991E-005 0.12855 0.403429
0.140298 0.514019 0.0571747 0.0276316 0.260877
0.0824667 0.366339 0.0856127 0.409993 0.0555884
0.430723 0.00345594 9.9991E-005 0.124642 0.441079
0.214113 0.445123 9.9991E-005 0.199796 0.140868
0.156281 0.469838 0.0256504 0.317346 0.0308843
9.9982E-005 0.474222 9.9982E-005 0.192705 0.332873
0.17561 0.527687 9.9991E-005 0.133463 0.163139
0.0513798 0.366201 9.9991E-005 0.32722 0.255099
0.0272746 0.200994 9.9982E-005 9.9982E-005 0.771531
0.081723 0.610557 9.9991E-005 0.261753 0.0458665
0.451481 0.101418 9.9991E-005 0.138352 0.308649
