9.9991E-005 0.511353 0.131405 0.248635 0.108508
0.00974471 0.454339 0.0513561 0.45224 0.0323196
0.0774715 0.242623 0.248412 0.431393 9.9991E-005
0.0667635 0.184146 9.9982E-005 0.748891 9.9982E-005
9.9991E-005 0.364484 0.0814715 0.529437 0.0245073
0.832314 9.9991E-005 0.11355 0.0423036 0.0117321
9.9991E-005 0.350014 0.306009 0.278908 0.064969
0.881356 0.0080993 9.9991E-005 0.107873 0.00257167
0.0627164 0.431973 0.286962 0.218248 9.9991E-005
9.9982E-005 0.441016 0.115103 0.44368 9.9982E-005
0.0243651 0.317909 0.0158358 0.631103 0.0107874
0.210866 0.232604 0.00817108 0.547367 0.000991627
9.9982E-005 0.428789 0.245935 0.325077 9.9982E-005
0.0284462 0.179912 0.198422 0.59312 9.9991E-005
0.605325 0.0229199 9.9991E-005 0.320389 0.0512669
0.0853478 0.305281 0.293297 0.315975 9.9991E-005
0.176294 0.510115 9.9982E-005 0.313391 9.9982E-005
9.999E-005 0.197491 0.400148 0.323338 0.0789233
0.0393558 0.301435 0.270743 0.388366 9.9991E-005
9.9982E-005 0.502345 0.0638081 0.433647 9.9982E-005
9.9982E-005 0.218899 0.28627 0.494631 9.9982E-005
0.101883 0.312247 0.150461 0.409202 0.0262074
9.9982E-005 0.334013 9.9982E-005 0.628173 0.037614
0.596874 0.0791808 9.9991E-005 0.272705 0.05114
9.9982E-005 0.363606 0.53306 0.103134 9.9982E-005
0.639754 0.186937 0.0272501 0.145959 9.9991E-005
0.501774 0.091215 0.169108 0.237802 9.9991E-005
0.312333 0.0914297 0.0810219 0.515116 9.9991E-005
0.677588 0.0900891 0.0121742 0.220049 9.9991E-005
0.0887848 0.169747 0.107485 0.633884 9.9991E-005
0.495333 0.225285 0.155033 0.098087 0.0262628
0.0383737 0.330042 0.219228 0.406671 0.00568549
0.243704 0.128005 0.119409 0.496645 0.0122375
0.894444 9.9973E-005 9.9973E-005 0.105256 9.9973E-005
0.902355 9.9991E-005 0.0715803 0.00359225 0.0223722
0.0667097 0.265603 0.220739 0.446849 9.9991E-005
0.111425 0.202525 0.0285531 0.657397 9.9991E-005
9.9991E-005 0.12753 0.491035 0.378011 0.00332446
0.682634 0.230108 9.9991E-005 0.0703729 0.0167847
0.434167 0.417236 0.0186309 0.0932918 0.0366736
0.232889 0.059956 0.415473 0.25984 0.0318418
9.9982E-005 0.176034 0.315974 0.507792 9.9982E-005
0.0896101 0.360075 0.0399098 0.510305 9.9991E-005
0.563209 9.9991E-005 0.0793436 0.290333 0.0670148
9.9982E-005 0.244075 0.416273 0.339452 9.9982E-005
9.9991E-005 0.273626 0.467829 0.210407 0.0480381
0.0717329 0.265426 0.419446 0.243295 9.9991E-005
0.104351 0.270544 0.298382 0.326623 9.9991E-005
0.0608461 0.311537 0.360134 0.267384 9.9991E-005
0.562907 0.173635 0.19139 0.0719682 9.9991E-005
0.0111275 0.25885 0.118109 0.598848 0.0130653
0.406064 0.353637 0.120086 0.0812759 0.0389366
0.0421363 0.345618 0.352521 0.197322 0.0624031
0.867123 9.9982E-005 0.112778 0.0198988 9.9982E-005
0.450786 0.118772 0.111674 0.318668 9.9991E-005
9.9982E-005 0.490874 0.29637 0.212556 9.9982E-005
9.9982E-005 0.524651 0.198463 0.276686 9.9982E-005
0.150306 0.159332 0.120859 0.536056 0.0334473
0.341542 0.291401 0.00830352 0.358654 9.9991E-005
0.320285 0.194865 0.133492 0.351259 9.9991E-005
0.912856 0.0176669 0.0692767 9.9982E-005 9.9982E-005
0.935722 0.0639783 9.9973E-005 9.9973E-005 9.9973E-005
9.9982E-005 0.244733 0.504074 0.250993 9.9982E-005
0.9996 9.997E-005 9.997E-005 9.997E-005 9.997E-005
0.038189 0.333215 0.303137 0.307307 0.018152
0.853024 9.9991E-005 0.0480934 0.0869953 0.0117871
9.9991E-005 0.250332 0.17036 0.521098 0.0581101
0.134331 0.231391 0.219112 0.392369 0.0227962
9.9991E-005 0.248452 0.290228 0.459508 0.00171257
0.764153 0.0157189 0.109581 0.0915212 0.0190265
9.9991E-005 0.478459 0.0636952 0.329013 0.128733
9.9982E-005 0.460014 0.205877 0.333909 9.9982E-005
0.247797 0.20978 9.9991E-005 0.497281 0.045043
9.9991E-005 0.328011 0.27493 0.383177 0.0137817
0.0399895 0.416219 0.178075 0.339072 0.026645
0.339755 0.181372 0.139616 0.339157 9.9991E-005
9.9982E-005 0.279022 0.142483 0.578296 9.9982E-005
0.149865 0.297787 0.207572 0.317588 0.0271888
0.14541 0.191588 0.466283 0.196619 9.9991E-005
0.0268104 0.245929 0.497184 0.229977 9.9991E-005
9.9982E-005 0.557761 9.9982E-005 0.384657 0.0573813
0.0303472 0.243081 0.217468 0.508076 0.00102808
0.0518304 0.353546 0.212252 0.382272 9.9991E-005
9.9982E-005 0.462237 0.157869 0.379695 9.9982E-005
9.9982E-005 0.439348 0.165425 0.395026 9.9982E-005
0.127419 0.262499 0.0311223 0.526907 0.0520532
0.290476 0.214159 0.0510051 0.444261 9.9991E-005
0.233181 0.125719 0.0365486 0.604451 9.9991E-005
0.855358 0.0357425 0.0438141 0.0649854 9.9991E-005
0.251969 0.155543 0.302772 0.256034 0.0336808
0.0755652 0.0786799 0.497167 0.323025 0.0255628
0.539566 9.9982E-005 0.225768 0.234466 9.9982E-005
9.9982E-005 0.238539 0.0313507 0.72991 9.9982E-005
0.228379 0.352623 9.9982E-005 0.418799 9.9982E-005
0.456686 0.129125 9.9982E-005 0.413989 9.9982E-005
0.907578 0.0921216 9.9973E-005 9.9973E-005 9.9973E-005
0.133188 0.215286 0.140701 0.509521 0.00130421
0.0590621 0.254968 0.261449 0.42442 9.9991E-005
0.0239394 0.456419 0.0105166 0.490715 0.0184097
0.209053 0.297772 9.9982E-005 0.492976 9.9982E-005
0.492649 0.151496 0.260026 0.0957301 9.9991E-005
0.0449666 0.210874 0.104289 0.63977 9.9991E-005
0.00376134 0.421398 0.351786 0.222954 9.9991E-005
9.9982E-005 0.466029 0.08311 0.450661 9.9982E-005
9.9991E-005 0.426924 0.197552 0.339816 0.0356088
0.752585 9.9973E-005 9.9973E-005 0.247116 9.9973E-005
0.452315 0.145573 9.9991E-005 0.246609 0.155403
9.9973E-005 0.610369 9.9973E-005 0.389331 9.9973E-005
0.00957737 0.378564 0.113284 0.498474 9.9991E-005
9.9982E-005 0.20309 0.232007 0.564703 9.9982E-005
0.484254 9.9982E-005 0.280261 0.235285 9.9982E-005
0.990447 9.9973E-005 9.9973E-005 0.00925352 9.9973E-005
0.442175 0.00658711 0.289965 0.261173 9.9991E-005
9.9982E-005 0.201289 0.432574 0.365937 9.9982E-005
0.053849 0.458363 0.182376 0.305312 9.9991E-005
9.9991E-005 0.526783 0.00757404 0.407237 0.0583061
9.9982E-005 0.303985 0.212156 0.483659 9.9982E-005
0.940713 9.9982E-005 0.0425537 0.0165333 9.9982E-005
9.9991E-005 0.393395 0.136717 0.431998 0.0377899
9.9982E-005 0.309676 0.344062 0.346063 9.9982E-005
0.0305059 0.371484 0.150893 0.447017 9.9991E-005
0.599337 9.9982E-005 0.104814 0.29565 9.9982E-005
9.9982E-005 0.156466 0.402369 0.440965 9.9982E-005
0.0225543 0.309263 0.228588 0.391682 0.0479125
9.9982E-005 0.323892 0.411329 0.264579 9.9982E-005
0.0639179 0.351308 0.126819 0.445216 0.0127385
0.578027 9.9982E-005 9.9982E-005 0.391673 0.0301007
0.902241 9.9982E-005 9.9982E-005 0.0634133 0.0341461
0.00193625 0.389342 0.383842 0.202797 0.0220833
9.9982E-005 0.626946 0.358173 0.0146803 9.9982E-005
0.0143767 0.317465 0.395244 0.272814 9.9991E-005
9.9982E-005 0.275316 0.510976 0.213509 9.9982E-005
0.364232 0.0969631 0.209022 0.329683 9.9991E-005
0.0267842 0.195685 0.233224 0.412046 0.132261
0.149375 0.268745 0.0994189 0.482361 9.9991E-005
9.9982E-005 0.401459 9.9982E-005 0.486023 0.112318
0.496358 0.120873 9.9991E-005 0.262926 0.119742
0.259243 0.165388 0.193075 0.380656 0.00163766
0.160245 0.324875 9.9991E-005 0.430985 0.0837954
0.628123 0.278787 0.0342433 0.0587472 9.9991E-005
0.145208 0.251638 0.127072 0.475982 9.9991E-005
0.359864 0.261723 0.115037 0.192917 0.0704597
0.306296 0.145019 0.37067 0.177914 9.9991E-005
0.264958 0.109705 0.297711 0.308727 0.0188982
0.714083 9.9973E-005 0.285617 9.9973E-005 9.9973E-005
0.276236 0.228054 0.19985 0.287005 0.00885464
0.242608 0.23813 0.0823803 0.436782 9.9991E-005
9.9982E-005 0.368295 0.418037 0.213467 9.9982E-005
9.9991E-005 0.714728 0.133223 0.13319 0.0187593
9.9991E-005 0.444604 0.396954 0.119133 0.0392094
0.0194136 0.158032 0.203325 0.602791 0.0164384
0.248785 0.101976 9.9991E-005 0.607582 0.0415563
0.764551 0.0648004 0.0924186 0.0781297 9.9991E-005
0.398813 0.090146 0.138818 0.284651 0.0875718
0.00903191 0.271632 0.345494 0.312092 0.0617495
9.9991E-005 0.216673 0.37225 0.355571 0.0554071
0.874894 9.9982E-005 0.0489642 0.0759419 9.9982E-005
9.9982E-005 0.156569 0.469841 0.37339 9.9982E-005
0.0569302 0.508306 0.25759 0.177073 9.9991E-005
0.172941 0.360774 0.133718 0.332467 9.9991E-005
9.9991E-005 0.223192 0.328771 0.443183 0.00475396
0.239549 0.265249 0.416393 0.0787087 9.9991E-005
0.109726 0.439614 0.101704 0.33047 0.0184863
0.0895625 0.423612 0.147364 0.320343 0.0191187
9.9982E-005 0.422139 0.366511 0.21115 9.9982E-005
9.9982E-005 0.413955 0.171507 0.414339 9.9982E-005
0.202519 0.224549 0.515491 0.0573416 9.9991E-005
0.485767 9.9982E-005 9.9982E-005 0.470022 0.0440107
0.231278 0.236539 0.233611 0.298472 9.9991E-005
0.0945567 0.295237 0.335919 0.216271 0.0580154
0.150388 0.255128 0.179354 0.362259 0.0528705
0.0765196 0.289952 0.131342 0.502086 9.9991E-005
0.9996 9.997E-005 9.997E-005 9.997E-005 9.997E-005
0.082122 0.0507765 0.1613 0.705702 9.9991E-005
0.321388 0.401634 9.9982E-005 0.276778 9.9982E-005
0.0505028 0.351743 0.282403 0.21117 0.104181
0.245246 0.372546 0.063438 0.305811 0.0129587
0.55756 0.119834 0.233131 0.0893751 9.9991E-005
0.394014 0.08637 0.217002 0.302514 9.9991E-005
0.475613 0.163538 9.9982E-005 0.360649 9.9982E-005
9.9982E-005 0.257547 0.288341 0.453912 9.9982E-005
0.797678 9.9973E-005 9.9973E-005 0.202022 9.9973E-005
0.370402 0.154447 0.134623 0.32223 0.0182984
0.0535563 0.462521 0.483723 9.9982E-005 9.9982E-005
0.967162 9.9973E-005 9.9973E-005 9.9973E-005 0.0325381
0.568103 9.9982E-005 0.158522 0.273175 9.9982E-005
0.0265927 0.281253 0.263117 0.428937 9.9991E-005
0.436961 0.0743288 0.20118 0.28743 9.9991E-005
0.164976 0.185659 0.137489 0.511776 9.9991E-005
9.9982E-005 0.306986 0.260444 0.43237 9.9982E-005
0.308896 0.159232 0.0776377 0.393156 0.0610793
9.9982E-005 0.323892 0.306461 0.369447 9.9982E-005
9.9982E-005 0.242424 0.268351 0.489025 9.9982E-005
0.0164285 0.23139 0.342552 0.390408 0.019221
0.297498 0.289462 0.00672694 0.283926 0.122387
0.22117 0.270021 0.101084 0.407625 9.9991E-005
9.9991E-005 0.281027 0.414078 0.271347 0.033447
0.11026 0.257325 0.182677 0.449638 9.9991E-005
9.9991E-005 0.100225 0.363571 0.379837 0.156266
0.0135501 0.312703 0.51484 0.158807 9.9991E-005
0.314275 0.209047 0.156686 0.245645 0.0743471
9.9982E-005 0.252608 0.280998 0.466194 9.9982E-005
0.0571142 0.432927 0.354657 0.14511 0.010191
9.9991E-005 0.254733 0.388886 0.214295 0.141986
9.9991E-005 0.285353 0.562713 0.000780047 0.151054
0.283985 0.283459 0.227919 0.181128 0.0235093
9.9991E-005 0.441257 0.158656 0.312422 0.0875653
0.224214 0.0576362 0.307124 0.410926 9.9991E-005
0.0254378 0.247603 0.383337 0.343522 9.9991E-005
9.9991E-005 0.392275 0.168122 0.400107 0.0393967
0.000333843 0.2336 0.486638 0.279328 9.9991E-005
0.40306 0.436931 0.124591 0.0353178 9.9991E-005
0.409498 9.9991E-005 0.134758 0.410115 0.0455281
9.9982E-005 0.25716 0.207042 0.535598 9.9982E-005
9.9991E-005 0.470799 0.369291 0.143601 0.0162089
9.9991E-005 0.277465 0.329516 0.38013 0.0127889
0.00744809 0.301477 0.357469 0.333506 9.9991E-005
0.306391 0.134187 0.127071 0.432251 9.9991E-005
0.20213 0.202922 0.183451 0.397405 0.0140916
9.9991E-005 0.272913 0.382266 0.226301 0.11842
0.600466 0.257131 0.0317743 0.110529 9.9991E-005
0.210491 0.127083 0.258496 0.40383 9.9991E-005
0.118497 0.138197 0.204287 0.476133 0.0628858
0.8165 0.106909 0.0763915 9.9982E-005 9.9982E-005
0.0465627 0.162123 0.562614 0.2286 9.9991E-005
0.0441826 0.338614 0.260104 0.357 9.9991E-005
0.0240813 0.155461 0.248674 0.571684 9.9991E-005
9.9991E-005 0.442392 0.150514 0.375553 0.0314402
9.9991E-005 0.365873 0.434999 0.173322 0.0257066
0.0278715 0.211835 0.164237 0.552912 0.0431445
9.9982E-005 0.328928 0.267144 0.403728 9.9982E-005
9.9973E-005 0.476371 9.9973E-005 0.523329 9.9973E-005
0.154454 0.302581 0.387923 0.154943 9.9991E-005
9.9982E-005 0.478777 0.178075 0.342948 9.9982E-005
9.9982E-005 0.558489 0.217903 0.223407 9.9982E-005
0.136236 9.9982E-005 0.337616 0.525948 9.9982E-005
9.9982E-005 0.629961 0.0731803 0.296658 9.9982E-005
9.9982E-005 0.45672 0.237006 0.306073 9.9982E-005
0.347104 0.122833 0.285296 0.244666 9.9991E-005
0.351381 0.325991 0.101804 0.220724 9.9991E-005
9.9982E-005 0.171587 0.216338 0.611875 9.9982E-005
0.556847 0.160966 0.186989 0.095098 9.9991E-005
9.9982E-005 0.196235 0.283843 0.519722 9.9982E-005
0.307853 0.141228 0.0318339 0.518985 9.9991E-005
9.9991E-005 0.253521 0.284412 0.444073 0.017895
0.23898 0.45644 0.0638954 0.225896 0.0147889
0.329366 0.0337263 0.142185 0.417127 0.077596
0.415473 0.310844 9.9982E-005 0.273483 9.9982E-005
0.0492674 0.135345 0.422472 0.392815 9.9991E-005
9.9982E-005 0.457441 0.295972 0.246387 9.9982E-005
0.334524 0.103042 0.172216 0.390117 9.9991E-005
0.0269908 0.457602 0.226848 0.245396 0.0431631
9.9982E-005 0.239166 0.110211 0.650423 9.9982E-005
0.914061 9.9973E-005 9.9973E-005 0.0856394 9.9973E-005
0.0314382 0.459253 0.228726 0.267993 0.0125904
9.9982E-005 0.32587 0.312733 0.361197 9.9982E-005
9.9982E-005 0.12118 0.196664 0.681956 9.9982E-005
0.0212726 0.355791 0.135948 0.486889 9.9991E-005
9.9982E-005 0.279128 0.158876 0.561796 9.9982E-005
9.9982E-005 0.272559 0.294873 0.432367 9.9982E-005
9.9982E-005 0.122738 0.162967 0.714095 9.9982E-005
0.114691 0.181342 0.142628 0.561239 9.9991E-005
0.530401 0.105868 9.9991E-005 0.294165 0.0694655
9.9982E-005 0.288437 0.124379 0.586984 9.9982E-005
9.9982E-005 0.353335 0.19527 0.451196 9.9982E-005
0.240799 0.192698 0.285117 0.240021 0.0413647
0.389102 0.20557 9.9982E-005 0.405128 9.9982E-005
9.9982E-005 0.442034 0.343279 0.214487 9.9982E-005
0.25406 0.268673 9.9982E-005 0.477067 9.9982E-005
9.9982E-005 0.430734 0.323172 0.245895 9.9982E-005
0.327312 0.169715 0.140292 0.36258 9.9991E-005
0.0880863 0.212304 0.047285 0.540397 0.111927
0.445912 0.0617073 0.00532573 0.441339 0.0457155
0.177064 0.404149 0.114282 0.304405 9.9991E-005
0.0751026 0.434962 0.310719 0.136605 0.0426115
0.248326 0.265878 9.9991E-005 0.44758 0.0381164
9.9982E-005 0.378357 0.232218 0.389225 9.9982E-005
0.053987 0.318403 0.279824 0.347686 9.9991E-005
0.031492 0.186351 0.247499 0.534558 9.9991E-005
0.276474 0.278545 0.0287035 0.357342 0.0589348
0.0279551 0.310193 0.210185 0.451567 9.9991E-005
9.9982E-005 0.207334 0.496468 0.295998 9.9982E-005
9.9982E-005 0.239644 0.435637 0.324519 9.9982E-005
0.580376 0.150098 0.117872 0.0596724 0.0919818
0.901376 9.9991E-005 0.0968009 0.00160788 0.000115289
0.0281434 0.157456 0.257596 0.528295 0.0285091
0.0800471 0.145838 0.260282 0.451429 0.0624042
0.147443 0.200382 0.267547 0.295487 0.08914
0.14152 0.196277 0.142644 0.519458 9.9991E-005
0.218603 0.0632257 0.0940594 0.512695 0.111416
0.0358274 0.514097 0.0156677 0.434308 9.9991E-005
9.9991E-005 0.355442 0.286694 0.319115 0.0386492
9.9991E-005 0.219007 0.281166 0.468313 0.0314139
9.9982E-005 0.245659 0.511958 0.242183 9.9982E-005
9.9982E-005 0.243868 0.44029 0.315642 9.9982E-005
9.9982E-005 0.46131 0.112075 0.426415 9.9982E-005
9.9982E-005 0.341939 0.256435 0.401427 9.9982E-005
0.0619075 0.46876 9.9991E-005 0.353127 0.116106
9.9991E-005 0.187736 0.38552 0.415386 0.0112573
0.031469 0.543845 0.0277729 0.386302 0.0106107
9.9982E-005 0.289868 0.500453 0.209479 9.9982E-005
0.0174902 0.0642199 0.390552 0.527638 9.9991E-005
0.156704 0.306747 0.0727357 0.445861 0.0179518
0.473556 0.0976539 9.9991E-005 0.254426 0.174265
0.415849 0.191474 0.0361532 0.356424 9.9991E-005
0.747585 0.0588019 0.0553048 0.137134 0.00117443
9.9982E-005 0.296488 0.328542 0.374771 9.9982E-005
0.735678 9.9973E-005 9.9973E-005 0.264022 9.9973E-005
0.752981 0.0661999 0.0593385 0.10123 0.0202502
0.00805603 0.283781 0.196685 0.488365 0.0231128
9.9991E-005 0.324056 0.163807 0.425846 0.0861905
9.9991E-005 0.465678 0.180332 0.289633 0.0642568
0.787453 0.00576063 0.030759 0.166339 0.00968807
9.9982E-005 0.347046 0.469319 0.183436 9.9982E-005
0.457859 0.179873 0.0785352 0.283632 9.9991E-005
9.9991E-005 0.4191 0.127603 0.422726 0.0304719
0.773604 9.9973E-005 9.9973E-005 0.226096 9.9973E-005
0.171575 0.324616 0.306628 0.197081 9.9991E-005
9.9982E-005 0.182832 0.286793 0.530175 9.9982E-005
9.9982E-005 0.487898 0.189891 0.322011 9.9982E-005
9.9982E-005 0.490512 0.329479 0.179808 9.9982E-005
0.67495 0.258843 9.9991E-005 0.0332066 0.0329
0.196595 0.322718 0.154296 0.326291 9.9991E-005
0.369982 0.283498 0.254705 0.074846 0.0169697
9.9991E-005 0.28229 0.237331 0.379528 0.100751
0.690865 9.9982E-005 9.9982E-005 0.307167 0.0017683
0.115755 0.097044 0.332311 0.304588 0.150301
0.406753 0.106861 0.258988 0.209855 0.0175432
0.00323007 0.251402 0.291368 0.446623 0.00737673
0.258367 0.246411 0.357907 0.137214 9.9991E-005
0.579914 9.9982E-005 0.181176 0.238709 9.9982E-005
9.9991E-005 0.489169 0.205229 0.215463 0.090039
9.9982E-005 0.489586 0.200194 0.31002 9.9982E-005
9.9982E-005 0.364792 0.3416 0.293408 9.9982E-005
9.9991E-005 0.334486 0.250243 0.392778 0.0223927
0.405205 0.148259 0.023453 0.422983 9.9991E-005
9.9991E-005 0.242692 0.321677 0.385052 0.0504789
9.9991E-005 0.176387 0.303543 0.4361 0.0838699
9.9982E-005 0.361092 9.9982E-005 0.637681 0.00102703
0.467298 0.293917 9.9991E-005 0.233148 0.00553741
0.291268 0.388037 0.0949044 0.225691 9.9991E-005
9.9982E-005 0.291183 0.494464 0.214153 9.9982E-005
0.184794 0.293863 0.207553 0.213974 0.0998164
0.183929 0.0190847 0.219344 0.577542 9.9991E-005
9.9991E-005 0.507777 0.213616 0.204211 0.074296
0.367001 9.9991E-005 0.020427 0.507981 0.10449
0.0948116 0.0900472 0.257519 0.507633 0.0499893
0.414006 0.0193716 9.9991E-005 0.512037 0.0544859
9.9991E-005 0.416095 0.342447 0.208193 0.0331642
9.9982E-005 0.361443 0.166889 0.471467 9.9982E-005
9.9982E-005 0.212866 0.301772 0.485162 9.9982E-005
9.9982E-005 0.534454 0.142038 0.323308 9.9982E-005
9.9991E-005 0.32839 0.336428 0.219856 0.115226
9.9982E-005 0.439116 0.247273 0.313411 9.9982E-005
0.309636 0.0812327 0.205398 0.403633 9.9991E-005
0.0454746 0.331649 0.202568 0.420208 9.9991E-005
9.9982E-005 0.309075 0.0916814 0.599044 9.9982E-005
9.9982E-005 0.227129 0.185026 0.587645 9.9982E-005
0.0533745 0.216148 0.182174 0.490731 0.0575722
0.235872 9.9982E-005 0.33185 0.432078 9.9982E-005
9.9991E-005 0.244077 0.354546 0.290804 0.110472
9.9991E-005 0.44232 0.208997 0.285809 0.062774
0.743734 0.255966 9.9973E-005 9.9973E-005 9.9973E-005
0.606093 0.205363 0.13178 0.0566637 9.9991E-005
9.9991E-005 0.425087 0.094339 0.435533 0.044941
9.9991E-005 0.0156731 0.255889 0.337276 0.391061
0.0684914 0.0490085 0.298941 0.0513651 0.532194
9.9991E-005 0.313961 0.31787 0.0465814 0.321487
9.9991E-005 0.415493 0.148474 0.347642 0.0882913
9.9991E-005 0.213737 0.304544 0.036856 0.444763
0.0548884 0.0899474 0.386641 9.9991E-005 0.468423
9.9982E-005 9.9982E-005 0.243056 0.36269 0.394054
0.00185281 0.0423319 0.285597 0.0645143 0.605704
0.0173005 0.0649314 0.388979 0.118186 0.410603
9.9991E-005 0.298954 0.304891 0.112839 0.283216
0.00138978 0.245795 0.0978522 0.3409 0.314063
9.9982E-005 9.9982E-005 0.199123 0.335856 0.464821
9.9991E-005 0.30273 0.398845 0.199805 0.0985198
0.0316312 0.15976 0.452633 0.00644878 0.349526
9.9991E-005 0.0195797 0.471635 0.1204 0.388286
0.0804732 9.9991E-005 0.361486 0.097854 0.460087
9.9991E-005 0.295927 0.329921 0.0393209 0.334731
9.9991E-005 0.173593 0.241097 0.237946 0.347264
0.774562 9.9982E-005 9.9982E-005 0.138104 0.0871339
0.0015929 0.138284 0.577487 0.0712754 0.21136
9.9982E-005 9.9982E-005 0.302741 0.375129 0.32193
0.103199 0.262866 0.289619 0.261736 0.0825797
9.9973E-005 9.9973E-005 0.368783 9.9973E-005 0.630917
9.9982E-005 0.00883668 0.400988 9.9982E-005 0.589976
0.0527403 0.128197 0.335799 0.366484 0.116778
9.9982E-005 9.9982E-005 0.356515 0.154315 0.488969
9.9991E-005 0.0604034 0.407036 0.207724 0.324736
0.027046 0.00463085 0.507209 0.100827 0.360287
0.0463216 0.0618993 0.477659 9.9991E-005 0.41402
0.0512235 0.0225275 0.308258 0.0528811 0.56511
9.9982E-005 0.175803 0.23294 9.9982E-005 0.591057
0.0525836 0.322564 9.9982E-005 9.9982E-005 0.624652
9.9991E-005 0.0788031 0.253399 0.211059 0.456639
9.9982E-005 9.9982E-005 0.392979 0.247661 0.35916
0.0934557 9.9991E-005 0.247242 0.154106 0.505097
0.00247387 9.9982E-005 0.622312 9.9982E-005 0.375014
0.0665822 9.9991E-005 0.270024 0.17879 0.484504
9.9973E-005 0.510201 0.489499 9.9973E-005 9.9973E-005
9.9982E-005 9.9982E-005 0.336972 0.108646 0.554182
9.9982E-005 9.9982E-005 0.363011 0.278519 0.35827
0.0182898 0.0906547 0.448822 0.106831 0.335403
9.9982E-005 9.9982E-005 0.289192 0.39591 0.314698
9.9973E-005 0.281442 9.9973E-005 9.9973E-005 0.718258
9.9991E-005 0.325737 0.439794 0.190271 0.0440972
9.9991E-005 0.120588 0.295039 0.106811 0.477461
0.286263 0.187299 0.23739 0.288491 0.000557399
9.9991E-005 0.353209 0.416384 0.140218 0.0900887
0.000538387 0.0923314 0.34106 0.485695 0.0803756
0.0284725 0.133256 0.291527 0.112805 0.433939
9.9982E-005 0.171365 0.537035 9.9982E-005 0.2914
0.0112803 0.0116213 0.37539 0.024606 0.577102
9.9991E-005 0.145738 0.30882 0.170497 0.374845
0.00412009 0.0448538 0.356403 0.264726 0.329896
0.0346512 9.9991E-005 0.44443 0.106363 0.414457
9.9991E-005 0.0326153 0.327194 0.278036 0.362055
9.9982E-005 0.0172312 0.405271 9.9982E-005 0.577298
9.9991E-005 0.16299 0.209741 0.157038 0.470131
0.0133102 0.673093 9.9991E-005 0.0473673 0.266129
9.9973E-005 9.9973E-005 0.491907 9.9973E-005 0.507793
9.9982E-005 9.9982E-005 0.303047 0.157775 0.538978
0.0470146 0.0711668 0.356841 9.9991E-005 0.524878
0.00144605 0.0678454 0.470302 9.9991E-005 0.460307
9.9982E-005 0.355214 0.372801 0.271785 9.9982E-005
9.9991E-005 0.0124239 0.165036 0.337988 0.484451
0.1523 9.9982E-005 0.234997 0.612504 9.9982E-005
9.9982E-005 9.9982E-005 0.463528 0.165073 0.371199
0.0941196 9.9991E-005 0.164742 0.166013 0.575025
0.0920758 0.179574 0.170061 0.455271 0.103018
0.0521187 0.00144178 0.372712 0.129099 0.444628
9.9982E-005 9.9982E-005 0.615284 0.0557955 0.32872
9.9973E-005 0.470687 9.9973E-005 9.9973E-005 0.529013
9.9982E-005 9.9982E-005 0.525614 0.0743427 0.399843
0.0387657 0.199301 0.3341 0.112539 0.315295
9.9982E-005 9.9982E-005 0.470738 0.109576 0.419486
9.9982E-005 9.9982E-005 0.370258 0.184439 0.445103
9.9982E-005 0.40955 0.314137 9.9982E-005 0.276113
9.9991E-005 0.272915 0.251048 0.266945 0.208992
9.9991E-005 0.055278 0.248704 0.258733 0.437185
0.0309673 9.9991E-005 0.215213 0.445942 0.307778
0.800313 9.9982E-005 9.9982E-005 0.0873431 0.112144
9.9982E-005 0.103369 0.666155 9.9982E-005 0.230276
0.0936516 0.222956 0.210872 0.44094 0.03158
0.0215897 0.140585 0.247446 9.9991E-005 0.59028
9.9991E-005 0.0655991 0.407328 0.265389 0.261584
9.9991E-005 0.243928 0.457718 0.149201 0.149053
9.9991E-005 0.56606 0.156933 0.226268 0.0506386
0.00598233 0.235992 0.365659 0.0470839 0.345283
9.9982E-005 9.9982E-005 0.553571 0.148758 0.297471
9.9982E-005 9.9982E-005 0.637363 0.0405819 0.321855
9.9991E-005 0.0111958 0.242069 0.238123 0.508511
0.0207621 0.292919 0.16177 0.350581 0.173967
0.00987591 0.231006 0.430665 9.9991E-005 0.328353
0.0119694 0.0400271 0.39015 0.207656 0.350198
9.9991E-005 0.198015 0.362511 0.128229 0.311145
9.9982E-005 0.198638 0.274202 0.52696 9.9982E-005
9.9991E-005 0.0055407 0.470333 0.0412145 0.482812
9.9982E-005 9.9982E-005 0.404546 0.172446 0.422808
9.9991E-005 0.265405 0.310516 0.033073 0.390906
9.9991E-005 0.0711941 0.444761 0.115827 0.368118
9.9982E-005 0.193643 0.258086 0.548071 9.9982E-005
0.922036 0.0475906 9.9982E-005 0.0301732 9.9982E-005
0.0152874 0.211976 0.437634 9.9991E-005 0.335003
9.9991E-005 0.211647 0.349028 0.1971 0.242124
9.9982E-005 0.523606 0.179288 9.9982E-005 0.296905
9.9991E-005 0.127953 0.27743 0.158513 0.436005
0.00905225 9.9991E-005 0.462629 0.0305231 0.497696
9.9991E-005 0.183685 0.373844 0.0607477 0.381623
9.9973E-005 9.9973E-005 0.548012 9.9973E-005 0.451688
0.0451678 0.0551108 0.230004 0.0759604 0.593757
9.9982E-005 9.9982E-005 0.311972 0.259331 0.428498
9.9982E-005 0.376108 0.432907 9.9982E-005 0.190784
9.9991E-005 0.359139 0.0185665 0.494665 0.127529
9.9982E-005 0.0566634 0.466529 9.9982E-005 0.476608
9.9991E-005 0.339761 0.227754 0.0711103 0.361275
9.9991E-005 0.36509 0.130674 0.483766 0.0203692
0.0140032 0.125581 0.283916 0.10482 0.47168
9.9982E-005 0.39794 0.251245 0.350615 9.9982E-005
0.0231025 0.361759 0.230134 9.9991E-005 0.384905
9.9982E-005 9.9982E-005 0.55003 0.0790982 0.370672
0.00309592 0.384623 0.298307 0.277924 0.0360487
9.9991E-005 0.13636 0.488702 0.0297044 0.345133
9.9982E-005 9.9982E-005 0.481147 0.333093 0.18556
9.9973E-005 9.9973E-005 0.808469 9.9973E-005 0.191231
0.569564 9.9973E-005 0.430136 9.9973E-005 9.9973E-005
0.00846483 0.0038764 0.560064 0.0388935 0.388701
9.9982E-005 0.283346 0.395772 9.9982E-005 0.320681
9.9982E-005 0.0198334 0.627304 9.9982E-005 0.352663
9.9982E-005 9.9982E-005 0.360126 0.274549 0.365125
9.9991E-005 0.343976 0.0754509 0.048326 0.532147
9.9991E-005 0.139484 0.302377 0.0534767 0.504562
9.9991E-005 0.247284 0.168666 0.170802 0.413147
9.9982E-005 0.392609 0.0238279 0.583363 9.9982E-005
0.034274 9.9991E-005 0.431798 0.113744 0.420084
9.9991E-005 0.223189 0.29374 0.00568952 0.477282
0.00232391 9.9991E-005 0.426638 0.0150031 0.555935
0.0220136 0.0263186 0.298554 0.141729 0.511385
9.9982E-005 9.9982E-005 0.50921 0.165093 0.325497
0.0157799 0.130707 0.426486 0.206497 0.22053
9.9991E-005 0.419919 0.158961 0.167438 0.253582
0.04064 0.119479 0.193088 0.291088 0.355705
9.9982E-005 9.9982E-005 0.491291 0.222108 0.286401
9.9982E-005 9.9982E-005 0.597041 0.0437774 0.358982
0.0155141 0.351051 0.352744 0.280591 9.9991E-005
9.9991E-005 0.215156 0.375933 0.194678 0.214132
9.9973E-005 9.9973E-005 0.599614 9.9973E-005 0.400086
9.9991E-005 0.0052831 0.425061 0.0863143 0.483241
9.9991E-005 0.0799688 0.448364 0.145046 0.326521
9.9973E-005 9.9973E-005 0.498937 9.9973E-005 0.500763
9.9991E-005 0.145965 0.201513 0.218379 0.434044
9.9982E-005 0.184798 0.349616 0.465386 9.9982E-005
0.0604119 0.464216 0.250438 0.163679 0.0612553
0.0486544 0.0978685 0.350657 0.0893735 0.413447
9.9991E-005 0.0956492 0.176979 0.170901 0.556372
9.9991E-005 0.0635929 0.488155 0.0916573 0.356495
0.0105712 0.249222 0.430702 0.0813604 0.228145
0.044622 0.13592 0.274868 0.0586329 0.485957
9.9982E-005 9.9982E-005 0.663642 0.0119594 0.324198
0.241259 9.9991E-005 0.323162 0.435142 0.00033764
0.0146223 0.214013 0.368277 0.0587265 0.344361
9.9982E-005 9.9982E-005 0.292389 0.296981 0.41043
0.353882 0.0315819 0.228419 0.250132 0.135985
0.202728 0.0291414 0.108171 0.634721 0.0252387
0.00478483 0.00131777 0.454514 9.9991E-005 0.539284
0.0788671 0.104756 0.40075 0.0839667 0.33166
9.9982E-005 0.273527 0.302772 9.9982E-005 0.423502
9.9991E-005 0.244447 0.229919 0.503921 0.0216125
0.0163094 0.141907 0.194586 0.240225 0.406973
0.00464189 0.266614 0.372582 9.9991E-005 0.356062
0.229568 9.9991E-005 0.251143 0.487039 0.0321491
0.00968785 0.377698 0.161128 9.9991E-005 0.451386
0.00412256 0.172075 0.223136 0.10476 0.495906
0.0309703 0.239233 0.237679 0.0181205 0.473998
9.9982E-005 9.9982E-005 0.495058 0.145144 0.359598
9.9982E-005 9.9982E-005 0.536843 0.0293536 0.433604
0.0203631 0.114965 0.42042 0.0245065 0.419745
0.000345465 0.0444613 0.283817 0.170397 0.500979
9.9982E-005 0.349042 0.376071 9.9982E-005 0.274687
9.9991E-005 0.122682 0.192924 0.160819 0.523476
0.0204965 0.147945 0.30217 0.0964527 0.432936
0.640261 0.00501716 9.9991E-005 0.239619 0.115003
9.9973E-005 9.9973E-005 0.514151 9.9973E-005 0.485549
0.0230683 0.0213344 0.454174 9.9991E-005 0.501323
9.9991E-005 0.20824 0.443247 0.214361 0.134051
9.9973E-005 9.9973E-005 0.47905 9.9973E-005 0.52065
9.9982E-005 0.212594 0.425013 9.9982E-005 0.362193
0.0257272 0.105404 0.487216 9.9991E-005 0.381553
0.0940183 0.362935 0.406494 0.0183269 0.118226
9.9982E-005 0.0891952 0.483912 9.9982E-005 0.426693
9.9982E-005 0.167095 0.369086 9.9982E-005 0.463619
0.0657805 0.0463363 0.259754 0.182287 0.445843
9.9982E-005 0.00855683 0.556804 9.9982E-005 0.434439
9.9991E-005 0.0989985 0.440125 0.194751 0.266025
0.9996 9.997E-005 9.997E-005 9.997E-005 9.997E-005
9.9982E-005 0.154206 0.55216 9.9982E-005 0.293434
9.9991E-005 0.388686 0.246366 0.126894 0.237954
9.9991E-005 0.0367594 0.248326 0.317801 0.397014
9.9982E-005 0.243382 0.337062 9.9982E-005 0.419357
0.0588398 0.102085 0.187256 9.9991E-005 0.651719
0.0217428 0.0841328 0.396259 0.0923854 0.40548
0.665079 9.9982E-005 9.9982E-005 0.224258 0.110463
9.9982E-005 9.9982E-005 0.538694 0.164292 0.296814
9.9982E-005 9.9982E-005 0.648753 0.0197826 0.331265
9.9991E-005 0.255576 0.234747 0.114751 0.394826
9.9991E-005 0.0734535 0.504255 0.059744 0.362448
0.00111441 0.164252 0.23177 0.12671 0.476154
9.9991E-005 0.119303 0.348702 0.0104715 0.521424
9.9982E-005 9.9982E-005 0.481 0.205082 0.313718
0.0118939 0.146784 0.411896 0.0676059 0.36182
9.9991E-005 0.0923854 0.185363 0.340477 0.381675
9.9991E-005 0.119999 0.140132 0.26629 0.473479
9.99835E-005 0.322951 0.209605 9.99835E-005 0.467244
9.9991E-005 0.234293 0.40569 0.0894815 0.270436
9.9991E-005 0.0793538 0.525395 0.119168 0.275983
0.0368993 0.0834416 0.281938 0.116085 0.481636
9.9991E-005 0.174909 0.210524 0.268655 0.345812
0.0149732 0.11749 0.215953 0.32097 0.330613
9.9982E-005 0.0433528 9.9982E-005 0.430422 0.526025
0.0335956 0.0401408 0.421084 9.9991E-005 0.505079
0.0352352 0.0700387 0.296854 0.0816659 0.516207
9.9991E-005 0.219802 0.159189 0.207048 0.413862
0.0335029 0.335728 0.36014 0.0953244 0.175305
9.9982E-005 9.9982E-005 0.323679 0.068562 0.607559
9.9991E-005 0.301949 0.0454027 0.300769 0.351779
9.9982E-005 9.9982E-005 0.628236 0.075854 0.29571
0.872801 0.00360239 0.123396 9.9982E-005 9.9982E-005
0.32459 0.144422 0.186721 0.316202 0.0280647
0.200538 0.208411 0.0192815 0.419577 0.152192
0.577772 9.9991E-005 0.181583 0.199032 0.0415125
9.9991E-005 0.235945 0.35273 0.302527 0.108698
9.9991E-005 0.432499 0.312729 0.178958 0.0757144
0.0736109 0.264678 9.9991E-005 0.439365 0.222247
9.9991E-005 0.0935412 0.445439 0.0300852 0.430835
0.0111283 0.031214 0.414531 0.203975 0.339152
9.9991E-005 0.0587496 0.285011 0.0403505 0.615789
9.9991E-005 0.213705 0.512076 0.102095 0.172024
0.0458681 0.0215368 0.248844 0.286968 0.396784
0.0116569 9.9991E-005 0.706889 0.0369854 0.244369
9.9991E-005 0.113161 0.342199 0.198461 0.346079
9.9991E-005 0.15752 0.404674 0.0988487 0.338858
0.00112164 0.217461 0.310515 0.0851274 0.385775
9.9982E-005 9.9982E-005 0.107281 0.342954 0.549565
0.0106485 0.148916 0.394399 0.127243 0.318793
0.077794 0.353757 0.264952 0.193732 0.109765
0.0923574 0.0416165 0.453861 9.9991E-005 0.412065
0.0292724 0.25994 0.0818619 0.0170703 0.611856
0.0673002 9.9991E-005 0.34485 0.226393 0.361357
0.725827 9.9991E-005 0.100033 0.102169 0.0718705
0.146309 0.13394 0.0849003 0.575607 0.0592437
9.9982E-005 9.9982E-005 0.465995 0.116216 0.417589
9.9991E-005 0.3171 0.289185 0.0103876 0.383228
0.122118 0.0780079 0.216092 0.511648 0.0721338
9.9991E-005 0.0479359 0.423556 0.0883784 0.44003
9.9982E-005 0.0515298 0.405411 9.9982E-005 0.542859
0.0229181 0.248327 0.139758 0.588897 9.9991E-005
9.9982E-005 9.9982E-005 0.108704 0.349365 0.541731
0.0412939 0.0864064 0.181937 0.0745014 0.615862
9.9991E-005 0.0327582 0.518795 0.204901 0.243446
9.9982E-005 9.9982E-005 0.593456 0.0555652 0.350779
0.0904935 0.108478 0.374105 0.0895577 0.337366
9.9991E-005 0.0862201 0.439831 0.070503 0.403346
0.337213 0.0273112 0.441165 0.162521 0.0317889
9.9991E-005 0.0624337 0.191082 0.201873 0.544511
9.9991E-005 0.109819 0.142401 0.306606 0.441074
9.9973E-005 9.9973E-005 0.39609 9.9973E-005 0.60361
0.150821 0.355263 0.173759 0.230996 0.0891609
9.9991E-005 0.431022 0.213567 0.199069 0.156242
0.0668402 0.267503 0.374755 0.17322 0.117682
9.9991E-005 0.151224 0.0269025 0.206639 0.615134
9.9991E-005 0.154175 0.106889 0.589484 0.149351
9.9982E-005 9.9982E-005 0.346033 0.181597 0.47217
9.9991E-005 0.10025 0.252689 0.375705 0.271256
0.00209348 0.0759108 0.372606 0.144558 0.404831
0.0322154 0.245084 0.258971 0.0859288 0.377801
0.224996 9.9991E-005 0.257083 0.409498 0.108323
0.00750748 0.269562 0.301226 0.0216567 0.400048
0.798454 9.9991E-005 0.0683522 0.123992 0.00910226
0.0360797 0.292452 0.355261 9.9991E-005 0.316107
9.9991E-005 0.16531 0.199089 0.0586835 0.576817
0.9996 9.997E-005 9.997E-005 9.997E-005 9.997E-005
0.881532 9.9973E-005 9.9973E-005 9.9973E-005 0.118168
9.9982E-005 9.9982E-005 0.36817 0.29175 0.339881
0.0273944 0.267944 0.282451 0.167931 0.25428
0.00669005 0.132671 0.306036 0.130853 0.42375
0.0774274 0.23362 0.223064 9.9991E-005 0.465789
9.9991E-005 0.0986736 0.0805222 0.339967 0.480738
0.00280401 0.0660288 0.209288 0.00731025 0.714569
0.0261393 0.182433 0.125219 0.254194 0.412014
0.311488 0.110495 0.152654 0.346966 0.0783969
9.9991E-005 0.283084 0.0226821 0.209497 0.484636
0.0583179 9.9982E-005 0.434726 9.9982E-005 0.506756
9.9991E-005 0.209674 0.264223 0.175146 0.350857
0.0532209 0.789125 9.9991E-005 0.0929589 0.0645953
9.9973E-005 0.460128 0.539572 9.9973E-005 9.9973E-005
9.997E-005 0.9996 9.997E-005 9.997E-005 9.997E-005
9.9991E-005 0.0368419 0.391574 0.197375 0.374109
0.272911 0.121193 9.9991E-005 0.452622 0.153174
9.9982E-005 9.9982E-005 0.279002 0.269075 0.451724
0.0155102 0.181333 0.391235 0.087378 0.324543
9.9982E-005 0.246635 0.238684 9.9982E-005 0.514482
9.9991E-005 0.0847507 0.43494 0.07956 0.40065
0.0334506 0.401054 0.261021 9.9991E-005 0.304374
9.9991E-005 0.137623 0.396944 0.135764 0.329569
9.9982E-005 9.9982E-005 0.436945 0.313511 0.249344
9.9991E-005 0.241695 0.422383 0.284276 0.0515455
9.9991E-005 0.22905 0.339573 0.384915 0.0463611
9.9991E-005 0.0295417 0.245823 0.23478 0.489755
9.9982E-005 0.0182745 0.566969 9.9982E-005 0.414557
9.9982E-005 9.9982E-005 0.576208 0.12455 0.299042
0.646373 9.9982E-005 0.180489 0.172939 9.9982E-005
9.9982E-005 9.9982E-005 0.637159 0.158461 0.20418
9.9982E-005 0.63385 0.0124972 9.9982E-005 0.353453
9.9982E-005 0.268153 0.566051 9.9982E-005 0.165595
9.9973E-005 0.85819 9.9973E-005 9.9973E-005 0.141511
9.9991E-005 0.0419512 0.456183 0.131991 0.369774
0.0163221 0.0198106 0.435359 0.244271 0.284237
0.00553545 0.141908 0.538546 0.0762128 0.237798
0.0688006 0.0421515 0.298939 0.135598 0.454511
0.125768 0.190604 0.188715 0.41078 0.0841331
9.9982E-005 0.0967204 0.511926 9.9982E-005 0.391154
0.0383422 0.0963679 0.483018 0.100965 0.281307
9.9982E-005 0.165333 0.51424 9.9982E-005 0.320227
9.9982E-005 0.281923 0.0738899 0.643987 9.9982E-005
9.9991E-005 0.140148 0.417834 0.0301458 0.411772
0.00373875 0.240183 0.363972 0.0690712 0.323035
0.106209 0.224707 0.413316 0.124948 0.130821
9.9991E-005 0.0386982 0.21352 0.192514 0.555169
0.0352818 0.163724 0.376627 0.139724 0.284643
9.9991E-005 0.115817 0.325406 0.293352 0.265325
0.0933093 9.9991E-005 0.380316 0.224172 0.302102
0.239418 0.407506 0.224314 0.128661 9.9991E-005
0.0109744 0.339603 0.117331 0.12728 0.404812
9.9973E-005 9.9973E-005 9.9973E-005 0.515608 0.484092
9.9973E-005 9.9973E-005 9.9973E-005 0.454682 0.545018
9.9991E-005 0.327008 0.2424 0.126881 0.303611
9.9991E-005 0.225358 0.407931 0.111009 0.255603
0.00121942 0.42548 0.176145 0.0292036 0.367953
0.0498794 0.23002 0.277647 0.00290374 0.439549
9.9973E-005 9.9973E-005 0.60957 9.9973E-005 0.39013
9.9991E-005 0.00287703 0.491318 0.220215 0.28549
0.0171472 0.102566 0.393631 0.0742729 0.412383
9.9991E-005 0.149537 0.226835 0.55544 0.0680887
0.0284269 0.152425 0.175301 0.229329 0.414518
0.0304861 0.0731084 0.259149 0.195766 0.44149
9.9982E-005 0.268422 0.342662 0.388716 9.9982E-005
9.9991E-005 0.0559133 0.434859 0.140262 0.368866
0.0346478 0.161441 0.136324 0.188821 0.478767
9.9991E-005 0.189208 0.320693 0.123254 0.366744
9.9982E-005 9.9982E-005 0.216765 0.261557 0.521478
9.9991E-005 0.0216135 0.314007 0.243838 0.420441
9.9982E-005 0.343791 0.404581 0.251427 9.9982E-005
9.9982E-005 9.9982E-005 0.4884 0.0712393 0.44016
0.0455023 0.328834 0.538079 0.0874851 9.9991E-005
