0.681457 9.9982E-005 9.9982E-005 0.172483 0.14586
0.429431 9.9991E-005 0.0366022 0.361339 0.172527
0.505412 9.9982E-005 0.0546227 0.439765 9.9982E-005
0.605163 9.9982E-005 0.146709 0.247928 9.9982E-005
0.647031 0.018636 0.0203818 0.146843 0.167109
9.9982E-005 0.108874 0.836724 0.0542019 9.9982E-005
0.59605 0.0542217 9.9991E-005 0.22032 0.129309
0.0153457 9.9982E-005 0.897295 9.9982E-005 0.0871595
0.563755 9.9991E-005 0.0258401 0.256967 0.153338
0.448377 9.9982E-005 9.9982E-005 0.401375 0.150048
0.602124 0.00537503 0.0364468 0.355955 9.9991E-005
0.38851 9.9991E-005 0.307688 0.135215 0.168487
0.641088 9.9982E-005 9.9982E-005 0.137573 0.22114
0.626616 0.00788617 0.0867618 0.278636 9.9991E-005
9.9982E-005 9.9982E-005 0.634823 0.312214 0.0527631
0.448773 9.9982E-005 0.0578498 0.493177 9.9982E-005
0.44783 9.9991E-005 0.204544 0.253617 0.0939101
0.723999 0.231464 9.9982E-005 9.9982E-005 0.0443365
0.591497 0.000731172 0.0168509 0.34849 0.0424314
0.61086 9.9982E-005 9.9982E-005 0.341207 0.0477331
0.81641 0.0568779 9.9991E-005 0.0870036 0.0396084
0.419465 9.9991E-005 0.117 0.254296 0.209139
0.600334 0.035663 9.9982E-005 0.363803 9.9982E-005
0.00109818 9.9982E-005 0.577965 0.420737 9.9982E-005
0.683379 0.12135 0.0184914 0.0381561 0.138623
0.135286 9.9991E-005 0.688714 0.111065 0.0648348
0.102953 0.13706 0.449011 0.310875 9.9991E-005
0.628904 9.9982E-005 0.351189 9.9982E-005 0.0197064
0.0415686 0.0189236 0.65973 0.259865 0.0199123
0.819097 9.9973E-005 0.180603 9.9973E-005 9.9973E-005
0.0795165 9.9991E-005 0.462595 0.344966 0.112823
0.738225 0.0603755 0.0168259 0.102917 0.0816555
0.3268 9.9982E-005 0.226546 0.446454 9.9982E-005
0.132517 9.9973E-005 0.867183 9.9973E-005 9.9973E-005
9.9991E-005 0.0217176 0.83418 0.0784002 0.0656019
0.575297 0.0411062 0.197568 0.169597 0.0164324
0.671312 9.9991E-005 0.163 0.0942463 0.0713417
0.582255 0.0867755 9.9991E-005 0.225762 0.105107
0.0286295 9.9991E-005 0.675159 0.215145 0.0809658
0.206354 0.0119776 0.431017 0.23685 0.113802
0.206733 0.0358234 0.231592 0.484196 0.0416555
0.637604 0.0169538 9.9982E-005 0.345242 9.9982E-005
0.490422 9.9991E-005 0.120164 0.262756 0.126558
0.134885 9.9991E-005 0.54265 0.106282 0.216084
0.429347 0.109062 9.9991E-005 0.390042 0.0714496
0.34592 9.9982E-005 9.9982E-005 0.315732 0.338148
0.572616 0.0455263 0.08951 0.248294 0.044054
0.495678 0.0684667 0.0698305 0.365925 9.9991E-005
0.430926 9.9973E-005 9.9973E-005 0.568774 9.9973E-005
0.0418769 9.9991E-005 0.510913 0.317335 0.129776
0.732329 0.0525063 9.9991E-005 0.191543 0.0235211
0.364485 0.0682496 0.397207 9.9991E-005 0.169958
0.448408 9.9982E-005 9.9982E-005 0.265779 0.285613
0.0972418 9.9982E-005 0.874296 0.0282624 9.9982E-005
0.35537 0.00525964 0.424219 0.215052 9.9991E-005
0.652223 9.9982E-005 9.9982E-005 0.152393 0.195184
0.714614 9.9982E-005 9.9982E-005 0.17177 0.113416
0.628464 0.0111019 0.159987 0.200347 9.9991E-005
0.218627 9.9982E-005 0.291601 0.489572 9.9982E-005
0.640875 0.0031763 0.327375 0.0284736 9.9991E-005
9.9982E-005 0.0515213 0.808117 0.140162 9.9982E-005
9.9973E-005 9.9973E-005 0.839878 0.159822 9.9973E-005
0.665376 0.111176 0.0277357 0.195612 9.9991E-005
9.9973E-005 9.9973E-005 0.906376 0.093324 9.9973E-005
0.478548 9.9991E-005 0.0197195 0.343545 0.158087
9.9982E-005 9.9982E-005 0.885227 0.00990594 0.104667
0.683802 9.9982E-005 9.9982E-005 0.138315 0.177683
0.309844 9.9991E-005 0.107304 0.426008 0.156744
0.58358 0.00299055 9.9991E-005 0.275646 0.137683
9.9973E-005 9.9973E-005 0.738633 0.261067 9.9973E-005
0.324767 9.9982E-005 9.9982E-005 0.349941 0.325092
0.517608 9.9991E-005 0.054668 0.259252 0.168372
0.315649 0.053408 0.324929 0.239812 0.0662014
0.462073 9.9982E-005 9.9982E-005 0.324164 0.213562
0.462878 0.032113 0.0494081 0.328717 0.126883
0.379369 9.9991E-005 0.348384 0.141867 0.130281
0.694498 9.9991E-005 0.00570367 0.187557 0.112141
0.300847 9.9991E-005 0.125076 0.47137 0.102607
0.30537 0.0731821 0.116703 0.504645 9.9991E-005
0.649753 0.123449 9.9991E-005 0.175138 0.0515605
0.338063 9.9982E-005 9.9982E-005 0.351331 0.310406
0.566216 0.0873904 9.9982E-005 0.346193 9.9982E-005
0.523714 9.9991E-005 0.0799849 0.297718 0.0984826
0.710824 9.9982E-005 9.9982E-005 0.119413 0.169564
0.614975 9.9982E-005 9.9982E-005 0.317058 0.0677671
0.208643 9.9991E-005 0.0521053 0.484028 0.255124
0.379779 9.9982E-005 0.30688 0.313141 9.9982E-005
0.330252 0.0788032 0.20736 0.383485 9.9991E-005
0.0411372 9.9982E-005 0.872907 0.0857558 9.9982E-005
0.39842 0.0681756 0.284839 0.212803 0.0357621
0.158771 0.144246 0.00781512 0.681954 0.00721454
0.145383 9.9982E-005 0.520299 0.334118 9.9982E-005
0.702135 9.9991E-005 0.0613778 0.197318 0.0390694
0.689564 9.9973E-005 0.310136 9.9973E-005 9.9973E-005
0.14868 9.9982E-005 0.529571 0.321549 9.9982E-005
9.9982E-005 9.9982E-005 0.893005 0.0481157 0.0586794
0.540629 0.0138002 0.102065 0.228051 0.115455
0.2811 0.0220764 0.0370711 0.620308 0.0394438
0.412071 9.9991E-005 0.0451559 0.392605 0.150069
0.710734 9.9991E-005 0.246982 0.0154989 0.0266851
0.106806 9.9991E-005 0.394728 0.454823 0.0435432
0.770462 9.9991E-005 0.0692775 0.0553647 0.104796
0.534848 0.0768646 9.9991E-005 0.308028 0.0801595
0.660771 9.9982E-005 9.9982E-005 0.183059 0.15597
0.62605 0.0904463 9.9991E-005 0.277533 0.00587108
9.9982E-005 9.9982E-005 0.721428 0.189745 0.0886279
0.109933 0.0183806 0.48653 0.243512 0.141644
0.610543 9.9991E-005 0.0369687 0.300265 0.0521228
0.614921 9.9982E-005 9.9982E-005 0.294729 0.0901491
0.695826 9.9982E-005 9.9982E-005 0.196164 0.10781
0.176179 9.9982E-005 0.504696 0.318924 9.9982E-005
9.997E-005 9.997E-005 0.9996 9.997E-005 9.997E-005
0.338097 0.0358482 0.433197 0.192758 9.9991E-005
0.768616 0.101255 0.0154943 0.114535 9.9991E-005
0.541026 9.9991E-005 0.143216 0.159912 0.155746
0.763108 9.9973E-005 9.9973E-005 9.9973E-005 0.236592
0.700828 9.9982E-005 9.9982E-005 0.275482 0.0234907
9.9973E-005 0.0215998 0.9781 9.9973E-005 9.9973E-005
0.814853 0.010709 0.00410508 0.0346333 0.1357
0.590283 0.0797614 9.9982E-005 0.329756 9.9982E-005
0.7149 9.9991E-005 0.0850829 0.181843 0.018074
0.202138 9.9982E-005 0.673936 0.123726 9.9982E-005
0.644366 0.0754116 9.9982E-005 0.280023 9.9982E-005
0.677697 0.116308 0.0518869 0.154008 9.9991E-005
0.773389 0.0514764 9.9991E-005 0.0625883 0.112447
0.503823 9.9991E-005 0.030387 0.21292 0.25277
0.13195 9.9991E-005 0.646959 0.0983139 0.122677
9.9982E-005 0.0199012 0.907625 0.0722734 9.9982E-005
0.295381 0.0423634 9.9991E-005 0.576663 0.085492
0.454813 0.0431008 9.9991E-005 0.233378 0.268608
0.61959 0.00371989 0.0121445 0.237327 0.127219
0.375294 0.0218405 9.9991E-005 0.404897 0.197868
0.347994 9.9982E-005 0.430532 0.221274 9.9982E-005
0.439782 0.248012 0.0347554 0.259453 0.0179982
0.62831 9.9991E-005 0.186667 0.106583 0.0783395
9.997E-005 9.997E-005 9.997E-005 0.9996 9.997E-005
0.305371 0.0010873 0.509512 0.17503 0.00900045
0.509591 9.9991E-005 0.279691 0.158266 0.0523518
9.997E-005 9.997E-005 9.997E-005 0.9996 9.997E-005
0.113185 9.9991E-005 0.558518 0.218018 0.11018
0.692978 9.9982E-005 0.176889 0.129933 9.9982E-005
0.194443 9.9991E-005 0.34811 0.239717 0.21763
0.44871 9.9991E-005 0.232536 0.20443 0.114224
0.122436 0.0711256 0.136634 0.627829 0.0419751
0.0239307 0.0819304 0.695211 0.198828 9.9991E-005
0.503625 9.9991E-005 0.305353 0.0424583 0.148464
0.238607 9.9991E-005 0.181363 0.532995 0.0469344
0.504954 9.9982E-005 9.9982E-005 0.276825 0.218021
0.653602 9.9982E-005 9.9982E-005 0.0150081 0.33119
0.331206 0.157069 9.9991E-005 0.382934 0.128691
0.530067 9.9991E-005 0.0355028 0.364361 0.0699689
0.597631 0.0848011 0.294861 0.0226066 9.9991E-005
0.137884 9.9982E-005 0.815573 9.9982E-005 0.0463427
0.310729 0.10295 0.358095 0.172614 0.0556125
0.294748 0.0478499 9.9991E-005 0.480424 0.176879
0.441315 0.0978149 9.9991E-005 0.367477 0.0932928
9.9973E-005 9.9973E-005 0.869173 0.130527 9.9973E-005
0.548664 0.14112 9.9991E-005 0.237045 0.0730716
0.502842 9.9982E-005 9.9982E-005 0.299556 0.197402
0.535395 9.9991E-005 0.17864 0.190687 0.0951772
0.472346 0.0737642 9.9991E-005 0.407275 0.0465147
0.277817 9.9991E-005 0.17482 0.389388 0.157875
0.22703 9.9991E-005 0.0577196 0.542073 0.173078
0.350734 9.9991E-005 0.0319734 0.350265 0.266927
0.663978 0.0107358 9.9991E-005 0.245472 0.0797147
0.812501 0.00226361 9.9991E-005 0.0970741 0.0880616
0.30133 9.9991E-005 0.190645 0.349333 0.158592
0.115622 9.9991E-005 0.428687 0.443216 0.0123755
0.389704 9.9991E-005 0.268097 0.281975 0.0601243
0.265067 0.13201 9.9982E-005 0.602723 9.9982E-005
0.292067 0.00994336 0.140453 0.376368 0.181169
0.633861 9.9982E-005 0.108203 0.257735 9.9982E-005
9.997E-005 9.997E-005 0.9996 9.997E-005 9.997E-005
0.210215 0.0671203 0.00286356 0.719701 9.9991E-005
0.248165 9.9982E-005 0.278142 0.473493 9.9982E-005
0.314358 0.115413 0.00260424 0.48854 0.0790858
0.35894 9.9991E-005 0.202629 0.412017 0.0263133
0.189228 0.0346863 0.579028 0.132412 0.0646466
0.440794 0.0100072 0.442936 0.0825156 0.0237467
0.410077 9.9982E-005 0.569354 9.9982E-005 0.020369
0.690412 9.9973E-005 9.9973E-005 0.309288 9.9973E-005
9.9982E-005 0.0327987 0.796291 0.17071 9.9982E-005
0.334565 0.0242278 0.417671 0.209313 0.0142228
0.482701 0.00822385 9.9991E-005 0.214784 0.294191
9.997E-005 9.997E-005 0.9996 9.997E-005 9.997E-005
0.0104296 9.9982E-005 0.447407 0.541963 9.9982E-005
0.402881 9.9991E-005 0.045889 0.429266 0.121864
0.282713 9.9991E-005 0.442639 0.244854 0.0296941
0.667999 9.9982E-005 0.117027 0.214774 9.9982E-005
0.633324 0.119672 9.9982E-005 0.246804 9.9982E-005
0.344583 0.0653672 0.306305 0.170276 0.113469
0.771042 9.9973E-005 9.9973E-005 0.228658 9.9973E-005
0.782042 9.9973E-005 9.9973E-005 0.217659 9.9973E-005
0.472746 0.0979971 9.9982E-005 0.429057 9.9982E-005
0.127408 9.9991E-005 0.212103 0.462192 0.198196
0.597619 9.9991E-005 0.278472 0.0603746 0.0634347
0.543489 0.0954796 9.9991E-005 0.193648 0.167283
0.539542 0.0396111 0.142586 0.270835 0.00742599
0.298397 0.0814397 9.9991E-005 0.415406 0.204658
0.407131 0.0553449 9.9991E-005 0.487021 0.0504028
0.290131 9.9991E-005 0.270682 0.359162 0.079925
0.611863 0.013993 9.9991E-005 0.301529 0.0725153
0.429744 0.114063 0.0315576 0.375689 0.0489459
0.376346 0.207946 9.9991E-005 0.352359 0.0632502
0.471158 0.26057 9.9991E-005 0.0391247 0.229048
0.247287 0.001826 0.228331 0.293375 0.229181
0.79162 0.00167186 9.9982E-005 9.9982E-005 0.206508
0.238292 0.00187516 0.19686 0.562873 9.9991E-005
0.557322 9.9982E-005 9.9982E-005 0.354726 0.0877521
0.783473 0.00678225 9.9991E-005 0.0286312 0.181013
0.622916 0.104802 0.000349158 0.218459 0.053474
0.368393 9.9991E-005 0.381913 0.0917517 0.157842
0.337122 0.0229075 0.462621 0.177249 9.9991E-005
0.952617 9.9982E-005 9.9982E-005 0.0314738 0.0157091
0.676878 0.113214 9.9991E-005 0.123089 0.0867182
0.663231 9.9982E-005 9.9982E-005 0.2325 0.104069
0.491259 0.0411833 9.9991E-005 0.409908 0.0575494
0.272081 9.9982E-005 0.261049 0.46667 9.9982E-005
0.202664 9.9991E-005 0.134439 0.610255 0.052542
0.407942 0.0741273 9.9991E-005 0.228901 0.28893
9.9982E-005 9.9982E-005 0.509846 0.312591 0.177363
0.629161 9.9991E-005 0.205546 0.055189 0.110004
0.221549 0.0792159 0.0798736 0.569714 0.0496472
9.9973E-005 9.9973E-005 0.776159 0.223541 9.9973E-005
0.304028 0.0941978 9.9991E-005 0.526536 0.0751381
0.545488 9.9982E-005 9.9982E-005 0.420305 0.034007
0.776627 0.00840776 0.0407677 0.174097 9.9991E-005
0.61501 9.9982E-005 9.9982E-005 0.184107 0.200683
0.42493 0.141752 9.9991E-005 0.347116 0.0861021
0.510753 9.9991E-005 0.000476611 0.383938 0.104732
0.71616 9.9982E-005 9.9982E-005 0.189995 0.0936453
0.753673 9.9982E-005 9.9982E-005 0.195347 0.0507795
0.318104 9.9991E-005 0.182002 0.388594 0.1112
0.573993 9.9982E-005 9.9982E-005 0.266471 0.159336
0.573817 9.9982E-005 9.9982E-005 0.35006 0.0759226
0.0830139 9.9982E-005 0.0707286 0.846058 9.9982E-005
0.51371 9.9982E-005 9.9982E-005 0.378024 0.108066
0.655806 9.9982E-005 9.9982E-005 0.28724 0.0567536
0.485384 9.9991E-005 0.374232 0.116559 0.0237256
0.336979 9.9991E-005 0.282471 0.363884 0.0165659
0.803615 0.00210793 0.00959155 0.184585 9.9991E-005
0.264385 9.9982E-005 0.612767 9.9982E-005 0.122648
0.551403 0.0265761 9.9982E-005 0.42182 9.9982E-005
0.405212 9.9982E-005 0.321603 0.272985 9.9982E-005
0.737295 0.13055 0.0404768 0.0503406 0.0413371
0.0114578 9.9991E-005 0.118498 0.713655 0.156289
0.273982 0.212438 0.301957 0.211523 9.9991E-005
0.173179 9.9991E-005 0.467142 0.305527 0.0540523
0.611012 0.0398464 0.0212417 0.3278 9.9991E-005
0.606886 9.9982E-005 9.9982E-005 0.334269 0.0586444
0.397461 9.9982E-005 0.326603 0.275736 9.9982E-005
0.547938 9.9991E-005 0.0129296 0.261412 0.17762
0.741385 0.143673 0.0513804 0.0634617 9.9991E-005
9.9973E-005 9.9973E-005 0.851572 9.9973E-005 0.148128
0.61074 9.9991E-005 0.0176227 0.202721 0.168817
0.609069 0.0124684 9.9982E-005 0.378263 9.9982E-005
0.776429 9.9991E-005 0.0802831 0.0621656 0.0810226
0.521844 9.9991E-005 0.00990896 0.33973 0.128417
0.711102 9.9991E-005 0.0653098 0.11777 0.105718
0.739961 9.9982E-005 9.9982E-005 0.209022 0.0508176
0.598899 0.11794 0.0511138 0.206121 0.0259258
0.590093 9.9991E-005 0.0585385 0.262153 0.0891153
0.0872914 9.9991E-005 0.534362 0.191555 0.186692
0.510242 0.0547244 9.9982E-005 0.434834 9.9982E-005
0.730859 9.9982E-005 9.9982E-005 0.109171 0.15977
0.246937 0.0459949 0.138587 0.541223 0.0272586
0.254797 9.9991E-005 0.459589 0.201049 0.0844656
0.660418 0.0513331 9.9991E-005 0.0949556 0.193193
0.558676 9.9982E-005 0.262508 0.178616 9.9982E-005
0.745553 9.9982E-005 9.9982E-005 0.0906228 0.163624
0.34215 0.0117462 0.313064 0.33294 9.9991E-005
0.457058 0.106768 0.101016 0.319988 0.0151709
0.155786 9.9991E-005 0.427309 0.315329 0.101476
0.667208 9.9982E-005 0.251969 9.9982E-005 0.0806231
0.419181 0.0511936 0.00700647 0.359643 0.162976
0.557958 9.9991E-005 0.244828 0.117034 0.0800802
0.402461 9.9982E-005 9.9982E-005 0.410546 0.186793
0.660729 0.0231659 0.0642682 0.233716 0.0181211
0.2973 9.9982E-005 9.9982E-005 0.552536 0.149964
0.276592 9.9991E-005 0.236325 0.410821 0.076162
0.430573 0.0410476 0.0290388 0.499241 9.9991E-005
0.456406 9.9982E-005 9.9982E-005 0.313312 0.230082
0.742851 0.106647 9.9991E-005 0.129091 0.0213103
0.181821 0.118652 0.590894 0.0508096 0.0578226
9.9982E-005 0.0579504 0.938925 9.9982E-005 0.00292465
0.505369 0.0588968 0.0786885 0.287757 0.0692883
0.49605 0.0300105 0.125924 0.167452 0.180564
0.232977 0.0678992 0.154166 0.426336 0.118623
0.407513 9.9991E-005 0.176588 0.380118 0.0356811
0.394099 0.070861 0.237726 0.274003 0.023311
0.475884 9.9991E-005 0.0812743 0.139512 0.303229
0.397541 0.04782 9.9991E-005 0.415303 0.139237
0.512586 0.112502 0.0423491 0.217836 0.114728
0.618822 0.0977475 9.9982E-005 0.283231 9.9982E-005
0.782987 0.216713 9.9973E-005 9.9973E-005 9.9973E-005
0.820817 0.0321034 9.9982E-005 0.14688 9.9982E-005
0.636584 9.9982E-005 9.9982E-005 0.340224 0.0229919
0.283245 0.0157236 9.9991E-005 0.631245 0.0696864
0.574565 0.168831 9.9991E-005 0.254915 0.00158915
0.529213 9.9991E-005 0.0703971 0.216918 0.183373
0.437872 0.118901 9.9991E-005 0.408911 0.0342164
0.58947 0.0870122 0.0296985 0.293719 9.9991E-005
0.595734 9.9991E-005 0.143432 0.0529734 0.207761
0.214567 0.012038 0.60319 9.9991E-005 0.170106
0.235154 9.9991E-005 0.415051 0.212201 0.137493
0.132516 0.00950031 0.857784 9.9982E-005 9.9982E-005
0.707845 9.9982E-005 9.9982E-005 0.282359 0.00959597
0.149954 9.9991E-005 0.745591 0.0343169 0.0700377
9.9982E-005 0.0872159 0.696853 0.215731 9.9982E-005
0.346909 9.9982E-005 9.9982E-005 0.428184 0.224707
0.499077 0.104379 0.0326981 0.203971 0.159875
0.576635 9.9991E-005 0.036652 0.12455 0.262064
0.106227 9.9991E-005 0.749764 0.0222546 0.121655
0.705019 0.0057852 9.9982E-005 0.288996 9.9982E-005
0.125328 9.9991E-005 0.409441 0.341108 0.124023
0.524814 9.9982E-005 9.9982E-005 0.350362 0.124624
0.03881 9.9982E-005 0.816536 0.144454 9.9982E-005
0.286196 0.0905272 0.139294 0.376545 0.107438
0.756802 0.0334969 0.0918202 0.117781 9.9991E-005
0.879877 9.9991E-005 0.0191651 0.0511964 0.0496614
0.554392 0.0153469 9.9991E-005 0.401356 0.0288056
0.21644 9.9982E-005 0.744984 9.9982E-005 0.0383759
0.408611 9.9991E-005 0.201706 0.341659 0.0479233
0.207346 0.228438 0.381649 0.182467 9.9991E-005
0.456663 0.0557072 9.9991E-005 0.305952 0.181578
0.0802158 0.0654936 0.734779 0.0901484 0.0293628
0.302619 0.19258 0.089213 0.274689 0.140899
0.220433 0.0811892 0.308491 0.389787 9.9991E-005
0.638469 0.132736 0.00303396 0.198073 0.0276871
0.272604 9.9991E-005 0.182582 0.461307 0.0834074
0.311392 9.9982E-005 0.574742 9.9982E-005 0.113666
0.548671 9.9982E-005 9.9982E-005 0.235918 0.215211
0.496343 9.9982E-005 9.9982E-005 0.31058 0.192877
0.464182 9.9982E-005 9.9982E-005 0.300634 0.234984
0.747908 0.104865 0.0274994 0.0212059 0.0985218
0.122936 9.9982E-005 0.414999 0.461866 9.9982E-005
0.571102 0.0820198 9.9982E-005 0.346678 9.9982E-005
0.782393 9.9982E-005 9.9982E-005 0.112717 0.10469
0.663067 9.9991E-005 0.00526 0.203987 0.127586
0.177404 9.9991E-005 0.511101 0.220783 0.0906126
0.288405 9.9991E-005 0.217657 0.384497 0.109341
0.738082 0.0368394 0.00732558 0.0840896 0.133664
9.9982E-005 9.9982E-005 0.0576568 0.673857 0.268286
0.358682 9.9991E-005 0.187946 0.317945 0.135328
0.37544 9.9982E-005 9.9982E-005 0.426201 0.198159
0.104676 0.0173478 0.318288 0.447976 0.111712
0.198176 0.0644468 0.00313655 0.734141 9.9991E-005
0.289828 0.0370081 0.413925 0.226724 0.0325147
0.906451 0.00913025 9.9991E-005 0.0200793 0.0642397
0.735868 0.0277576 9.9991E-005 0.191398 0.0448768
0.703282 0.0464655 0.00208484 0.248068 9.9991E-005
0.708677 9.9982E-005 9.9982E-005 0.100772 0.190351
0.469689 0.136803 9.9991E-005 0.280337 0.113071
0.552901 9.9982E-005 9.9982E-005 0.316094 0.130805
0.321566 9.9982E-005 0.272206 0.406028 9.9982E-005
0.333342 9.9991E-005 0.0251341 0.625986 0.0154378
0.767818 9.9982E-005 9.9982E-005 0.172804 0.059178
0.792716 9.9991E-005 0.0606596 0.0895606 0.0569638
0.292781 9.9991E-005 0.0323364 0.607861 0.0669212
0.100411 0.178059 0.336641 0.384789 9.9991E-005
0.440188 0.0625574 9.9991E-005 0.260906 0.236249
0.556663 0.0672521 9.9991E-005 0.14874 0.227245
0.0278476 9.9982E-005 0.760552 0.2114 9.9982E-005
0.301877 0.0329745 0.612997 0.0520507 9.9991E-005
0.57133 9.9982E-005 9.9982E-005 0.276055 0.152415
0.411893 0.37079 0.0204711 0.0333912 0.163455
9.9991E-005 0.33373 0.02871 0.124854 0.512606
0.265625 0.30445 0.0240855 0.0552784 0.350561
0.693208 0.176561 9.9991E-005 0.0710874 0.0590436
0.229738 0.412132 9.9982E-005 9.9982E-005 0.35793
0.14695 0.52305 0.0194685 0.0420599 0.268472
0.186034 0.632004 0.043059 0.138803 9.9991E-005
0.169639 0.417191 0.0178501 9.9991E-005 0.395221
0.229145 0.389449 0.0432525 9.9991E-005 0.338054
0.307043 0.214556 9.9991E-005 0.180783 0.297517
0.395596 0.207349 9.9991E-005 0.221017 0.175939
0.233176 0.407903 0.00288117 0.103055 0.252985
0.561384 0.235622 0.0236628 0.0889028 0.0904287
0.160808 0.242211 0.00180305 0.141401 0.453777
0.22685 0.36915 0.00556142 9.9991E-005 0.398338
9.9991E-005 0.507563 0.0774064 0.145199 0.269731
0.347635 0.40293 9.9991E-005 0.0727508 0.176584
0.163104 0.259736 9.9991E-005 0.342993 0.234067
9.9982E-005 0.0186621 0.822629 9.9982E-005 0.158509
0.346434 0.358315 9.9991E-005 0.241937 0.0532141
0.255034 0.337822 0.0119428 0.128442 0.266759
0.527949 0.118714 0.154417 0.160465 0.0384555
0.00926986 0.634854 9.9982E-005 9.9982E-005 0.355676
9.9982E-005 0.444432 9.9982E-005 0.302036 0.253332
0.23826 0.202237 9.9982E-005 0.559302 9.9982E-005
0.32104 0.412756 0.0208747 9.9991E-005 0.245228
0.32748 0.330865 0.00736032 0.0192346 0.315059
0.320706 0.289222 9.9991E-005 0.0432777 0.346694
0.167269 0.562472 0.0540822 0.0292787 0.186898
9.9991E-005 0.444742 0.0177057 0.145817 0.391635
0.00761435 0.502484 9.9991E-005 0.0791032 0.410698
9.997E-005 9.997E-005 9.997E-005 9.997E-005 0.9996
0.267587 0.322452 0.049426 9.9991E-005 0.360435
0.252176 0.437569 9.9991E-005 0.0612988 0.248857
0.130921 0.644514 0.133771 0.00745276 0.0833422
0.151661 0.562781 0.0136123 0.123309 0.148637
0.146587 0.493012 0.083399 0.0730285 0.203974
0.526348 9.9982E-005 9.9982E-005 0.180199 0.293254
0.142469 0.503309 9.9991E-005 0.0210558 0.333067
0.195541 0.401226 0.0331863 9.9991E-005 0.369947
0.318855 0.472737 0.0214466 0.033628 0.153333
0.236513 0.449254 9.9991E-005 0.206358 0.107775
9.997E-005 9.997E-005 9.997E-005 9.997E-005 0.9996
0.537958 0.0509394 9.9991E-005 0.26617 0.144833
0.292722 0.352105 9.9982E-005 9.9982E-005 0.354973
0.237183 0.14926 0.270386 0.34307 9.9991E-005
0.29957 0.00571504 9.9991E-005 0.319489 0.375126
0.522274 0.19566 0.0193799 0.262586 9.9991E-005
0.27837 0.563812 0.0300978 0.01664 0.11108
0.265475 0.380444 0.0469198 0.0215221 0.28564
0.101817 0.575283 0.00795315 9.9991E-005 0.314847
0.308725 0.433359 9.9991E-005 0.0900473 0.167769
0.244411 0.381977 0.0390841 0.139342 0.195186
0.286987 0.517058 0.0337662 9.9991E-005 0.162089
0.345878 0.399074 9.9991E-005 0.113797 0.141151
0.0827107 0.534243 9.9991E-005 0.0121119 0.370834
0.326088 0.412786 9.9991E-005 0.0287107 0.232316
0.0793811 9.9991E-005 0.0380669 0.0304527 0.851999
0.200625 0.631748 9.9982E-005 9.9982E-005 0.167427
0.214944 0.572581 9.9982E-005 9.9982E-005 0.212275
0.132134 0.398819 0.0403438 9.9991E-005 0.428603
0.0999462 0.491164 9.9991E-005 0.191854 0.216936
0.602057 0.195011 9.9991E-005 0.185526 0.0173063
0.117145 0.387889 9.9991E-005 0.11312 0.381746
0.517547 0.118839 0.241115 0.122399 9.9991E-005
0.307284 0.456163 0.0423586 9.9991E-005 0.194095
0.0655736 0.559335 0.0987616 0.0451506 0.23118
0.408825 0.0408735 0.0262277 0.472436 0.0516377
0.186851 0.412043 0.0931885 9.9991E-005 0.307817
0.132432 0.453765 9.9991E-005 0.273895 0.139808
9.9973E-005 0.0888477 9.9973E-005 9.9973E-005 0.910852
0.187773 0.57113 9.9991E-005 0.152212 0.0887851
0.222191 0.317422 9.9991E-005 0.225826 0.234462
0.202155 0.528945 0.00670967 0.0401141 0.222076
0.181197 0.549301 0.032244 0.0218048 0.215453
0.361282 0.431986 9.9982E-005 9.9982E-005 0.206532
0.522147 0.218607 9.9991E-005 0.11232 0.146825
0.0930375 0.388765 9.9991E-005 0.372441 0.145656
0.273696 0.373553 0.0353079 0.145548 0.171895
9.9973E-005 9.9973E-005 0.878197 9.9973E-005 0.121503
0.351982 0.508376 0.00957184 9.9991E-005 0.12997
0.546188 0.121858 0.106241 0.225613 9.9991E-005
9.9982E-005 0.528242 9.9982E-005 0.217734 0.253823
0.351242 0.386725 0.0739337 0.0270568 0.161043
0.414494 0.316998 9.9991E-005 0.0902855 0.178123
0.652803 0.0486823 9.9991E-005 0.0947903 0.203625
0.218527 0.3056 9.9991E-005 0.146 0.329773
0.282668 0.46107 9.9982E-005 9.9982E-005 0.256062
0.210845 0.477838 9.9991E-005 0.149791 0.161426
0.124625 0.283241 0.0227854 0.00889245 0.560456
0.411184 0.0306869 0.00591263 0.313806 0.23841
0.056277 0.397689 9.9991E-005 0.260499 0.285435
0.347794 0.474189 0.0172318 0.061512 0.0992732
0.222474 0.36254 9.9991E-005 0.157944 0.256942
0.745377 0.0565659 0.0584931 0.139464 9.9991E-005
0.0589717 0.432346 9.9991E-005 0.232824 0.275759
0.175983 0.446121 9.9991E-005 0.132874 0.244923
0.137863 0.209781 9.9991E-005 0.0748568 0.577399
0.27538 0.322971 9.9991E-005 0.015705 0.385844
0.364308 9.9973E-005 9.9973E-005 0.635392 9.9973E-005
9.9973E-005 9.9973E-005 0.924449 9.9973E-005 0.0752507
0.202935 0.442913 9.9991E-005 0.0818786 0.272173
0.445285 0.229191 9.9982E-005 9.9982E-005 0.325325
0.249798 0.344705 9.9991E-005 0.125419 0.279979
0.130401 0.437665 9.9991E-005 0.152662 0.279172
0.205048 0.602693 0.0352338 9.9991E-005 0.156926
0.293463 0.452084 9.9982E-005 9.9982E-005 0.254253
0.113419 0.550797 0.0238846 0.0456809 0.266219
0.144836 0.572292 0.0316534 0.0107677 0.240451
0.205858 0.53873 0.0777338 9.9991E-005 0.177577
0.304468 0.287221 9.9991E-005 0.132981 0.27523
0.478867 0.055782 9.9991E-005 0.334018 0.131234
0.165993 0.516329 9.9982E-005 9.9982E-005 0.317477
0.296044 0.314472 9.9991E-005 0.00548849 0.383896
0.627305 9.9982E-005 9.9982E-005 0.153931 0.218565
0.122056 0.421403 0.00200422 0.0697813 0.384755
0.423684 9.9982E-005 9.9982E-005 0.507151 0.0689658
0.188678 0.279079 0.0210716 0.125744 0.385428
0.248063 0.470081 0.0313324 9.9991E-005 0.250424
0.402523 0.224938 9.9982E-005 0.372339 9.9982E-005
0.147213 0.530679 9.9991E-005 0.129622 0.192386
0.229146 0.388766 0.00899478 0.36405 0.00904336
0.14858 0.184913 0.0237951 9.9991E-005 0.642612
9.9973E-005 9.9973E-005 0.606047 9.9973E-005 0.393653
0.255118 0.43408 0.0330185 9.9991E-005 0.277683
0.231048 0.40156 9.9991E-005 0.0574267 0.309866
0.184675 0.640031 9.9991E-005 0.0505855 0.124609
0.251867 0.487207 9.9991E-005 0.145369 0.115457
0.123624 0.410273 9.9982E-005 9.9982E-005 0.465903
0.0189341 0.414764 9.9991E-005 0.11623 0.449972
0.148152 0.208518 9.9991E-005 0.225153 0.418076
0.717511 9.9982E-005 9.9982E-005 0.201915 0.0803741
0.0342768 0.383609 0.0512864 0.239261 0.291566
0.1377 0.60696 9.9991E-005 0.0199609 0.235279
9.9991E-005 0.569274 0.0479745 0.00220299 0.380449
0.141289 0.474411 0.00321516 0.118212 0.262873
0.170391 0.328141 0.0645152 9.9991E-005 0.436852
0.374922 0.36543 0.028254 0.0593708 0.172024
0.551632 0.174119 9.9991E-005 0.00177866 0.27237
0.00216312 0.262688 0.0502718 0.423125 0.261752
0.302405 0.347698 9.9991E-005 0.0826219 0.267175
9.9982E-005 0.614262 9.9982E-005 0.33966 0.0458785
0.644364 9.9991E-005 0.0232544 0.331136 0.00114576
0.517805 0.18371 0.00662531 9.9991E-005 0.291759
9.9982E-005 0.582613 9.9982E-005 0.270024 0.147163
0.110451 0.583347 9.9991E-005 0.0875119 0.218591
0.229006 0.292644 0.0259992 0.0742479 0.378103
9.9982E-005 0.481052 9.9982E-005 0.119801 0.398947
0.115322 0.340689 9.9991E-005 0.226265 0.317624
0.679034 9.9991E-005 0.014183 0.274782 0.0319012
0.479168 9.9991E-005 0.0856342 0.153861 0.281237
0.302743 0.394023 0.075371 0.0156019 0.212261
0.0393514 0.412694 9.9991E-005 0.21388 0.333975
0.322253 0.372135 0.000907629 0.000714666 0.30399
0.350713 0.139181 0.0138429 0.131905 0.364358
0.0187146 0.510038 0.0299025 0.0821038 0.359241
0.0272459 0.599772 0.0184521 0.129637 0.224893
0.114693 0.184056 0.292598 0.408553 9.9991E-005
0.372326 0.359462 0.000807586 9.9991E-005 0.267305
0.268344 0.285274 0.00773452 0.103618 0.335029
0.171398 0.213948 0.356922 0.247206 0.0105261
0.441839 0.0658478 0.267363 0.22485 9.9991E-005
0.186406 0.481441 9.9991E-005 0.0417 0.290353
0.233774 0.242865 0.0809061 0.107281 0.335174
0.0812646 0.373306 9.9982E-005 9.9982E-005 0.54523
0.786884 0.0937968 9.9991E-005 0.0541728 0.0650468
0.14752 0.427642 9.9991E-005 0.147233 0.277505
0.296156 0.328872 0.00135048 9.9991E-005 0.373521
0.270721 0.119599 0.255495 0.354085 9.9991E-005
0.161885 0.390774 0.0194974 0.0341498 0.393694
0.244604 0.452623 9.9982E-005 9.9982E-005 0.302574
0.1626 0.317744 0.00922479 0.125212 0.38522
0.183054 0.491132 0.00840651 0.241481 0.0759266
0.251848 0.577716 0.0031178 9.9991E-005 0.167218
0.154878 0.407267 9.9991E-005 0.0990773 0.338677
0.137563 0.414738 0.0455572 0.110541 0.2916
0.379847 0.259714 0.0006654 9.9991E-005 0.359673
0.0740256 0.45808 0.00881141 0.112765 0.346318
0.221673 0.425869 9.9991E-005 0.113896 0.238463
9.9991E-005 0.0486419 0.655936 0.259209 0.0361127
0.00528212 0.509495 9.9991E-005 0.118195 0.366928
0.20253 0.585954 0.00379831 9.9991E-005 0.207617
0.262365 0.234847 9.9991E-005 0.415003 0.0876857
9.9982E-005 0.612 9.9982E-005 0.0620654 0.325735
0.205923 0.426829 9.9991E-005 0.110884 0.256263
0.0889417 0.369864 9.9991E-005 0.126266 0.414829
0.316987 0.118359 0.0492753 0.286265 0.229113
0.145283 0.388934 9.9991E-005 0.106998 0.358685
0.118292 0.49309 0.0213162 0.0188343 0.348467
0.0943875 0.40612 0.0145218 0.155562 0.329409
0.0944256 0.496856 9.9991E-005 0.187501 0.221117
0.32923 0.433461 0.0501159 0.107109 0.0800844
9.9973E-005 0.0224256 0.977274 9.9973E-005 9.9973E-005
0.205244 0.318254 9.9991E-005 0.0728927 0.40351
0.390089 0.292986 9.9991E-005 0.0428043 0.274021
0.315637 0.401862 9.9991E-005 0.0905931 0.191808
0.107456 0.515007 9.9991E-005 0.116317 0.261119
0.0486889 0.499677 0.00356213 0.0882502 0.359822
0.110342 0.471371 0.037598 0.109221 0.271468
9.9982E-005 9.9982E-005 0.567438 0.362862 0.0695001
0.130395 0.568973 9.9991E-005 0.0788097 0.221722
0.169437 0.480164 9.9991E-005 0.173344 0.176955
0.45418 0.346282 9.9982E-005 9.9982E-005 0.199338
0.126774 0.466259 9.9991E-005 0.191671 0.215195
9.9982E-005 0.241771 9.9982E-005 0.309469 0.44856
0.132743 0.461298 0.015305 0.0631326 0.327521
0.263562 0.373119 9.9991E-005 0.0696752 0.293544
0.219506 0.363083 0.00584365 9.9991E-005 0.411468
0.051716 0.434875 9.9991E-005 0.265213 0.248096
0.260469 0.336073 0.0360178 0.0208948 0.346546
0.11612 0.415539 0.000946742 0.0711088 0.396286
0.485716 0.390013 9.9991E-005 0.0162386 0.107932
0.442996 0.400781 9.9982E-005 9.9982E-005 0.156023
0.229143 0.480914 0.0473139 9.9991E-005 0.242529
0.389616 0.443158 9.9982E-005 9.9982E-005 0.167026
0.260786 0.258864 0.069463 0.10424 0.306647
0.222861 0.428422 9.9991E-005 0.139173 0.209444
0.0776403 0.558398 0.0779881 9.9991E-005 0.285873
0.179814 0.336879 0.0430912 0.0716665 0.368549
0.23859 0.298469 0.00368608 0.0544763 0.404778
0.356505 0.242371 0.0152441 0.140125 0.245755
0.091299 0.433967 9.9982E-005 9.9982E-005 0.474534
0.388233 0.174737 9.9991E-005 0.146381 0.290549
0.477329 0.472219 9.9982E-005 9.9982E-005 0.0502515
0.0419825 0.0393491 0.918468 9.9982E-005 9.9982E-005
0.235393 0.0116854 0.356607 0.287679 0.108637
0.273989 0.144749 0.174708 0.376259 0.0302955
9.9982E-005 0.0151661 0.487431 0.497202 9.9982E-005
0.358867 0.209969 9.9991E-005 0.352988 0.0780755
0.536872 0.0199894 9.9991E-005 0.24131 0.201728
0.248551 9.9991E-005 0.0197906 0.556835 0.174724
0.0598912 0.465014 9.9991E-005 0.220969 0.254026
0.371175 0.345966 0.0400525 9.9991E-005 0.242706
0.135 0.48835 9.9991E-005 0.0138763 0.362674
0.420166 0.187222 9.9991E-005 0.184033 0.208479
0.274166 0.40717 0.0492788 0.0404464 0.228939
0.339597 0.428601 0.00227645 0.169396 0.0601294
0.164839 0.269056 9.9991E-005 0.231831 0.334174
0.207719 0.386611 9.9991E-005 0.132392 0.273178
0.383154 0.252384 9.9982E-005 9.9982E-005 0.364261
0.0788633 0.388521 0.0714113 0.159893 0.301311
0.18538 0.41677 9.9991E-005 0.243868 0.153883
0.332994 0.123298 9.9991E-005 0.456866 0.0867426
0.101955 0.390803 0.0837993 0.118096 0.305347
0.0930418 0.386866 0.0204864 0.0341414 0.465465
0.173913 0.366034 0.0100631 0.190356 0.259634
0.0872179 0.019868 0.783921 9.9991E-005 0.108894
0.364577 0.107693 0.110704 0.398042 0.0189844
0.260815 0.473838 9.9991E-005 0.0559093 0.209338
0.0975264 0.237751 9.9991E-005 0.204143 0.46048
0.365883 9.9991E-005 0.218518 0.268921 0.146577
0.203621 0.437743 0.0390014 0.0143272 0.305308
0.134756 0.558318 0.0225124 9.9991E-005 0.284314
0.496102 0.079987 9.9982E-005 0.423711 9.9982E-005
0.23883 0.444639 9.9991E-005 0.0191613 0.29727
0.0732949 0.398517 0.0439431 9.9991E-005 0.484145
0.119377 0.417662 9.9991E-005 0.292534 0.170326
0.0480486 0.475476 9.9991E-005 0.221968 0.254407
0.21481 0.472958 0.0653884 0.155975 0.0908692
0.23584 0.469193 9.9982E-005 9.9982E-005 0.294767
9.9991E-005 0.206687 0.245122 0.535138 0.0129536
0.183994 0.37313 9.9991E-005 0.0325987 0.410177
0.34725 0.34075 0.00821017 0.00777695 0.296014
9.9982E-005 0.649639 9.9982E-005 0.139337 0.210824
0.138079 0.0631953 0.0896961 0.500135 0.208895
0.250134 0.0579979 9.9991E-005 0.324118 0.36765
0.324147 0.134404 9.9991E-005 0.386808 0.154541
0.156896 0.36098 9.9982E-005 9.9982E-005 0.481924
0.350387 0.091864 9.9991E-005 0.471215 0.0864344
0.167741 0.575868 9.9991E-005 0.0448154 0.211476
0.271052 0.315153 9.9991E-005 0.184924 0.228771
0.303882 0.468754 9.9991E-005 0.0762807 0.150983
0.360131 0.359026 0.0334262 0.0130557 0.234362
0.240598 0.097334 0.233849 0.29268 0.135539
0.158362 0.39681 9.9991E-005 0.118906 0.325822
9.9982E-005 0.0543242 0.803392 0.142084 9.9982E-005
0.208565 0.34838 0.0455333 0.0491855 0.348336
0.190888 0.423903 9.9991E-005 0.0135222 0.371587
9.997E-005 9.997E-005 0.9996 9.997E-005 9.997E-005
9.9982E-005 0.0435442 0.908334 9.9982E-005 0.0479219
0.0854055 0.413301 9.9991E-005 0.370521 0.130673
0.325867 0.323484 9.9991E-005 0.31885 0.0316988
0.284135 0.455154 0.0235336 9.9991E-005 0.237078
0.107054 0.329458 0.0078708 0.147078 0.408539
0.275684 0.230733 9.9982E-005 9.9982E-005 0.493383
0.0665769 0.493012 9.9982E-005 9.9982E-005 0.440211
0.230193 0.313863 0.00484167 0.28761 0.163493
0.266887 0.102799 0.31388 0.252149 0.0642847
0.0938274 0.218682 9.9991E-005 0.180755 0.506635
0.0406037 0.563507 0.050004 0.117949 0.227936
0.253752 0.248261 9.9991E-005 0.21871 0.279177
0.29705 9.9991E-005 0.0365614 0.462376 0.203913
0.701728 0.277479 9.9982E-005 0.0205933 9.9982E-005
0.263571 9.9982E-005 9.9982E-005 0.323034 0.413195
0.129991 0.432381 9.9991E-005 0.182578 0.254949
9.9982E-005 9.9982E-005 0.191692 0.622065 0.186043
0.0265846 0.344638 0.0530106 0.145017 0.43075
0.356876 0.334053 0.0244101 9.9991E-005 0.284561
0.0167707 0.467355 9.9991E-005 0.0368812 0.478893
0.128662 0.48629 9.9991E-005 0.151998 0.23295
9.9982E-005 0.134558 9.9982E-005 0.489459 0.375783
0.373272 0.364914 9.9991E-005 0.00399512 0.257718
0.422312 0.401513 9.9982E-005 9.9982E-005 0.175975
0.387592 0.219623 9.9982E-005 0.392585 9.9982E-005
0.748171 0.038862 9.9991E-005 0.153951 0.0589155
0.0698534 0.372945 9.9991E-005 0.29228 0.264821
0.189949 0.392968 9.9991E-005 0.0180968 0.398886
0.357636 0.475445 9.9991E-005 0.0335954 0.133224
0.0243926 0.0475704 0.704158 0.162912 0.0609665
0.428405 0.377799 0.00809228 0.0618979 0.123806
0.084757 0.269666 9.9991E-005 0.291522 0.353955
0.463739 0.535961 9.9973E-005 9.9973E-005 9.9973E-005
0.146142 0.0983854 9.9991E-005 0.260857 0.494515
0.463048 0.386402 9.9991E-005 0.00519515 0.145255
0.462393 0.404869 0.0500843 9.9991E-005 0.0825538
0.238344 0.27561 9.9991E-005 0.220015 0.265931
9.9991E-005 0.4082 0.0441308 0.224074 0.323494
0.408287 0.00427881 0.122985 0.258483 0.205966
0.0954684 0.503386 9.9991E-005 0.019638 0.381407
0.331233 0.326618 0.0411904 9.9991E-005 0.300859
0.104929 0.375023 9.9991E-005 0.278844 0.241104
0.587219 9.9982E-005 0.051826 0.360755 9.9982E-005
0.290267 0.423148 9.9982E-005 9.9982E-005 0.286384
0.26225 0.280849 9.9991E-005 0.0676956 0.389105
0.377421 0.233265 0.109044 0.103508 0.176763
0.154038 0.449027 0.00438379 0.110471 0.28208
0.326461 0.262782 0.0518566 0.0222925 0.336608
0.238073 0.235105 9.9991E-005 0.278277 0.248444
0.314959 0.484492 0.0892839 9.9991E-005 0.111165
0.425938 0.0285434 0.270237 0.152967 0.122314
0.359759 0.198257 0.00409069 0.11312 0.324773
0.072308 9.9973E-005 9.9973E-005 9.9973E-005 0.927392
9.9973E-005 0.0175353 9.9973E-005 9.9973E-005 0.982165
0.480196 0.187565 9.9991E-005 0.075734 0.256405
0.436696 0.285449 9.9991E-005 0.0659382 0.211816
0.365167 0.361022 0.00307453 9.9991E-005 0.270636
9.9982E-005 0.388726 9.9982E-005 0.308191 0.302883
0.205853 0.647368 9.9982E-005 9.9982E-005 0.14658
0.321669 0.33483 9.9982E-005 9.9982E-005 0.343302
0.145743 0.522052 0.00352427 0.121128 0.207553
0.360638 0.195486 9.9982E-005 0.443676 9.9982E-005
0.329703 0.365725 0.080779 0.00429945 0.219494
0.158714 0.374716 0.0862847 0.117721 0.262564
0.503081 0.111738 9.9982E-005 0.384981 9.9982E-005
0.27288 0.482992 9.9991E-005 0.109576 0.134452
0.221035 0.312766 0.0949742 9.9991E-005 0.371125
0.1602 0.316019 9.9991E-005 0.151422 0.372259
0.129922 0.411344 9.9991E-005 0.168952 0.289682
0.200071 0.461547 9.9991E-005 0.194143 0.144139
0.653766 0.0304234 9.9991E-005 0.205915 0.109796
0.0380531 0.54484 9.9991E-005 0.192269 0.224739
0.29227 0.0732742 0.0102059 0.375293 0.248957
