0.0128333 0.176145 0.0544324 0.366089 0.311294 0.0792065
9.9982E-005 0.112394 9.9982E-005 0.367688 0.320831 0.198887
0.0348869 9.9982E-005 9.9982E-005 0.387924 0.21622 0.36077
0.150049 0.0159219 9.9991E-005 0.520592 0.154745 0.158591
0.0586565 0.18071 9.9991E-005 0.628467 0.00489758 0.127169
0.676345 9.9964E-005 9.9964E-005 9.9964E-005 9.9964E-005 0.323255
9.999E-005 0.0021812 0.0771751 0.571367 0.1888 0.160377
0.838943 0.0553836 0.0148463 9.9991E-005 0.0112628 0.0794645
0.00665339 0.235199 9.9991E-005 0.436483 0.0117307 0.309834
9.9982E-005 0.0672551 9.9982E-005 0.365311 0.243503 0.323731
9.999E-005 0.0204733 0.00440724 0.459635 0.283713 0.231671
0.160786 0.0573624 9.9991E-005 0.266867 0.304136 0.210749
9.9982E-005 0.237144 9.9982E-005 0.369197 0.112535 0.280923
0.130348 0.145529 9.9991E-005 0.58281 0.0807456 0.0604673
0.584999 9.9982E-005 9.9982E-005 0.0405836 0.0609597 0.313258
9.9982E-005 0.0457819 9.9982E-005 0.279471 0.223493 0.451055
0.10987 9.9982E-005 9.9982E-005 0.272108 0.198618 0.419205
9.9973E-005 0.209121 0.0649611 0.725618 9.9973E-005 9.9973E-005
9.9982E-005 0.123948 9.9982E-005 0.48379 0.0135082 0.378554
9.9982E-005 0.0416928 9.9982E-005 0.589497 0.315097 0.0535131
9.9982E-005 0.0928221 0.0126222 0.840356 9.9982E-005 0.0539999
0.122534 0.137772 9.9991E-005 0.389351 0.214145 0.136097
9.9982E-005 0.0231183 9.9982E-005 0.490251 0.31906 0.167371
0.507522 9.9973E-005 9.9973E-005 9.9973E-005 0.240349 0.251829
0.00173334 0.299037 0.0264891 0.452688 0.0585167 0.161536
0.60078 9.9982E-005 9.9982E-005 0.189996 0.0683626 0.140661
0.430068 0.0688413 0.0284748 0.187694 9.9991E-005 0.284822
0.319138 9.9964E-005 9.9964E-005 0.680463 9.9964E-005 9.9964E-005
0.585102 9.9982E-005 9.9982E-005 0.00215747 0.0314451 0.381095
0.170239 9.9982E-005 9.9982E-005 0.605228 0.196142 0.0281917
0.389105 9.9991E-005 0.012389 0.198098 0.130383 0.269925
0.0796688 0.0847992 0.0103756 0.629889 0.0879515 0.107316
0.126418 0.092976 9.9991E-005 0.21069 0.0914826 0.478334
0.869206 9.9964E-005 9.9964E-005 0.130394 9.9964E-005 9.9964E-005
0.846572 0.0532654 0.0530261 9.9982E-005 9.9982E-005 0.0469365
0.125765 0.211905 9.9991E-005 0.55855 0.0179367 0.085744
0.120323 0.0067738 9.9991E-005 0.660717 0.0608311 0.151255
9.9991E-005 0.177602 0.0557218 0.580707 0.119283 0.0665863
0.733906 0.0821207 9.9982E-005 0.0379595 0.145814 9.9982E-005
0.357363 0.164732 0.0120071 0.106721 0.0654363 0.293739
0.182187 0.117207 0.0666613 0.179689 0.111426 0.34283
9.9973E-005 9.9973E-005 9.9973E-005 0.443921 0.0982687 0.457511
0.152244 0.201523 9.9991E-005 0.54775 0.0724682 0.0259139
0.54145 0.141605 0.0114545 0.185714 0.0482474 0.0715295
9.9991E-005 0.0955021 0.136032 0.300165 0.167581 0.300619
9.9991E-005 0.333946 0.0316249 0.19438 0.228517 0.211433
0.0468299 0.109422 0.0805142 0.460112 0.159484 0.143638
9.9982E-005 9.9982E-005 0.0405972 0.370991 0.0577247 0.530487
9.9982E-005 0.113722 9.9982E-005 0.284087 0.243586 0.358404
0.385405 0.0258373 9.9991E-005 0.0271734 0.0813476 0.480136
9.9982E-005 9.9982E-005 0.108318 0.587271 0.204027 0.100184
0.395608 9.9991E-005 0.0613453 0.120092 0.198707 0.224147
9.9982E-005 0.253705 9.9982E-005 0.270379 0.181134 0.294582
0.85763 9.9964E-005 9.9964E-005 9.9964E-005 9.9964E-005 0.14197
0.334828 9.9982E-005 9.9982E-005 0.143957 0.18058 0.340436
9.9982E-005 9.9982E-005 0.0224458 0.639534 0.272226 0.0655944
9.9973E-005 0.102488 9.9973E-005 0.595134 0.302078 9.9973E-005
0.173974 0.0535243 9.9991E-005 0.486785 0.156245 0.129373
0.240327 0.0105617 9.9991E-005 0.233581 0.109579 0.405851
0.321527 0.0202943 9.9991E-005 0.543378 0.0648813 0.04982
0.760595 9.9973E-005 0.0249926 9.9973E-005 9.9973E-005 0.214112
0.783993 9.9964E-005 9.9964E-005 9.9964E-005 9.9964E-005 0.215608
9.9991E-005 0.0548277 0.0880976 0.549534 0.117095 0.190346
0.902961 9.9973E-005 9.9973E-005 9.9973E-005 0.00974238 0.0869972
9.9982E-005 0.20444 9.9982E-005 0.277338 0.126735 0.391287
0.823041 9.9982E-005 0.0674522 0.0343623 0.0749449 9.9982E-005
9.9982E-005 9.9982E-005 0.0526459 0.662565 0.251747 0.0328422
0.100564 0.0176071 9.9991E-005 0.157452 0.35822 0.366057
9.9991E-005 0.0823198 0.0132849 0.37011 0.294816 0.23937
0.589094 9.9973E-005 0.0203298 9.9973E-005 9.9973E-005 0.390276
9.9991E-005 0.15945 0.0242804 0.282694 0.487648 0.0458277
0.0291804 0.258384 9.9991E-005 0.382182 0.118277 0.211876
0.302941 9.9991E-005 0.0704091 0.23773 0.162807 0.226013
9.9982E-005 0.0701799 9.9982E-005 0.335505 0.281839 0.312277
0.0734076 0.135199 9.9991E-005 0.423094 0.22985 0.138349
0.321872 9.9982E-005 9.9982E-005 0.365741 0.256529 0.055658
0.0525256 0.103495 9.9991E-005 0.651353 0.186048 0.00647853
0.173804 0.257338 9.9991E-005 0.192529 0.250185 0.126044
0.0593224 0.144228 9.9991E-005 0.19419 0.0786479 0.523512
0.0664341 0.158298 9.9991E-005 0.50807 0.0956508 0.171447
9.9982E-005 0.223476 9.9982E-005 0.188245 0.328678 0.259402
9.9982E-005 0.106539 9.9982E-005 0.490135 0.0612841 0.341842
0.042642 0.03607 9.9991E-005 0.475574 0.219038 0.226576
9.9982E-005 9.9982E-005 0.0284552 0.692092 0.239439 0.0398146
9.9982E-005 0.141596 9.9982E-005 0.478034 0.0974285 0.282741
0.0534228 0.0745323 9.9991E-005 0.126417 0.399086 0.346442
0.249611 0.0196122 9.9991E-005 0.333049 0.0728478 0.32478
0.154578 0.0322251 9.9991E-005 0.18818 0.0839037 0.541014
0.802781 9.9982E-005 9.9982E-005 0.0947472 0.0746795 0.0275927
0.188572 0.1125 9.9991E-005 0.305468 0.027304 0.366057
9.9991E-005 0.125576 0.0276973 0.140859 0.305823 0.399945
0.425824 0.0859588 9.9982E-005 0.139476 9.9982E-005 0.348541
0.00473335 0.123805 9.9991E-005 0.521915 0.192285 0.157163
0.237939 9.9982E-005 9.9982E-005 0.518261 0.0911109 0.152489
0.350544 9.9982E-005 9.9982E-005 0.0142298 0.157625 0.477401
0.887118 9.9973E-005 9.9973E-005 9.9973E-005 0.0129435 0.0996384
0.0875943 0.139628 9.9991E-005 0.397337 0.200695 0.174646
9.9982E-005 9.9982E-005 0.0452865 0.260574 0.286782 0.407157
0.109787 0.115753 9.9991E-005 0.233538 0.472971 0.0678508
0.244981 9.9982E-005 9.9982E-005 0.659224 0.0151595 0.0804355
0.363969 9.9982E-005 9.9982E-005 0.069369 0.119378 0.447084
0.0625822 0.0775553 9.9991E-005 0.59671 0.199574 0.0634785
9.9991E-005 0.182272 0.0223408 0.433133 0.211675 0.150479
9.9982E-005 0.134172 9.9982E-005 0.572283 0.233874 0.0594704
9.9991E-005 0.0950921 0.0186053 0.558162 0.200388 0.127653
0.726027 9.9973E-005 9.9973E-005 9.9973E-005 0.115984 0.157689
0.369225 9.9991E-005 0.108186 0.0530191 0.280811 0.188659
0.00630864 9.9982E-005 9.9982E-005 0.593376 0.311574 0.0885412
0.0463825 0.03485 9.9991E-005 0.427081 0.288949 0.202638
9.9982E-005 0.0048803 9.9982E-005 0.70903 0.138112 0.147778
0.363774 9.9973E-005 9.9973E-005 0.167492 9.9973E-005 0.468434
0.928874 9.9964E-005 9.9964E-005 9.9964E-005 0.0707266 9.9964E-005
0.375769 9.9973E-005 9.9973E-005 0.39722 9.9973E-005 0.22671
0.0201425 9.9991E-005 0.0177759 0.66191 0.154846 0.145226
0.130572 0.154348 9.9991E-005 0.556896 0.152425 0.00565935
0.0196044 0.183048 0.0320579 0.5345 0.23069 9.9991E-005
9.9982E-005 0.00341078 9.9982E-005 0.598853 0.21549 0.182047
0.947197 9.9973E-005 0.00629031 9.9973E-005 9.9973E-005 0.0462123
0.0499936 0.0669375 9.9982E-005 0.789283 0.0935858 9.9982E-005
9.9991E-005 0.100509 0.0267957 0.423953 0.342602 0.10604
0.116224 0.152854 9.9982E-005 0.495516 0.235206 9.9982E-005
0.484997 9.9982E-005 9.9982E-005 0.0985546 0.0807055 0.335543
9.9982E-005 9.9982E-005 0.049785 0.659046 0.0804903 0.210479
9.9982E-005 9.9982E-005 0.087036 0.339161 0.223312 0.350291
9.9991E-005 0.166991 0.0546527 0.586696 0.13346 0.0581002
0.0135021 0.149106 9.9991E-005 0.37877 0.172851 0.285671
0.611938 0.0285275 9.9991E-005 0.237724 0.0840682 0.0376418
0.790458 9.9982E-005 0.0165306 9.9982E-005 0.0599314 0.13288
9.9982E-005 0.197152 9.9982E-005 0.283232 0.183225 0.33619
0.00391623 0.337275 0.0197104 0.430011 0.126997 0.0820906
0.0282554 0.168233 9.9991E-005 0.44164 0.19833 0.163441
9.9991E-005 0.32089 0.0126022 0.288605 0.0131804 0.364623
0.25411 0.0172979 9.9991E-005 0.294164 0.109302 0.325026
0.0327168 9.9991E-005 0.254458 0.445788 0.0561085 0.210829
0.206016 0.0708591 9.9991E-005 0.57819 0.114968 0.0298673
9.996E-005 9.996E-005 9.996E-005 9.996E-005 0.9995 9.996E-005
0.585697 9.9991E-005 0.0623086 0.113773 0.202893 0.0352286
0.267529 0.00155648 9.9991E-005 0.316919 0.166501 0.247395
0.0556931 9.9964E-005 9.9964E-005 9.9964E-005 0.943907 9.9964E-005
0.551095 0.219261 9.9991E-005 0.00620372 0.0982477 0.125092
0.107173 9.9982E-005 9.9982E-005 0.518218 0.0453512 0.329058
0.384294 0.128899 0.016336 0.233259 0.0467309 0.190481
0.185875 0.141868 9.9982E-005 0.284989 9.9982E-005 0.387068
0.130813 0.204678 9.9991E-005 0.0697471 0.00967639 0.584985
0.652484 0.0193721 9.9973E-005 9.9973E-005 9.9973E-005 0.327844
0.261454 0.116438 0.000153977 0.362713 0.146385 0.112855
0.162804 0.0975759 9.9991E-005 0.135161 0.0943072 0.510051
9.9982E-005 0.210592 9.9982E-005 0.429575 0.189296 0.170337
9.9973E-005 0.138187 9.9973E-005 0.50137 0.360143 9.9973E-005
9.9991E-005 0.207824 0.0804045 0.309928 0.225317 0.176426
9.9973E-005 0.108563 9.9973E-005 0.470828 9.9973E-005 0.420309
0.314744 9.9991E-005 0.0359545 0.343999 0.104568 0.200635
0.721314 0.0944504 9.9982E-005 0.0945809 9.9982E-005 0.0894543
0.362077 0.232972 0.00380259 0.10874 9.9991E-005 0.292309
9.9982E-005 0.226924 9.9982E-005 0.18939 0.214627 0.368859
9.9991E-005 0.124493 0.00514493 0.299378 0.206954 0.363931
0.80568 0.0801611 9.9973E-005 9.9973E-005 9.9973E-005 0.113859
9.9982E-005 0.260123 9.9982E-005 0.434576 0.0976938 0.207407
9.9991E-005 0.181497 0.0429835 0.32584 0.359119 0.0904603
0.12293 0.0898492 9.9991E-005 0.443545 0.181327 0.162248
9.9991E-005 0.162198 0.0542386 0.351685 0.20598 0.225798
0.0893052 0.240492 9.9991E-005 0.097709 0.0813457 0.491048
9.9982E-005 0.114795 9.9982E-005 0.142161 0.413015 0.32983
0.0234402 0.126221 9.9991E-005 0.393852 0.305554 0.150832
9.9982E-005 0.21607 9.9982E-005 0.497399 0.124621 0.161709
9.9982E-005 0.117095 0.0130845 0.669046 0.200574 9.9982E-005
0.0926459 0.0747202 0.000794577 0.140701 0.186926 0.504212
0.513724 9.9991E-005 0.0187766 0.0614078 0.305998 0.0999927
0.208787 0.0506054 9.9991E-005 0.182372 0.181291 0.376844
9.9991E-005 0.243998 0.0194242 0.126011 0.116429 0.494038
0.0908034 9.9991E-005 0.0621682 0.216073 0.363832 0.267024
0.0336697 9.9982E-005 9.9982E-005 0.521272 0.115092 0.329766
0.965248 9.9964E-005 9.9964E-005 9.9964E-005 9.9964E-005 0.0343521
0.011766 9.9991E-005 0.0243084 0.298008 0.10013 0.565688
0.265673 9.9982E-005 9.9982E-005 0.0343169 0.292339 0.407471
9.9991E-005 0.0570905 0.0948115 0.19336 0.289087 0.36555
0.172951 0.0314444 9.9991E-005 0.321199 0.066556 0.407749
0.53776 0.110856 9.9991E-005 0.0603829 0.0435496 0.247351
0.359681 0.138943 9.9991E-005 0.287465 0.00281584 0.210995
0.42998 9.9973E-005 9.9973E-005 0.451392 0.118328 9.9973E-005
9.9973E-005 9.9973E-005 9.9973E-005 0.5882 0.0892665 0.322234
0.737119 0.0148878 9.9973E-005 9.9973E-005 9.9973E-005 0.247693
0.359079 0.0562749 9.9991E-005 0.40837 0.0349862 0.14119
0.0256969 0.298077 0.0636519 0.3839 0.0521588 0.176515
0.960294 0.0126784 9.9973E-005 9.9973E-005 9.9973E-005 0.0267278
0.414658 9.9973E-005 9.9973E-005 9.9973E-005 0.0582414 0.5268
9.9982E-005 9.9982E-005 0.00888867 0.372075 0.190142 0.428694
0.327675 9.9973E-005 9.9973E-005 0.2344 9.9973E-005 0.437625
0.122782 9.9982E-005 9.9982E-005 0.455284 0.214049 0.207686
9.9991E-005 0.160424 0.0224299 0.599573 0.0179455 0.199527
0.264849 0.209222 9.9991E-005 0.332299 0.0494713 0.144059
9.9982E-005 9.9982E-005 0.0054702 0.687828 0.0848827 0.221619
9.9973E-005 9.9973E-005 9.9973E-005 0.597961 0.0966269 0.305112
9.9982E-005 9.9982E-005 0.151905 0.491652 0.228421 0.127821
0.164473 0.146992 0.0186143 9.9991E-005 0.301721 0.3681
0.257618 0.00535521 9.9982E-005 0.523124 0.213703 9.9982E-005
9.9991E-005 0.134176 0.140923 0.497711 0.195721 0.0313688
0.132808 9.9991E-005 0.0688628 0.491665 0.142511 0.164054
9.9991E-005 0.135945 0.142061 0.164921 0.204098 0.352875
9.9991E-005 0.150959 0.0296204 0.427825 0.10044 0.291055
0.322165 0.0922444 9.9991E-005 0.146087 0.122152 0.317251
9.9991E-005 0.0334888 0.0387207 0.606018 0.212929 0.108743
9.9973E-005 0.288945 9.9973E-005 0.220838 9.9973E-005 0.489918
9.9991E-005 0.210957 0.152216 0.282197 0.107848 0.246681
9.9991E-005 0.100088 0.264191 0.274982 0.180297 0.180342
0.20687 0.0353042 9.9991E-005 0.0781532 0.407934 0.271639
0.0360567 0.0763812 0.0877552 0.611069 0.188638 9.9991E-005
0.0397537 0.00309164 9.9991E-005 0.275098 0.201033 0.480923
9.9982E-005 0.24536 9.9982E-005 0.375527 0.108089 0.270824
9.9991E-005 0.12379 0.019216 0.655914 0.198515 0.00246472
9.9991E-005 0.221432 0.044095 0.428422 0.00744948 0.298502
0.353772 0.205176 9.9982E-005 0.276692 9.9982E-005 0.164159
0.324167 9.9982E-005 9.9982E-005 0.141766 0.0819837 0.451883
9.9964E-005 9.9964E-005 9.9964E-005 0.833294 0.166306 9.9964E-005
9.9973E-005 0.274706 9.9973E-005 0.462023 0.262971 9.9973E-005
9.9991E-005 0.1327 0.0506608 0.559198 0.0720029 0.185338
9.9982E-005 0.140344 9.9982E-005 0.342176 0.0716929 0.445587
0.194099 9.9982E-005 9.9982E-005 0.15965 0.296389 0.349662
0.190347 0.095129 9.9991E-005 0.202084 0.12113 0.391209
9.9991E-005 0.0665464 0.156679 0.352178 0.298784 0.125712
0.473049 0.106885 9.9982E-005 9.9982E-005 0.208074 0.211792
0.145776 0.00292876 9.9991E-005 0.508745 0.138558 0.203892
0.101653 9.9991E-005 0.131815 0.204509 0.233716 0.328208
0.719691 0.0129436 9.9982E-005 9.9982E-005 0.192951 0.0742149
9.9991E-005 0.0984467 0.0272372 0.218194 0.0466335 0.609388
0.00754125 0.143903 9.9991E-005 0.346192 0.229556 0.272709
0.0567381 9.9982E-005 9.9982E-005 0.608835 0.187673 0.146554
9.9982E-005 0.213007 9.9982E-005 0.555141 0.135059 0.0965925
9.9991E-005 0.0343574 0.130654 0.348218 0.146303 0.340368
9.9982E-005 0.0885612 9.9982E-005 0.424191 0.169074 0.317974
9.9973E-005 0.229317 9.9973E-005 0.618294 9.9973E-005 0.152088
9.9973E-005 0.0159003 9.9973E-005 0.685862 0.297938 9.9973E-005
0.152941 0.135963 9.9991E-005 0.223251 0.143449 0.344296
9.9991E-005 0.0629121 0.0537112 0.547594 0.269987 0.0656957
9.9982E-005 0.0297541 9.9982E-005 0.527715 0.38557 0.0567608
9.99641E-005 9.99641E-005 9.99641E-005 9.99641E-005 0.0658163 0.933784
9.9982E-005 0.180286 9.9982E-005 0.399448 0.230191 0.189875
9.9973E-005 9.9973E-005 9.9973E-005 0.461606 0.323618 0.214476
0.31778 0.0454068 9.9991E-005 0.337427 0.1421 0.157186
0.292611 9.9982E-005 9.9982E-005 0.251201 0.25978 0.196208
0.0474151 0.0078086 9.9982E-005 0.662825 9.9982E-005 0.281752
0.553175 0.0645582 9.9991E-005 0.292293 0.0443381 0.0455364
9.9991E-005 0.0156232 0.0145748 0.400414 0.212989 0.356299
0.250306 9.9982E-005 9.9982E-005 0.356604 0.140498 0.252393
0.0219478 0.0706188 0.132804 0.709482 0.024874 0.0402735
0.0162523 0.0601418 9.9982E-005 9.9982E-005 0.320549 0.602857
0.215237 9.9991E-005 0.130294 0.323747 0.037352 0.293271
0.440917 0.055412 9.9991E-005 0.00113072 0.307431 0.195009
9.9973E-005 0.106064 9.9973E-005 0.605633 9.9973E-005 0.288003
9.9982E-005 0.138666 9.9982E-005 0.457536 0.156772 0.246825
0.3808 0.0217289 9.9991E-005 0.326268 0.0640563 0.207047
9.9991E-005 0.214704 0.00267035 0.374439 0.142511 0.265576
9.9982E-005 9.9982E-005 0.0323308 0.656 0.124004 0.187466
0.888065 0.111535 9.9964E-005 9.9964E-005 9.9964E-005 9.9964E-005
9.9982E-005 0.101828 9.9982E-005 0.565412 0.159445 0.173115
9.9982E-005 0.073374 9.9982E-005 0.593433 0.018585 0.314408
0.0539625 0.148359 9.9991E-005 0.677516 0.00909198 0.110971
9.9982E-005 0.0555224 9.9982E-005 0.465223 0.36471 0.114345
0.026329 0.016424 9.9991E-005 0.565935 0.27695 0.114262
9.9982E-005 0.121696 9.9982E-005 0.390929 0.137803 0.349372
0.068653 0.0533187 9.9991E-005 0.696826 0.126424 0.0546783
0.0614318 0.0465029 9.9991E-005 0.522518 0.0766092 0.292838
0.486359 0.131908 9.9991E-005 0.0604972 0.0899122 0.231223
9.9973E-005 9.9973E-005 9.9973E-005 0.558208 0.190941 0.250551
9.9973E-005 9.9973E-005 0.0744973 0.733037 0.192165 9.9973E-005
0.0748126 0.116369 9.9991E-005 0.232064 0.239681 0.336973
0.364045 9.9982E-005 9.9982E-005 0.241028 0.347254 0.0474726
9.9991E-005 0.103799 0.0401271 0.517225 0.229414 0.109335
0.223654 9.9973E-005 9.9973E-005 0.619888 9.9973E-005 0.156158
0.0215312 0.187533 9.9991E-005 0.671002 0.0337038 0.0861293
0.271459 0.0156157 9.9991E-005 0.369693 0.0306723 0.312459
0.0780671 9.9991E-005 0.0968453 0.306248 0.322517 0.196223
0.392188 0.0203215 9.9991E-005 0.133048 0.225504 0.228838
0.24471 0.127329 9.9982E-005 0.475552 0.152208 9.9982E-005
9.9991E-005 0.24085 0.01231 0.152566 0.26217 0.332004
0.220404 0.144688 9.9982E-005 0.505278 9.9982E-005 0.129431
9.9982E-005 0.215301 9.9982E-005 0.288431 0.208167 0.287902
0.0218104 0.0413681 9.9991E-005 0.500461 0.282765 0.153496
9.9982E-005 0.0485127 9.9982E-005 0.202097 0.408919 0.340272
0.218407 9.9982E-005 9.9982E-005 0.197023 0.427256 0.157114
9.9973E-005 9.9973E-005 9.9973E-005 0.224988 0.224638 0.550074
9.9991E-005 0.292945 0.00972871 0.34576 0.107108 0.244358
9.9991E-005 0.0376116 0.0489291 0.578934 0.266662 0.0677632
0.538399 9.9982E-005 0.0332187 0.207756 9.9982E-005 0.220426
0.914204 0.0797957 0.00570038 9.9973E-005 9.9973E-005 9.9973E-005
0.122894 0.0485138 0.0441187 0.509403 0.135075 0.139995
0.0268591 0.0955354 0.102315 0.426708 0.11631 0.232274
9.9991E-005 0.077185 0.0689523 0.119099 0.128694 0.605969
0.0817702 0.0845477 9.9991E-005 0.229129 0.0546868 0.549766
0.230985 0.204298 9.9982E-005 0.36163 9.9982E-005 0.202887
0.0336236 0.334461 9.9991E-005 0.395228 0.0667134 0.169874
9.9991E-005 0.194297 0.0308049 0.449728 0.235539 0.089531
9.9982E-005 9.9982E-005 0.152338 0.431176 0.25988 0.156406
0.0345087 0.119749 0.0561771 0.654016 0.104379 0.0311704
9.9982E-005 0.184682 0.0282459 0.718636 0.0682359 9.9982E-005
0.0336807 0.0360112 9.9991E-005 0.699035 0.189515 0.0416582
9.9973E-005 9.9973E-005 9.9973E-005 0.652507 0.155525 0.191668
9.9973E-005 9.9973E-005 9.9973E-005 0.129421 0.487909 0.38237
9.9991E-005 0.0263634 0.141555 0.41328 0.291434 0.127267
0.0641094 0.188073 9.9991E-005 0.408461 0.223803 0.115454
0.00665327 0.12456 0.0835193 0.417848 0.210729 0.15669
9.9982E-005 0.0615097 0.00901782 0.533764 9.9982E-005 0.395509
0.160798 0.00178039 0.0164096 0.593506 0.227407 9.9991E-005
0.504755 0.0660978 0.116452 0.180062 0.132534 9.9991E-005
0.335878 0.0971515 9.9991E-005 0.134137 0.132039 0.300695
0.830782 9.9982E-005 0.0207937 0.115754 0.0324704 9.9982E-005
9.9982E-005 0.12596 9.9982E-005 0.62416 0.0016319 0.248049
0.772383 0.00876813 9.9982E-005 0.151749 0.0669004 9.9982E-005
0.696116 0.129912 0.0208146 9.9991E-005 0.0369876 0.116069
9.9982E-005 0.167197 9.9982E-005 0.370427 0.247949 0.214227
0.0385324 0.042134 0.112499 0.577818 0.144638 0.0843779
0.00897718 0.0726018 0.0595097 0.481077 0.296587 0.0812475
0.707665 0.0715226 9.9982E-005 0.097026 9.9982E-005 0.123586
9.9991E-005 0.0825481 0.0350231 0.678558 0.0408503 0.162921
0.32424 9.9973E-005 9.9973E-005 9.9973E-005 0.2583 0.41716
9.9973E-005 0.0935839 9.9973E-005 0.440676 0.465441 9.9973E-005
0.773907 0.114762 9.9982E-005 0.0479089 9.9982E-005 0.0632218
0.0605888 0.219852 9.9991E-005 0.262612 0.0787641 0.378082
0.0182462 0.0472405 9.9991E-005 0.699675 0.135124 0.099614
9.9982E-005 0.0682867 9.9982E-005 0.720762 0.194474 0.0162772
9.9982E-005 0.0510932 9.9982E-005 0.329567 0.258297 0.360843
0.642376 9.9982E-005 0.0690215 0.165524 0.122879 9.9982E-005
0.150192 9.9982E-005 9.9982E-005 0.334886 0.121247 0.393475
0.365087 0.212418 9.9991E-005 0.1755 0.0618917 0.185004
0.00764995 0.0453843 0.0807035 0.477879 0.358473 0.0299104
0.737522 0.0811731 9.9991E-005 0.119014 0.00630309 0.0558873
0.054917 0.0595785 0.239729 0.236989 0.131536 0.27725
0.302517 0.0386191 0.0543083 0.193407 9.9991E-005 0.411049
9.9991E-005 0.114931 0.00464037 0.534083 0.15783 0.188416
0.0973087 0.0618021 0.0164617 9.9991E-005 0.201534 0.622793
0.544656 0.0438102 0.0601176 0.233354 9.9991E-005 0.117962
9.9982E-005 0.12614 0.0237999 0.424325 0.425536 9.9982E-005
9.9982E-005 0.240773 9.9982E-005 0.418683 0.198788 0.141556
9.9991E-005 0.148111 0.0433044 0.271743 0.221026 0.315715
0.011023 0.1652 0.14145 0.477005 0.0292307 0.176092
0.332175 0.192717 9.9982E-005 9.9982E-005 0.0431191 0.431789
9.9991E-005 0.00612208 0.12646 0.488116 0.0893049 0.289898
0.0248039 0.125961 0.0724744 0.588512 0.122467 0.0657821
0.0562851 0.0114401 9.9991E-005 0.629133 0.240092 0.0629501
0.496926 0.0838583 9.9991E-005 0.205152 0.0314761 0.182487
0.194189 0.110625 9.9991E-005 0.211859 0.203229 0.279998
0.0282516 0.281458 9.9991E-005 0.550489 0.0260715 0.11363
9.9973E-005 0.103211 9.9973E-005 9.9973E-005 0.379489 0.517
0.171706 0.29265 9.9991E-005 0.172902 0.0276977 0.334944
9.9982E-005 0.209596 9.9982E-005 0.227946 0.204367 0.35789
0.330418 0.160174 9.9991E-005 0.055581 0.141056 0.31267
0.031196 9.9982E-005 9.9982E-005 0.276042 0.240066 0.452496
0.397409 9.9982E-005 9.9982E-005 0.268207 0.103369 0.230815
9.9973E-005 0.205258 9.9973E-005 0.777161 9.9973E-005 0.0172817
9.9982E-005 0.189131 9.9982E-005 0.741196 0.0240319 0.0454413
9.9982E-005 9.9982E-005 0.0856056 0.645007 0.127966 0.141222
9.9982E-005 0.0908434 9.9982E-005 0.635515 0.190923 0.0825188
9.9991E-005 0.105632 0.101767 0.474355 0.231222 0.0869243
0.000778235 0.173508 0.0561758 0.330022 0.219641 0.219875
0.230266 0.122305 9.9982E-005 0.307077 9.9982E-005 0.340151
9.9982E-005 9.9982E-005 0.00112952 0.1452 0.1979 0.65557
9.9973E-005 9.9973E-005 9.9973E-005 0.642268 0.269274 0.0881583
0.0383269 0.0662225 9.9991E-005 0.777873 0.0610396 0.0564377
0.0510487 0.184846 9.9991E-005 0.233022 0.153086 0.377898
0.223761 9.9982E-005 0.144544 0.0836374 9.9982E-005 0.547857
9.9991E-005 0.164082 0.110975 0.320249 0.274604 0.129991
0.0323582 0.255058 0.00843903 0.566442 0.137603 9.9991E-005
0.734461 9.9964E-005 9.9964E-005 9.9964E-005 0.265139 9.9964E-005
0.653173 9.9973E-005 9.9973E-005 0.234576 0.111951 9.9973E-005
9.9991E-005 0.116109 0.00471132 0.459908 0.392094 0.0270767
0.00225547 0.128774 0.379752 0.368891 0.120227 9.9991E-005
0.0372536 0.350593 0.45266 9.9991E-005 0.0483986 0.110995
0.000615532 0.243945 0.37895 0.138707 0.125724 0.112058
9.9991E-005 0.102806 0.0818708 0.48054 0.203505 0.131179
9.9982E-005 0.222784 0.491347 0.125011 0.160658 9.9982E-005
0.00681618 0.233888 0.450694 0.114504 0.0987447 0.0953537
0.0621308 0.00271885 0.54779 0.257588 9.9991E-005 0.129672
0.01901 0.352955 0.427807 0.111718 0.0884097 9.9991E-005
9.9982E-005 0.199461 0.49623 0.247997 9.9982E-005 0.0561117
0.0237704 0.19891 0.311049 0.279318 0.155876 0.0310761
9.9991E-005 0.0507731 0.333667 0.211629 0.202162 0.20167
0.0193923 0.0320828 0.571354 0.118615 0.196113 0.0624422
9.9991E-005 0.302397 0.11843 0.402026 0.0729937 0.104053
9.9982E-005 0.363809 0.263144 0.0429242 0.329923 9.9982E-005
9.9982E-005 0.209187 0.398648 0.189982 0.201983 9.9982E-005
9.9982E-005 0.117456 0.53674 9.9982E-005 0.0468813 0.298723
9.9991E-005 0.208143 0.379467 0.287703 0.0274386 0.0971484
9.9991E-005 0.150028 0.380568 0.149755 0.182839 0.136711
0.79481 0.0900548 0.0350858 9.9982E-005 9.9982E-005 0.0798497
0.0552123 0.166602 0.332027 0.25559 0.139574 0.0509943
9.9991E-005 0.244517 0.281082 0.1814 0.196835 0.0960659
0.0948035 0.0495633 0.11592 0.408578 0.164516 0.166618
9.9982E-005 0.172336 0.643182 0.058949 0.125333 9.9982E-005
9.9982E-005 0.14327 0.536899 9.9982E-005 0.265117 0.0545138
9.9991E-005 0.104336 0.14404 0.190857 0.155729 0.404939
0.0150121 0.184726 0.487188 0.239752 0.061961 0.0113606
9.9991E-005 0.25032 0.307461 0.241924 0.0642401 0.135955
9.9982E-005 0.269397 0.389135 0.108641 9.9982E-005 0.232627
0.0406002 0.16046 0.533216 0.179816 0.0248371 0.0610703
0.0686537 0.28759 0.49127 9.9982E-005 0.152286 9.9982E-005
9.9973E-005 0.399224 0.48595 9.9973E-005 0.114526 9.9973E-005
0.017796 0.637626 0.344278 9.9973E-005 9.9973E-005 9.9973E-005
0.0285793 0.408462 0.374971 0.145266 9.9991E-005 0.0426213
9.9991E-005 0.120281 0.481486 0.345608 0.043277 0.00924897
0.0700513 9.9982E-005 0.636732 9.9982E-005 0.0886722 0.204344
0.00556183 0.25016 0.50017 9.9991E-005 0.0454744 0.198534
0.104108 0.126647 0.604452 9.9982E-005 0.164593 9.9982E-005
9.9982E-005 0.312775 9.9982E-005 0.491256 0.185611 0.0101579
0.00581451 0.149661 0.56458 0.154534 0.125311 9.9991E-005
0.0135069 0.156116 0.417312 0.222008 0.190957 9.9991E-005
9.9991E-005 0.0310658 0.508519 0.215739 0.0758022 0.168774
0.0130106 0.0971257 0.43638 0.215681 0.0567584 0.181044
9.9964E-005 0.603912 0.395688 9.9964E-005 9.9964E-005 9.9964E-005
0.0296936 0.272445 0.0365864 0.436041 0.0335742 0.19166
9.9982E-005 0.239805 0.505983 0.250995 0.00301717 9.9982E-005
0.261743 9.9991E-005 0.0250878 0.236524 0.0456337 0.430912
9.9991E-005 0.308845 0.0394787 0.192433 0.244269 0.214875
0.0402482 9.9991E-005 0.182981 0.429975 0.123336 0.223359
0.0309553 0.114433 0.53781 0.157367 0.133149 0.0262859
9.9991E-005 0.417721 0.332044 0.165559 0.0533129 0.0312628
0.0239899 0.138584 0.526834 0.117297 0.193195 9.9991E-005
9.9991E-005 0.109609 0.484925 0.218716 0.00606234 0.180588
0.0115547 0.0230296 0.407659 0.248983 0.238264 0.0705097
0.0278283 0.154074 0.519755 0.298143 9.9982E-005 9.9982E-005
9.9973E-005 9.9973E-005 0.434363 0.245134 0.320203 9.9973E-005
0.0163976 0.15343 0.637614 0.0246102 0.102054 0.0658948
0.0093041 0.199092 0.460971 0.314172 9.9991E-005 0.0163607
0.0240863 0.947237 9.9973E-005 9.9973E-005 9.9973E-005 0.0283771
9.9973E-005 0.16716 0.642731 0.189809 9.9973E-005 9.9973E-005
0.0124622 0.152829 0.639324 0.191958 0.00332699 9.9991E-005
0.00673294 0.369145 0.397641 9.9982E-005 0.22628 9.9982E-005
9.9991E-005 0.0765748 0.537077 0.104078 0.238272 0.0438972
9.9982E-005 9.9982E-005 0.195278 0.431817 0.317048 0.0556569
9.9991E-005 0.175603 0.434509 0.132667 0.191645 0.065476
0.197662 9.9991E-005 0.0178713 0.411429 0.0577844 0.315153
0.0458804 0.241536 0.405632 0.306752 9.9982E-005 9.9982E-005
0.0942568 0.0297692 0.57849 0.125888 0.171496 9.9991E-005
0.050396 0.0599379 0.0679265 0.328947 0.129156 0.363637
0.0388811 0.406219 0.392698 0.0976358 0.00442973 0.0601363
9.9991E-005 0.131568 0.540155 0.0455982 0.0759874 0.206592
9.996E-005 0.9995 9.996E-005 9.996E-005 9.996E-005 9.996E-005
0.00648151 0.215423 0.48736 0.195248 0.0419839 0.0535034
0.0291155 0.167946 0.342797 0.190877 0.24648 0.0227838
9.9991E-005 0.0342297 0.545402 0.263703 0.115143 0.0414221
0.0295 0.202459 0.589694 0.0203451 0.0765116 0.0814907
0.0254082 0.0963512 0.492001 0.218314 0.167826 9.9991E-005
9.9991E-005 0.260369 0.165582 0.377342 0.0906572 0.105949
9.9991E-005 0.164738 0.464682 0.0660894 0.183887 0.120503
9.9991E-005 0.199257 0.300357 0.338516 0.0343403 0.12743
0.732561 0.0192403 9.9973E-005 9.9973E-005 9.9973E-005 0.247899
0.0327199 0.243285 0.364261 0.347102 9.9991E-005 0.0125316
0.096689 0.0387703 0.0575903 0.538245 0.142383 0.126322
9.9982E-005 0.0965755 0.605901 9.9982E-005 0.159271 0.138052
9.9991E-005 0.267061 0.29978 0.16124 0.146242 0.125577
9.9991E-005 0.17775 0.199449 0.27755 0.0994073 0.245743
9.9982E-005 0.2742 0.0758097 0.537164 0.112627 9.9982E-005
9.9991E-005 0.199037 0.353522 0.185316 0.0941126 0.167912
9.9991E-005 0.0992529 0.490616 0.390034 0.0127436 0.00725395
9.9991E-005 0.0615616 0.506928 0.182555 0.157978 0.0908781
9.9982E-005 0.393908 0.33422 0.207609 0.0640634 9.9982E-005
0.00192218 0.206883 0.082096 0.267498 0.276342 0.165259
9.9982E-005 0.240098 0.380081 9.9982E-005 0.317504 0.0621164
9.9991E-005 0.120614 0.42526 0.183471 0.0172461 0.253309
9.9991E-005 0.062139 0.475085 0.241709 0.142542 0.078426
9.9982E-005 0.0561338 9.9982E-005 0.57766 0.0841204 0.281886
9.9991E-005 0.147577 0.520027 0.00518295 0.223207 0.103907
9.9982E-005 0.176902 0.472291 9.9982E-005 0.0662829 0.284325
9.9982E-005 0.391422 0.239062 0.101207 0.268109 9.9982E-005
9.9991E-005 0.294936 0.252696 0.269112 0.040191 0.142965
9.9973E-005 9.9973E-005 9.9973E-005 0.342628 0.336111 0.320961
0.838822 0.0363395 9.9973E-005 9.9973E-005 9.9973E-005 0.124538
9.9991E-005 0.183784 0.445501 0.106087 0.146271 0.118257
9.9982E-005 0.253902 0.241349 0.331644 0.172905 9.9982E-005
9.9982E-005 0.236624 0.311096 0.198892 0.253188 9.9982E-005
0.00411836 0.260599 0.42512 0.123299 0.186763 9.9991E-005
0.0553651 0.298032 0.548601 0.088548 0.00935406 9.9991E-005
9.9991E-005 0.16852 0.502532 0.196636 0.0128744 0.119337
9.9991E-005 0.169792 0.561781 0.12037 0.0785458 0.0694107
0.0447979 0.157185 0.584452 0.159377 0.0540873 9.9991E-005
0.0730311 0.105488 0.626852 0.0574679 9.9991E-005 0.137061
9.9991E-005 0.325845 0.271664 0.324484 0.00602723 0.0718796
9.9991E-005 0.0631916 0.0234802 0.365867 0.322847 0.224514
9.9991E-005 0.469384 0.456031 0.0517631 0.0177754 0.00494662
9.9982E-005 0.241462 0.422874 0.193048 0.142416 9.9982E-005
9.9973E-005 0.256435 9.9973E-005 0.499318 0.243947 9.9973E-005
9.9982E-005 0.210174 0.471352 9.9982E-005 0.143874 0.1744
9.9982E-005 0.096237 9.9982E-005 0.33823 0.267228 0.298106
0.0704826 0.310482 0.354567 0.0669974 0.183065 0.0144054
9.9982E-005 0.275121 0.431865 0.168198 9.9982E-005 0.124615
9.9991E-005 0.121769 0.125575 0.317511 0.152392 0.282653
0.019104 0.143189 0.472547 0.0989087 0.172427 0.0938233
0.00973827 0.0395053 0.386833 0.187978 0.253324 0.122622
0.0483348 0.674093 0.221167 0.0562053 9.9982E-005 9.9982E-005
0.606144 0.393456 9.9964E-005 9.9964E-005 9.9964E-005 9.9964E-005
0.010591 0.286179 0.461213 0.18067 0.061247 9.9991E-005
9.9991E-005 0.26496 0.416023 0.144452 0.134204 0.040261
9.9991E-005 0.206296 0.504265 0.100824 0.0308281 0.157687
0.0525421 9.9991E-005 0.533011 0.087659 0.243498 0.0831894
0.0236295 0.305245 0.420328 0.0841866 0.16651 9.9991E-005
9.9982E-005 0.315441 0.466474 0.0222918 0.195593 9.9982E-005
0.00149367 0.482307 0.243939 0.0738178 0.198342 9.9991E-005
0.00244669 9.9982E-005 9.9982E-005 0.724597 0.141417 0.13134
0.00583279 0.465141 0.23465 9.9982E-005 9.9982E-005 0.294176
9.9991E-005 0.120005 0.508427 0.115519 0.239114 0.0168347
0.0591915 0.156644 0.696794 0.0639835 0.0176775 0.00570962
0.0109835 0.0410521 0.521928 0.0764594 0.237264 0.112313
9.9982E-005 0.269478 0.287943 0.196003 9.9982E-005 0.246375
9.9991E-005 0.038547 0.321669 0.336024 0.116409 0.187252
9.9982E-005 0.206088 0.187196 0.479516 0.127 9.9982E-005
9.9991E-005 0.184118 0.29588 0.0291609 0.142773 0.347969
9.9991E-005 0.18019 0.414702 0.152777 0.0627066 0.189525
9.9973E-005 0.0875275 0.519649 9.9973E-005 9.9973E-005 0.392524
0.0248279 9.9991E-005 0.0216002 0.591161 0.140511 0.2218
0.0088848 0.273622 0.254334 0.366165 0.0968942 9.9991E-005
9.9973E-005 9.9973E-005 0.661578 9.9973E-005 0.0617512 0.27637
0.0216416 0.0745925 0.591329 0.130604 0.152355 0.0294778
0.0221067 0.190885 0.393643 0.108529 0.0527221 0.232114
9.9973E-005 0.375772 0.507543 9.9973E-005 0.116384 9.9973E-005
9.9982E-005 0.119181 0.366177 9.9982E-005 0.354417 0.160025
0.007546 0.178483 0.0198219 0.480833 0.000777028 0.312539
0.059752 0.274436 0.0229541 0.261871 0.270236 0.110751
9.9982E-005 0.268163 0.353482 0.158521 9.9982E-005 0.219633
9.9982E-005 0.133885 0.476843 0.114035 0.275037 9.9982E-005
9.9982E-005 0.322572 0.368036 0.30822 9.9982E-005 0.000972849
9.9991E-005 0.129763 0.366634 0.252271 0.192599 0.0586327
0.0402121 0.113018 0.505408 0.0289253 0.312337 9.9991E-005
0.00752002 0.200561 0.528604 0.00444969 9.9991E-005 0.258766
0.16455 9.9991E-005 0.128818 0.0892322 0.0913878 0.525911
0.0394067 0.136138 0.458439 0.290374 0.0755421 9.9991E-005
9.9991E-005 0.178969 0.363037 0.108358 0.171838 0.177697
0.207322 9.9991E-005 0.115673 0.0854972 0.266187 0.325221
0.216847 0.0709622 9.9982E-005 0.362328 9.9982E-005 0.349662
9.9991E-005 0.184285 0.586877 0.0406483 0.142603 0.0454863
0.00877339 0.143051 0.30973 0.110462 0.233055 0.194928
9.9991E-005 0.317822 0.447087 0.0794704 0.141551 0.0139688
9.9982E-005 0.18334 0.087447 0.714651 0.014362 9.9982E-005
9.9991E-005 0.178788 0.368941 0.221768 0.088314 0.142089
9.9982E-005 0.376469 0.310262 0.11807 0.194999 9.9982E-005
0.231848 0.0219037 0.0867949 0.115875 0.0437451 0.499834
0.0510279 0.294643 0.384733 0.170686 0.0195624 0.0793473
0.00755251 0.199862 0.568855 0.183219 0.0404115 9.9991E-005
9.9982E-005 0.243507 0.333085 0.140834 0.282374 9.9982E-005
0.0331371 0.0519778 0.498076 0.249097 0.115749 0.0519628
9.9982E-005 0.0675914 0.608298 0.256501 9.9982E-005 0.0674093
9.9991E-005 0.271557 0.475841 0.0974435 0.140375 0.0146828
0.0403231 0.228726 0.436739 0.0818026 0.212309 9.9991E-005
9.9991E-005 0.221188 0.307461 0.236043 0.107863 0.127345
9.9973E-005 9.9973E-005 0.548259 0.09326 0.358182 9.9973E-005
9.9991E-005 0.198317 0.380218 0.180548 0.0894828 0.151334
0.567356 9.9982E-005 0.0529065 9.9982E-005 0.238462 0.141076
9.9982E-005 0.479263 0.486475 9.9982E-005 0.0139055 0.020157
0.0357459 0.200526 0.593726 0.169802 9.9982E-005 9.9982E-005
9.9991E-005 0.177517 0.184382 0.155302 0.147291 0.335409
0.00410596 0.254142 0.514567 0.00643731 0.220648 9.9991E-005
9.9991E-005 0.17883 0.379325 0.189266 0.0732958 0.179184
9.9991E-005 0.314647 0.434877 0.0169404 0.0203452 0.21309
0.0422848 0.00952462 0.165872 0.129599 0.359379 0.293341
9.9991E-005 0.431182 0.343397 0.0799831 0.060001 0.085336
0.0282402 0.284643 0.493789 0.117352 0.0758746 9.9991E-005
0.027154 0.13744 0.478011 0.0711791 0.242835 0.0433799
9.9991E-005 0.121405 0.466898 0.221338 0.137275 0.0529844
9.9982E-005 0.24839 0.333144 0.178452 9.9982E-005 0.239814
0.930348 0.069252 9.9964E-005 9.9964E-005 9.9964E-005 9.9964E-005
9.9982E-005 0.307313 0.402909 0.0705394 9.9982E-005 0.219038
9.9982E-005 0.341135 0.140649 0.349209 0.168807 9.9982E-005
0.0447754 0.18171 0.450337 0.0904977 0.232579 9.9991E-005
9.9991E-005 0.130212 0.506481 0.0316278 0.291133 0.0404461
0.002614 0.233253 0.468782 9.9982E-005 0.295151 9.9982E-005
0.0845773 0.234526 0.477834 0.117729 0.0852343 9.9991E-005
0.530273 9.9973E-005 9.9973E-005 9.9973E-005 0.328706 0.140721
9.9982E-005 0.130201 0.567126 0.217129 9.9982E-005 0.0853431
9.9982E-005 0.212203 0.324204 0.132363 9.9982E-005 0.33103
9.9991E-005 0.0761868 0.41846 0.246889 0.181221 0.0771429
9.9991E-005 0.235185 0.303118 0.200367 0.0357756 0.225455
9.9982E-005 0.414852 0.283287 9.9982E-005 0.220777 0.0808847
9.9991E-005 0.332914 0.444875 0.0126915 0.0228366 0.186583
9.9991E-005 0.296066 0.320041 0.131853 0.016164 0.235776
0.00250994 0.250197 0.342941 0.150258 0.230611 0.0234838
9.9982E-005 0.117562 0.363223 9.9982E-005 0.18774 0.331275
0.0424668 0.0237586 0.370293 0.32851 0.234871 9.9991E-005
9.9982E-005 0.510138 0.371314 9.9982E-005 0.113826 0.00452151
9.9991E-005 0.229716 0.312753 0.436609 0.0086701 0.0121513
9.9991E-005 0.196887 0.363377 0.374569 0.0296974 0.0353692
0.00910685 0.197792 0.51339 0.184692 0.0716475 0.0233716
9.9982E-005 0.159888 0.368152 0.355435 9.9982E-005 0.116325
0.0406251 0.211601 0.294709 0.291704 0.0488028 0.112558
9.9982E-005 0.220994 0.329501 0.151956 0.297349 9.9982E-005
0.0533384 0.322614 0.527761 0.0960869 9.9982E-005 9.9982E-005
0.0387136 0.100625 0.500379 0.0547214 0.305461 9.9991E-005
9.9991E-005 0.340174 0.254298 0.161248 0.142963 0.101217
9.9982E-005 0.296736 0.205576 0.215797 9.9982E-005 0.28169
9.9982E-005 0.215866 0.513755 0.094826 0.175353 9.9982E-005
9.9982E-005 0.309777 0.22607 0.270283 0.193669 9.9982E-005
9.9982E-005 0.071693 0.478636 0.401376 0.0480947 9.9982E-005
0.815739 0.0184984 9.9982E-005 0.035188 9.9982E-005 0.130374
0.280769 0.0656582 0.0316556 0.27445 0.00668409 0.340783
0.1828 0.145493 0.0591947 0.159183 0.199104 0.254225
0.430231 0.100031 0.0130422 9.9982E-005 9.9982E-005 0.456496
9.9991E-005 0.13088 0.133981 0.162021 0.119471 0.453546
9.9991E-005 0.168997 0.142823 0.4657 0.144678 0.0777019
0.0308029 9.9991E-005 0.00521373 0.0792377 0.648555 0.236091
9.9991E-005 0.173406 0.519503 0.00460051 0.142839 0.159551
0.0272958 0.198263 0.340609 0.344251 0.0894809 9.9991E-005
9.9982E-005 0.31289 0.515099 0.00021722 9.9982E-005 0.171594
9.9991E-005 0.189652 0.207727 0.285622 0.163545 0.153354
0.0841491 0.0700516 0.426467 0.315236 0.103996 9.9991E-005
0.039885 0.225092 0.393203 0.287146 0.0545737 9.9991E-005
9.9991E-005 0.260231 0.304396 0.203364 0.0247355 0.207174
0.0100359 0.213021 0.38127 0.223602 0.171972 9.9991E-005
9.9982E-005 0.290502 0.402844 0.194104 9.9982E-005 0.11235
0.0227143 0.170404 0.526727 0.0174976 0.142016 0.120642
9.9991E-005 0.0759049 0.44868 0.0682475 0.160676 0.246393
9.9991E-005 0.0695763 0.229596 0.254535 0.151921 0.294271
0.0539128 0.272221 0.348513 0.0994989 0.0814541 0.1444
9.9973E-005 0.285206 0.369677 9.9973E-005 0.344817 9.9973E-005
0.0396656 0.170587 0.335474 0.128176 0.186851 0.139246
0.684472 9.9982E-005 0.090471 0.141085 9.9982E-005 0.0837725
0.123152 9.9991E-005 0.106971 0.363512 0.0744936 0.331772
9.9982E-005 0.250774 0.442284 0.280669 9.9982E-005 0.0260737
9.9982E-005 0.335703 0.331961 0.016776 0.315361 9.9982E-005
0.131112 0.0342578 0.031008 0.342239 0.145727 0.315656
0.0191375 0.431022 0.370025 0.176084 9.9991E-005 0.00363109
0.0425951 0.128976 0.64398 0.125268 0.0590802 9.9991E-005
0.0209524 0.0019679 9.9991E-005 0.461128 0.230589 0.285263
9.9982E-005 0.127246 0.526404 0.255037 0.0911131 9.9982E-005
0.0326659 0.36164 0.381112 0.103167 0.121316 9.9991E-005
9.9964E-005 0.990216 9.9964E-005 0.00938453 9.9964E-005 9.9964E-005
9.9964E-005 0.98382 0.0157804 9.9964E-005 9.9964E-005 9.9964E-005
0.0454795 0.000344713 0.482233 0.176273 0.14003 0.155641
9.9982E-005 0.017385 0.529453 0.297837 0.155125 9.9982E-005
0.223113 0.0668832 0.0783075 0.013906 0.104383 0.513407
9.9982E-005 0.380439 0.326884 0.100308 0.192169 9.9982E-005
0.0135235 0.133505 0.39447 0.273214 0.185187 9.9991E-005
9.9991E-005 0.367371 0.516172 0.00266664 0.0704639 0.0432265
0.092815 0.184967 0.00673928 0.0273666 0.238905 0.449207
9.9991E-005 0.346802 0.0374097 0.0242116 0.392106 0.19937
9.9991E-005 0.0268428 0.187242 0.254315 0.240744 0.290756
9.9982E-005 0.144816 0.441444 0.0860639 0.327476 9.9982E-005
0.00732953 0.0430778 0.12217 0.336846 0.292196 0.198381
9.9982E-005 0.0320185 0.584083 0.153504 0.230195 9.9982E-005
9.9991E-005 0.202257 0.253737 0.30521 0.142375 0.096321
9.9991E-005 0.193139 0.445931 0.106581 0.0708113 0.183437
9.9991E-005 0.118546 0.409956 0.104728 0.20873 0.157941
0.174818 0.15066 0.0572278 0.164663 0.0505331 0.402098
9.9991E-005 0.258191 0.349027 0.139014 0.160512 0.0931561
0.687291 9.9964E-005 9.9964E-005 9.9964E-005 9.9964E-005 0.312309
9.9991E-005 0.157176 0.342737 0.0612603 0.195974 0.242753
9.9982E-005 0.0521192 0.509103 0.196116 0.242462 9.9982E-005
0.9995 9.996E-005 9.996E-005 9.996E-005 9.996E-005 9.996E-005
0.83507 9.9973E-005 0.127343 9.9973E-005 0.0372875 9.9973E-005
9.9991E-005 0.0782969 0.397667 0.165596 0.125336 0.233004
9.9991E-005 0.162973 0.297106 0.170675 0.173853 0.195293
9.9991E-005 0.234288 0.409707 0.0986167 0.128493 0.128794
0.0150973 0.440363 0.359612 9.9991E-005 0.0884653 0.0963625
9.9982E-005 0.246184 0.289831 0.17507 0.288715 9.9982E-005
9.9982E-005 0.236535 0.634211 0.0252329 0.103821 9.9982E-005
0.040117 0.12845 0.328201 0.0443735 0.382317 0.0765416
0.285414 0.00985157 0.071196 0.270249 0.0580933 0.305196
0.0121489 0.406718 0.257772 0.025393 0.272745 0.0252221
0.0784116 0.247911 0.622037 0.0464033 9.9991E-005 0.00513714
9.9982E-005 0.187074 0.241179 9.9982E-005 0.310667 0.260879
0.0460199 9.9991E-005 0.0248623 0.145684 0.672338 0.110996
9.9973E-005 9.9973E-005 0.281657 0.707312 0.010731 9.9973E-005
9.9973E-005 0.945194 9.9973E-005 9.9973E-005 0.0216414 0.0328645
9.9991E-005 0.260499 0.391377 0.0343941 0.093007 0.220623
0.142865 9.9982E-005 0.0344643 9.9982E-005 0.257254 0.565217
0.0142648 0.321573 0.415528 0.00277561 0.244583 0.00127553
0.0428712 0.253638 0.343766 0.359525 9.9982E-005 9.9982E-005
9.9973E-005 0.21144 0.495857 9.9973E-005 0.292403 9.9973E-005
9.9991E-005 0.0189043 0.478618 0.0208623 0.341767 0.139748
9.9982E-005 0.435398 0.175154 9.9982E-005 0.317873 0.071375
9.9991E-005 0.172252 0.32973 0.297686 0.105363 0.0948695
9.9982E-005 0.126683 0.392467 0.450056 0.0305936 9.9982E-005
0.0127224 0.111649 0.141274 0.329283 0.251182 0.15389
9.9991E-005 0.0607103 0.0361745 0.521068 0.12947 0.252477
9.9982E-005 0.316463 0.393332 0.0749185 0.215086 9.9982E-005
9.9991E-005 0.214634 0.490644 0.12488 0.151288 0.0184529
9.9982E-005 0.155482 0.480519 0.285283 0.0785161 9.9982E-005
