0.269155 9.9982E-005 0.0798951 0.474375 0.176375 9.9982E-005
0.288438 0.209464 9.9982E-005 0.340519 0.161378 9.9982E-005
0.290631 0.316047 9.9982E-005 0.363503 9.9982E-005 0.029619
0.155551 0.11813 9.9991E-005 0.571449 0.0364676 0.118303
0.226899 0.124989 9.9991E-005 0.612752 0.0247162 0.0105431
0.134929 9.9973E-005 0.0574167 9.9973E-005 9.9973E-005 0.807355
0.226454 0.0356804 0.100032 0.561962 0.0757714 9.9991E-005
0.067956 9.9982E-005 0.0200065 9.9982E-005 0.0336109 0.878227
0.174484 0.206115 9.9991E-005 0.506997 0.0774024 0.0349007
0.208746 9.9973E-005 9.9973E-005 0.490252 0.300702 9.9973E-005
0.253545 0.0437421 9.9991E-005 0.628476 0.0536801 0.0204572
0.14543 9.9982E-005 9.9982E-005 0.442241 0.132605 0.279525
0.209641 0.0661386 9.9982E-005 0.590412 0.133608 9.9982E-005
0.27239 0.00630718 9.9991E-005 0.59172 0.0517531 0.0777292
0.215232 0.0075753 9.9991E-005 0.0245858 0.0843057 0.668201
0.383437 0.262495 9.9991E-005 0.287097 0.0195716 0.0473003
0.464549 9.9991E-005 0.0586621 0.352062 0.0111163 0.11351
9.9973E-005 0.261466 0.102226 0.636008 9.9973E-005 9.9973E-005
0.330662 0.136161 9.9991E-005 0.498116 0.0240582 0.0109037
0.270374 0.0150887 0.00716492 0.600091 0.107182 9.9991E-005
9.9964E-005 0.218402 9.9964E-005 0.781199 9.9964E-005 9.9964E-005
0.276173 0.208233 9.9991E-005 0.368779 0.0724373 0.0742774
0.347792 9.9982E-005 0.0331031 0.581999 0.0369059 9.9982E-005
0.238813 9.9982E-005 9.9982E-005 0.0125465 0.123291 0.62515
0.0518164 0.230602 0.0596286 0.612915 0.0449385 9.9991E-005
0.121139 0.0386351 9.9991E-005 0.154152 0.00594775 0.680026
0.239768 0.197281 9.9982E-005 0.11581 9.9982E-005 0.446942
0.00333225 9.9991E-005 0.0143142 0.612534 0.00504181 0.364678
0.270309 0.0426758 9.9973E-005 9.9973E-005 9.9973E-005 0.686715
0.0499695 0.0208338 9.9991E-005 0.747662 0.0368296 0.144605
0.307516 0.00328707 0.119406 0.0982613 0.00754919 0.463981
0.0694246 0.129704 9.9991E-005 0.666058 0.112403 0.0223099
0.471438 0.127822 9.9991E-005 0.154866 0.0549697 0.190804
9.9964E-005 9.9964E-005 9.9964E-005 0.141231 9.9964E-005 0.858369
9.9964E-005 9.9964E-005 9.9964E-005 9.9964E-005 0.110109 0.889491
0.0316304 0.246659 9.9982E-005 0.608639 9.9982E-005 0.112871
9.9982E-005 0.110536 9.9982E-005 0.634955 0.0678016 0.186508
0.245792 0.294466 9.9973E-005 0.459442 9.9973E-005 9.9973E-005
9.9964E-005 9.9964E-005 9.9964E-005 9.9964E-005 0.237579 0.762021
0.325177 0.130623 0.0126429 0.033838 0.112754 0.384965
0.302734 0.392966 9.9982E-005 0.0988936 9.9982E-005 0.205206
0.457778 9.9973E-005 0.00610141 0.535821 9.9973E-005 9.9973E-005
0.199214 0.120007 9.9991E-005 0.538731 0.00474172 0.137207
9.9973E-005 0.342252 9.9973E-005 9.9973E-005 0.115093 0.542355
0.365959 0.000336336 0.00218204 0.396881 0.234541 9.9991E-005
0.167866 0.198339 9.9982E-005 0.27535 0.358246 9.9982E-005
0.318192 0.237758 0.0120733 0.395939 0.0290687 0.00696863
0.502853 0.08818 9.9982E-005 0.391092 9.9982E-005 0.0176749
0.365736 0.156941 9.9991E-005 0.205731 0.226372 0.0451195
0.409801 0.0888435 9.9973E-005 9.9973E-005 9.9973E-005 0.501056
0.130246 0.167611 0.0696436 0.632189 0.000211521 9.9991E-005
0.24488 9.9991E-005 0.0754464 0.171281 0.118199 0.390093
0.25644 0.146732 9.9982E-005 0.300422 0.296206 9.9982E-005
9.9964E-005 0.159239 9.9964E-005 9.9964E-005 9.9964E-005 0.840361
0.226688 0.00522737 9.9991E-005 0.284109 0.0491922 0.434683
0.153944 0.0242658 0.0360486 0.694772 0.09087 9.9991E-005
0.217792 9.9973E-005 9.9973E-005 0.57799 0.203918 9.9973E-005
0.192913 0.0232529 9.9991E-005 0.423893 0.166552 0.193289
0.360762 9.9982E-005 9.9982E-005 0.118549 0.203271 0.317218
9.9973E-005 0.0481178 9.9973E-005 0.578289 9.9973E-005 0.373293
0.154058 9.9973E-005 0.00188599 9.9973E-005 9.9973E-005 0.843756
0.155314 0.00600907 9.9973E-005 9.9973E-005 9.9973E-005 0.838377
0.0682934 0.222482 0.0462535 0.612937 9.9991E-005 0.0499338
0.111475 9.9964E-005 9.9964E-005 9.9964E-005 9.9964E-005 0.888125
0.395684 0.0470201 0.0524068 0.45746 0.0473288 9.9991E-005
9.9973E-005 0.0596358 9.9973E-005 9.9973E-005 0.0815171 0.858547
0.0683703 0.143486 0.0087084 0.600317 0.179018 9.9991E-005
0.420694 0.130514 9.9982E-005 0.301644 9.9982E-005 0.146947
0.404922 0.131979 9.9982E-005 0.36078 0.10212 9.9982E-005
0.260285 0.00723099 0.0168188 9.9982E-005 9.9982E-005 0.715465
0.32223 9.9982E-005 0.0578314 0.285926 0.333813 9.9982E-005
0.0808265 0.185737 9.9991E-005 0.528994 0.133614 0.0707283
0.289706 9.9982E-005 9.9982E-005 0.343469 0.0849084 0.281716
0.316812 9.9982E-005 0.00721444 0.533795 0.141979 9.9982E-005
0.280116 0.0628904 9.9991E-005 0.530919 0.107313 0.0186615
0.183678 9.9982E-005 9.9982E-005 0.316803 0.153781 0.345538
0.243384 0.191021 9.9991E-005 0.460851 0.07605 0.028595
0.402499 0.180615 9.9991E-005 0.179807 0.150442 0.0865363
0.375539 0.115761 9.9982E-005 0.387217 9.9982E-005 0.121283
0.13087 0.283042 0.000378612 0.515566 0.0519431 0.018199
0.362576 0.0525989 9.9982E-005 0.311307 0.273318 9.9982E-005
0.301084 0.168656 0.0213553 0.429347 0.0299599 0.0495979
0.364689 9.9982E-005 9.9982E-005 0.399894 0.198497 0.0367196
0.227441 9.9982E-005 0.0185021 0.605338 0.148519 9.9982E-005
0.228656 9.9973E-005 9.9973E-005 0.637484 0.133561 9.9973E-005
0.353609 0.0230647 9.9991E-005 0.218677 0.295258 0.109291
0.168846 0.242366 9.9991E-005 0.235745 0.0306317 0.322311
0.356775 0.0892814 9.9991E-005 0.31837 0.0314192 0.204055
0.130749 9.99731E-005 9.99731E-005 0.0601158 9.99731E-005 0.808835
0.174023 0.196122 9.9991E-005 0.267519 0.0875303 0.274705
0.441762 0.169585 9.9982E-005 0.26946 0.118993 9.9982E-005
0.175388 0.133778 9.9982E-005 0.166847 9.9982E-005 0.523787
0.189051 0.14228 9.9982E-005 0.602588 0.065882 9.9982E-005
0.156852 9.9973E-005 9.9973E-005 0.590529 9.9973E-005 0.252319
0.388541 9.9982E-005 0.0578975 0.101794 9.9982E-005 0.451568
0.145885 9.9964E-005 9.9964E-005 9.9964E-005 9.9964E-005 0.853715
0.167698 0.15525 9.9991E-005 0.461375 0.111855 0.103722
0.503072 0.158272 9.9991E-005 0.218743 0.0856503 0.0341628
0.417733 0.0392833 9.9991E-005 0.330465 0.210153 0.00226617
0.0818528 9.9982E-005 9.9982E-005 0.563851 0.0862089 0.267887
0.39948 0.0463847 0.0476583 0.0456993 9.9991E-005 0.460677
0.0107651 0.163336 9.9991E-005 0.709522 0.0491349 0.0671418
0.211577 0.158118 0.00766474 0.511921 0.0992746 0.0114444
0.380917 9.9982E-005 0.00929489 0.580872 0.0287168 9.9982E-005
0.270276 0.180498 9.9982E-005 0.500631 0.0483956 9.9982E-005
0.0583663 9.9973E-005 9.9973E-005 9.9973E-005 0.157585 0.783749
0.247034 9.9991E-005 0.100784 0.107364 0.0665551 0.478164
0.26981 0.0481321 9.9982E-005 0.574799 0.107059 9.9982E-005
0.200469 9.9982E-005 9.9982E-005 0.525346 0.224894 0.0490907
0.142807 0.203334 9.9982E-005 0.648064 9.9982E-005 0.00559496
0.279781 0.0637141 9.9982E-005 0.18624 9.9982E-005 0.470066
0.0501826 9.9973E-005 0.0731881 9.9973E-005 9.9973E-005 0.876329
0.303218 0.00978321 9.9982E-005 0.261472 9.9982E-005 0.425327
0.00399375 0.264031 9.9982E-005 0.696999 9.9982E-005 0.0347765
0.349167 9.9982E-005 9.9982E-005 0.548062 0.0694536 0.0331183
9.9973E-005 9.9973E-005 0.0217049 0.636385 0.34161 9.9973E-005
0.348704 0.00722616 0.0188751 0.556459 0.0686359 9.9991E-005
9.9964E-005 9.9964E-005 0.0575541 9.9964E-005 9.9964E-005 0.942046
0.0247921 0.0177405 0.0775102 0.805782 9.9991E-005 0.074075
0.0859618 0.300703 9.9982E-005 0.562002 0.051133 9.9982E-005
0.13484 0.0237536 9.9991E-005 0.689801 0.0693033 0.0822018
0.166027 0.0371185 9.9982E-005 0.184646 9.9982E-005 0.612009
0.130816 0.340256 9.9973E-005 0.528628 9.9973E-005 9.9973E-005
0.282503 0.177166 9.9991E-005 0.436785 0.0774172 0.0260285
0.136224 0.0551409 9.9982E-005 0.67268 0.135755 9.9982E-005
0.264747 0.0444406 9.9991E-005 0.491559 0.0998126 0.0993409
0.13207 0.030324 9.9991E-005 0.16575 0.0452493 0.626507
0.132929 9.9982E-005 0.0177697 9.9982E-005 0.00459205 0.844509
0.360524 0.214162 9.9982E-005 0.299674 0.12544 9.9982E-005
0.208324 0.107415 0.0666354 0.472646 0.14488 9.9991E-005
0.245441 0.190405 9.9973E-005 0.563854 9.9973E-005 9.9973E-005
0.252481 0.381616 9.9982E-005 0.336 0.0297035 9.9982E-005
0.138057 0.158108 9.9991E-005 0.231738 0.0327238 0.439273
0.247225 0.199216 0.0975897 0.363136 0.0876619 0.00517169
0.0434222 0.138458 9.9982E-005 0.63745 9.9982E-005 0.18047
0.693535 0.0162513 9.9973E-005 9.9973E-005 0.289914 9.9973E-005
0.0251315 9.9982E-005 9.9982E-005 0.219601 0.169376 0.585691
9.9982E-005 0.107172 9.9982E-005 0.476216 0.084695 0.331717
0.680984 9.9973E-005 9.9973E-005 9.9973E-005 0.286275 0.0324411
0.283197 9.9982E-005 9.9982E-005 0.0736071 0.0560851 0.586911
0.193762 0.064702 9.9982E-005 0.542272 9.9982E-005 0.199063
0.201959 0.11155 0.086109 0.271652 9.9991E-005 0.32863
9.9982E-005 0.226705 9.9982E-005 0.381572 0.0520362 0.339487
0.468819 0.235597 9.9982E-005 9.9982E-005 0.113462 0.181921
0.271366 9.9973E-005 0.0483357 9.9973E-005 9.9973E-005 0.679998
9.9982E-005 0.191331 9.9982E-005 0.333594 0.160261 0.314615
0.385168 0.134808 9.9982E-005 0.298667 9.9982E-005 0.181157
0.291562 0.179719 9.9982E-005 0.416196 0.112322 9.9982E-005
0.0681381 9.9973E-005 9.9973E-005 0.5525 0.379062 9.9973E-005
0.269124 0.0432887 0.109042 0.393062 0.185383 9.9991E-005
0.111991 0.409626 9.9991E-005 0.396246 0.0326283 0.0494087
0.063829 0.0519373 0.00711666 0.500375 0.0513454 0.325397
0.0400982 9.9982E-005 9.9982E-005 0.117385 0.0723261 0.769991
0.129901 0.199753 0.0431877 0.0894154 0.123802 0.413941
0.420138 0.293611 9.9982E-005 0.188288 0.097763 9.9982E-005
0.295486 0.355073 9.9982E-005 0.317879 0.0313616 9.9982E-005
9.9973E-005 0.0643882 9.9973E-005 9.9973E-005 0.0740871 0.861225
0.228849 0.299202 0.00300407 0.43293 0.0359162 9.9991E-005
0.231394 9.9991E-005 0.0498657 0.493687 0.175784 0.0491694
0.176842 0.208696 9.9982E-005 0.408733 9.9982E-005 0.205529
0.331028 0.13564 9.9982E-005 0.345735 0.187398 9.9982E-005
0.450223 0.222634 0.00237554 0.15946 0.0201336 0.145174
0.547625 0.0195478 9.9991E-005 0.258083 0.141386 0.0332577
0.263879 0.120614 0.00586368 0.401359 0.19001 0.0182744
0.243162 9.9973E-005 9.9973E-005 0.609096 0.147442 9.9973E-005
0.086781 0.0339419 0.0221833 0.78185 0.0751438 9.9991E-005
0.371657 0.261288 9.9991E-005 0.126722 0.0916077 0.148626
0.326862 0.054088 0.00126205 0.0635138 0.0543517 0.499922
0.261668 0.12442 9.9991E-005 0.284338 0.0861227 0.243352
0.506928 0.114363 0.0230104 0.183379 0.133489 0.0388312
0.455862 0.118972 0.0902757 0.218596 9.9991E-005 0.116195
0.348297 9.9982E-005 0.0223436 0.532824 9.9982E-005 0.0963358
9.9964E-005 9.9964E-005 0.00532326 9.9964E-005 9.9964E-005 0.994277
0.537311 0.165994 9.9991E-005 0.241144 0.0303241 0.0251269
0.59543 9.9982E-005 9.9982E-005 0.111329 0.0284225 0.264619
0.476247 0.0412311 0.0790191 0.259061 0.144341 9.9991E-005
0.446879 0.0339703 9.9991E-005 0.340322 0.00601642 0.172712
0.136618 0.141878 9.9991E-005 0.151014 0.00391939 0.566471
0.162523 0.079279 9.9991E-005 0.29873 0.040011 0.419357
9.9973E-005 9.9973E-005 0.0257199 0.462769 9.9973E-005 0.511211
0.327441 9.9964E-005 9.9964E-005 0.67216 9.9964E-005 9.9964E-005
9.9964E-005 0.229445 9.9964E-005 9.9964E-005 9.9964E-005 0.770155
0.0519415 0.119854 9.9991E-005 0.386801 0.0233552 0.417949
0.234341 0.0944829 0.0535215 0.465311 0.127561 0.0247831
9.99641E-005 0.07208 9.99641E-005 9.99641E-005 9.99641E-005 0.92752
0.505255 0.0176201 9.9973E-005 9.9973E-005 9.9973E-005 0.476825
0.472215 0.067485 0.0198181 0.440282 9.9982E-005 9.9982E-005
0.339898 9.9982E-005 0.0157738 0.221884 9.9982E-005 0.422244
0.25111 0.0103442 9.9991E-005 0.523295 0.0621123 0.153039
0.2015 0.254847 9.9982E-005 0.528149 0.0153049 9.9982E-005
9.9982E-005 0.355488 9.9982E-005 0.20553 0.102556 0.336225
0.241891 0.0272219 9.9982E-005 0.728401 9.9982E-005 0.00228561
0.20067 0.1406 9.9973E-005 0.65843 9.9973E-005 9.9973E-005
0.224228 0.261028 0.0199507 0.409508 0.074421 0.0108646
0.263628 0.118921 9.9991E-005 0.0869329 0.30006 0.230357
9.9973E-005 9.9973E-005 9.9973E-005 0.569491 0.144021 0.286188
0.0845708 0.217083 0.0760799 0.524491 0.0976751 9.9991E-005
0.18981 0.130473 9.9991E-005 0.484594 0.0567921 0.138231
0.307967 0.107458 0.141698 0.309693 0.133084 9.9991E-005
0.364156 0.309564 9.9973E-005 0.32598 9.9973E-005 9.9973E-005
0.255423 0.208474 9.9991E-005 0.0911956 0.152013 0.292794
0.148237 0.149265 9.9982E-005 0.595839 0.106458 9.9982E-005
0.325737 0.254819 9.9991E-005 0.250717 0.125903 0.0427237
0.163171 0.278127 0.0372793 0.338246 0.183077 9.9991E-005
0.180646 9.9982E-005 0.249499 0.326325 0.24333 9.9982E-005
0.258016 0.097077 9.9991E-005 0.180593 0.224953 0.239261
0.00515118 9.9991E-005 0.0770933 0.747002 0.149733 0.0209212
0.350687 0.16825 9.9991E-005 0.276036 0.0316675 0.173259
0.155955 0.183348 9.9991E-005 0.530115 0.107035 0.0234476
0.0410138 0.0804472 0.0518697 0.685415 0.141155 9.9991E-005
0.168927 0.178533 9.9982E-005 0.495072 0.157268 9.9982E-005
0.28718 9.9991E-005 0.0855998 0.257703 0.0198731 0.349545
0.281791 0.147032 0.00898648 0.192505 0.0208363 0.348849
0.0377675 0.0163297 9.9973E-005 0.945603 9.9973E-005 9.9973E-005
0.0372422 0.259661 9.9982E-005 0.551168 0.151729 9.9982E-005
0.247318 9.9982E-005 0.107223 0.619472 0.0257874 9.9982E-005
0.46463 9.9991E-005 0.100255 0.394341 0.0143699 0.0263046
0.470523 0.0487256 9.9991E-005 0.202491 0.00403668 0.274124
0.418553 0.23729 9.9982E-005 0.18754 9.9982E-005 0.156417
0.391322 0.167435 0.119572 0.242657 0.0789148 9.9991E-005
0.19287 0.10116 9.9982E-005 9.9982E-005 0.118625 0.587145
0.0775301 0.111314 9.9982E-005 0.550589 9.9982E-005 0.260367
0.567459 0.0701378 0.0421068 0.182902 0.06512 0.0722752
0.244938 9.9973E-005 0.0123061 9.9973E-005 9.9973E-005 0.742456
0.493758 0.240677 9.9973E-005 0.265265 9.9973E-005 9.9973E-005
0.402854 0.0815184 9.9991E-005 0.430931 0.0758697 0.00872749
0.145156 0.0967621 9.9982E-005 0.732297 9.9982E-005 0.0255851
0.178678 0.0409518 9.9991E-005 0.604434 0.175162 0.000675143
0.457854 0.121583 0.159098 0.261265 9.9982E-005 9.9982E-005
0.22897 0.172708 9.9991E-005 0.392133 0.202197 0.0038928
0.107871 0.13711 0.000338568 0.723875 0.0184617 0.0123444
0.141387 0.0361652 9.9982E-005 0.705473 0.116775 9.9982E-005
0.209513 0.321767 9.9982E-005 0.276136 9.9982E-005 0.192384
0.222931 9.9982E-005 0.0431269 0.559468 0.174274 9.9982E-005
0.374836 9.9973E-005 9.9973E-005 0.545873 0.078991 9.9973E-005
0.746382 0.212738 9.9973E-005 9.9973E-005 9.9973E-005 0.0405809
0.426785 9.9973E-005 9.9973E-005 0.450502 0.122413 9.9973E-005
0.404473 9.9973E-005 9.9973E-005 0.524526 0.0707003 9.9973E-005
9.9973E-005 0.159587 9.9973E-005 0.450201 9.9973E-005 0.389912
0.396583 9.9973E-005 9.9973E-005 0.342605 9.9973E-005 0.260512
0.170272 0.217845 9.9982E-005 0.589716 9.9982E-005 0.0219668
0.115987 9.9973E-005 9.9973E-005 0.367814 9.9973E-005 0.5159
0.366674 0.104609 9.9982E-005 0.495279 0.0332376 9.9982E-005
0.21788 9.9982E-005 9.9982E-005 0.434561 0.00217723 0.345182
9.9991E-005 0.229544 0.00464862 0.693066 0.0335944 0.0390463
0.623933 9.9982E-005 9.9982E-005 0.0546522 0.186511 0.134704
0.244406 0.0131659 0.130728 0.304596 9.9991E-005 0.307004
0.143569 0.017074 9.9991E-005 0.115798 0.264697 0.458763
0.223129 0.258222 9.9982E-005 0.452089 9.9982E-005 0.0663611
0.469368 0.0156482 9.9973E-005 0.514683 9.9973E-005 9.9973E-005
0.271197 0.0860144 9.9982E-005 0.311971 9.9982E-005 0.330618
0.130862 0.160897 0.00632398 0.486035 0.190647 0.0252341
0.0319289 0.115482 9.9991E-005 0.696994 0.125737 0.0297577
0.00316621 0.00261362 9.9982E-005 9.9982E-005 0.100054 0.893966
0.212375 0.0576133 9.9982E-005 0.524717 0.205094 9.9982E-005
0.315454 0.0608085 9.9973E-005 0.623438 9.9973E-005 9.9973E-005
0.205074 0.267237 9.9982E-005 0.514906 0.012582 9.9982E-005
0.207224 0.201216 9.9991E-005 0.478025 0.0919913 0.0214435
0.143458 9.9982E-005 9.9982E-005 0.654895 0.156327 0.0451192
0.216899 0.0978725 9.9982E-005 0.498687 0.186341 9.9982E-005
0.088373 0.257934 9.9982E-005 0.603157 9.9982E-005 0.0503365
0.209893 0.148625 9.9991E-005 0.536071 0.0288191 0.0764917
0.134323 0.0779107 0.0580884 0.0792579 0.107935 0.542485
0.269474 0.162344 9.9982E-005 0.476422 0.0915595 9.9982E-005
0.0437418 0.0222361 0.0071404 0.781335 0.145446 9.9991E-005
0.203514 0.249222 0.0701932 0.225668 0.0737928 0.177611
0.0995849 9.9991E-005 0.0241682 0.358231 0.086303 0.431613
0.229592 0.0842653 0.015992 0.487414 0.182637 9.9991E-005
0.180933 0.0752671 9.9991E-005 0.428143 0.0404378 0.275119
0.190876 0.0199206 9.9982E-005 0.760827 9.9982E-005 0.0281768
0.189061 9.9982E-005 9.9982E-005 0.363151 0.0664228 0.381165
0.287504 0.112344 9.9991E-005 0.387243 0.1315 0.0813087
0.367982 9.9982E-005 9.9982E-005 0.062197 0.164455 0.405166
0.0687926 9.9982E-005 9.9982E-005 0.56883 0.154851 0.207326
0.392899 0.210478 0.0353127 0.218514 0.142696 9.9991E-005
0.0963039 0.0598795 0.0289337 0.438339 0.0982024 0.278342
0.263153 0.123848 9.9982E-005 0.449252 0.163547 9.9982E-005
0.278966 0.0920694 0.0135039 0.545307 0.0151409 0.0550131
0.45638 0.190487 9.9991E-005 0.22373 0.127863 0.00144108
0.332576 0.0687252 0.0059783 0.319236 9.9991E-005 0.273384
0.312846 0.113554 0.000272718 0.483637 0.037505 0.0521859
0.150409 0.367168 9.9982E-005 0.221279 0.260944 9.9982E-005
0.133416 0.103622 0.0127523 0.728257 0.021852 9.9991E-005
9.9982E-005 9.9982E-005 0.0801197 0.238144 0.073433 0.608103
9.9973E-005 0.0642281 0.0388237 9.9973E-005 9.9973E-005 0.896648
0.217485 0.21686 9.9991E-005 0.43652 0.0701604 0.0588747
0.150757 0.224972 0.0136598 0.384996 0.101521 0.124094
0.450771 0.151729 0.034183 0.19349 0.110538 0.0592881
0.359907 0.177965 9.9991E-005 0.260097 0.00477618 0.197155
0.127284 0.343631 9.9982E-005 0.278549 9.9982E-005 0.250336
0.141448 0.0584813 9.9991E-005 0.550942 0.153011 0.0960175
0.242632 0.232418 0.024347 0.427844 0.072658 9.9991E-005
0.186773 0.176086 9.9991E-005 0.569005 0.0542424 0.0137938
0.233803 0.193833 9.9982E-005 0.564837 0.00732676 9.9982E-005
9.9973E-005 0.309055 9.9973E-005 0.606686 0.0839585 9.9973E-005
0.208813 0.042949 9.9982E-005 0.679909 0.0681287 9.9982E-005
0.330174 0.122892 9.9973E-005 0.546635 9.9973E-005 9.9973E-005
0.661298 9.9973E-005 9.9973E-005 0.135025 0.203378 9.9973E-005
9.9991E-005 0.153518 0.0717227 0.601726 0.148818 0.0241161
0.298019 0.00575045 9.9991E-005 0.424275 0.270362 0.00149472
0.242283 0.371967 9.9973E-005 0.38545 9.9973E-005 9.9973E-005
0.147277 0.403932 9.9982E-005 0.414045 9.9982E-005 0.0345458
0.0138654 0.079297 0.0172993 0.563425 0.146634 0.179479
0.0230068 9.9991E-005 0.0644619 0.0616291 0.282103 0.568699
0.239184 9.9982E-005 9.9982E-005 0.175842 0.177019 0.407755
9.9973E-005 9.9973E-005 0.0362887 0.177824 9.9973E-005 0.785588
0.139063 0.196052 9.9982E-005 0.618025 0.0466608 9.9982E-005
9.9964E-005 9.9964E-005 9.9964E-005 9.9964E-005 0.148153 0.851447
0.191457 0.0792976 0.0497462 9.9982E-005 9.9982E-005 0.6793
0.234827 0.221767 9.9991E-005 0.450783 0.0890576 0.0034656
0.159986 0.0386588 0.0300512 0.555947 0.205095 0.0102613
0.200617 0.0829817 0.0171458 0.374741 0.309859 0.0146554
0.0506794 9.9982E-005 0.0831007 0.131169 9.9982E-005 0.734851
0.267928 0.00823653 0.0639913 0.653733 0.00601058 9.9991E-005
0.400249 0.0571995 9.9991E-005 0.0407397 0.117826 0.383886
9.9973E-005 0.121486 9.9973E-005 0.540895 0.33732 9.9973E-005
9.9973E-005 0.14942 9.9973E-005 9.9973E-005 0.0520967 0.798183
0.314815 0.0256383 9.9991E-005 0.30617 0.199705 0.153571
0.1835 0.202654 9.9991E-005 0.562994 0.0119645 0.0387877
0.199909 0.0116231 9.9982E-005 0.684797 0.103471 9.9982E-005
0.282528 0.0334713 9.9991E-005 0.543446 0.136931 0.00352378
0.0149802 9.9991E-005 0.0334379 0.202734 0.0196895 0.729058
0.349699 9.9982E-005 0.0702295 0.389825 9.9982E-005 0.190047
0.370434 0.197225 0.027086 0.045245 0.0413384 0.318671
0.32424 0.0521194 0.0589385 0.376257 0.188345 9.9991E-005
0.1009 0.123975 9.9982E-005 0.0260173 9.9982E-005 0.748907
0.168495 0.104016 0.124598 0.243933 0.276834 0.0821236
0.226473 0.242137 9.9991E-005 0.143074 0.0219519 0.366265
0.0794318 0.24139 9.9991E-005 0.543052 0.0952632 0.0407627
0.410812 0.203712 9.9982E-005 0.188882 9.9982E-005 0.196394
9.9982E-005 9.9982E-005 0.0538933 0.325385 0.0292246 0.591297
0.314714 0.0810111 0.00958328 0.344807 0.249784 9.9991E-005
0.212954 0.170949 9.9982E-005 0.497949 0.117948 9.9982E-005
0.209836 0.236138 9.9982E-005 0.420118 0.133708 9.9982E-005
9.9982E-005 0.256689 9.9982E-005 0.52887 0.209111 0.00512983
0.2205 0.0782766 9.9991E-005 0.118983 0.178782 0.403358
0.382254 0.135335 0.0275585 0.450657 9.9991E-005 0.0040951
9.9982E-005 0.073706 0.053095 0.690018 0.182981 9.9982E-005
0.107992 0.0057278 9.9991E-005 0.718067 0.157622 0.0104914
0.446506 9.9982E-005 0.0021366 0.092145 9.9982E-005 0.459012
0.263387 9.9991E-005 0.0114738 0.366453 0.10579 0.252797
0.190613 0.0879872 0.0143292 0.542657 0.164314 9.9991E-005
0.327817 0.262305 9.9982E-005 9.9982E-005 0.27902 0.130658
0.158131 0.249282 9.9991E-005 0.361673 0.0315172 0.199297
0.457808 9.9982E-005 0.0300724 0.365679 0.14624 9.9982E-005
0.205778 0.195805 9.9991E-005 0.164141 0.0517262 0.382449
0.525817 0.395568 9.9982E-005 9.9982E-005 0.0287209 0.0496939
0.133222 0.141327 9.9982E-005 0.297461 9.9982E-005 0.427789
0.0241661 0.108867 0.117677 0.74909 9.9982E-005 9.9982E-005
0.0606844 0.152279 9.9982E-005 0.651044 0.135793 9.9982E-005
0.285268 0.190306 9.9973E-005 0.524125 9.9973E-005 9.9973E-005
0.0289697 9.9982E-005 0.0444035 0.674259 0.252168 9.9982E-005
0.325273 0.0113768 0.119062 0.387517 0.156672 9.9991E-005
0.291526 0.0352843 9.9982E-005 0.396915 0.276074 9.9982E-005
0.143098 0.247093 9.9982E-005 0.30117 9.9982E-005 0.308438
0.547027 0.126043 9.9982E-005 0.311164 9.9982E-005 0.0155662
0.0662123 0.137098 9.9982E-005 0.648204 0.148286 9.9982E-005
0.131339 9.9982E-005 0.0192754 0.809141 9.9982E-005 0.0400445
0.307682 0.0452778 9.9991E-005 0.372712 0.18005 0.0941781
0.282973 0.266201 0.00167343 0.186526 0.00262435 0.260003
0.188599 0.183728 0.0293804 0.367059 0.231134 9.9991E-005
0.0919403 0.0242554 0.109073 0.550203 0.175512 0.0490155
0.209276 9.9973E-005 9.9973E-005 9.9973E-005 0.0281844 0.762239
0.0675678 0.156884 9.9991E-005 0.149265 0.0293258 0.596857
0.16113 0.130138 9.9991E-005 0.481709 0.212769 0.0141548
9.9982E-005 0.247922 0.267155 0.34559 0.139132 9.9982E-005
0.105627 0.0915162 0.41525 9.9991E-005 0.311268 0.0762396
0.0150332 0.0901992 0.389181 0.260793 0.227921 0.016873
0.162334 0.0373542 0.0784256 0.539042 0.182743 9.9991E-005
0.0765584 0.231594 0.31695 0.155059 0.219739 9.9991E-005
0.105837 0.0999057 0.442111 0.155616 0.185468 0.0110622
0.0603372 0.327848 0.438292 0.14459 9.9991E-005 0.028833
9.9991E-005 0.275955 0.346132 0.0566195 0.309542 0.0116509
9.9991E-005 0.455061 0.27441 0.156266 0.0958731 0.0182893
0.138011 0.265655 0.262944 0.239395 0.0852287 0.00876784
0.267285 0.140379 0.221359 0.274159 0.0967181 9.9991E-005
0.105737 0.224142 0.354942 0.0721483 0.213469 0.0295631
0.0283046 0.283578 0.0790236 0.439426 0.164445 0.00522331
0.0392957 0.358878 0.110467 0.0494402 0.441818 9.9991E-005
9.9982E-005 0.264306 0.274011 0.283879 0.177604 9.9982E-005
0.0228228 0.144523 0.57148 0.0796128 0.0645335 0.117028
0.180221 0.0248908 0.392588 0.24765 0.15455 9.9991E-005
0.269374 0.215655 0.213303 0.161605 0.139964 9.9991E-005
9.9982E-005 9.9982E-005 0.0654668 0.0270351 0.096709 0.810589
0.166094 0.284926 0.296657 0.230297 0.0219254 9.9991E-005
0.0172811 0.437658 0.190907 0.22982 0.103276 0.0210571
0.177945 0.112126 0.0953532 0.499054 0.0296703 0.085851
0.0424823 0.255131 0.615475 0.00659282 0.0799142 0.000404172
0.195071 0.349198 0.318986 9.9982E-005 0.136545 9.9982E-005
0.326397 0.351475 0.0527607 0.221682 0.0475855 9.9991E-005
9.9991E-005 0.331742 0.434028 0.175195 0.0498611 0.00907402
0.0289813 0.287701 0.335625 0.323918 0.0177538 0.00602098
0.100128 0.333036 0.269012 0.201093 0.0915898 0.00514061
0.0320261 0.309915 0.483994 0.120324 0.00170188 0.0520396
9.9982E-005 0.383916 0.328659 9.9982E-005 0.25278 0.034445
0.0147221 0.184779 0.453178 0.0207918 0.326429 9.9991E-005
0.00539665 9.9982E-005 0.780916 0.152761 9.9982E-005 0.060727
9.9991E-005 0.269488 0.321786 0.163868 0.236739 0.00801905
9.9982E-005 0.315806 0.281163 0.273613 0.129218 9.9982E-005
0.108259 0.415641 0.415503 9.9982E-005 9.9982E-005 0.0603969
9.9982E-005 0.525585 0.401672 0.0503038 0.0222393 9.9982E-005
0.0726775 0.320405 0.328168 9.9991E-005 0.170769 0.107881
0.154264 0.310052 9.9982E-005 0.36171 0.173775 9.9982E-005
9.9982E-005 0.162812 0.374249 0.0806246 0.382114 9.9982E-005
9.9991E-005 0.224962 0.258935 0.276291 0.197587 0.042125
0.158277 0.196691 0.346527 0.216468 0.0819375 9.9991E-005
0.0829753 0.439627 0.171422 0.17306 0.132816 9.9991E-005
9.9973E-005 9.9973E-005 0.850262 0.111931 9.9973E-005 0.0375066
0.226429 0.168874 0.0814242 0.437391 0.0857819 9.9991E-005
9.9991E-005 0.201565 0.377193 0.169578 0.216883 0.034681
0.266872 0.0932168 9.9982E-005 0.341563 9.9982E-005 0.298148
0.231002 0.21644 0.0218535 0.293577 0.237028 9.9991E-005
0.34752 0.107338 0.0320089 0.41446 0.0985724 9.9991E-005
9.9991E-005 0.297438 0.329232 0.280461 0.0773585 0.0154102
9.9991E-005 0.376615 0.255523 0.149518 0.206959 0.0112849
9.9991E-005 0.335682 0.385712 0.0351766 0.2237 0.0196294
0.0854127 0.155504 0.437399 0.187674 0.133911 9.9991E-005
0.02104 0.388882 0.260402 0.15717 0.145213 0.0272934
9.9991E-005 0.330988 0.381721 0.187623 0.0553015 0.044267
0.00637849 0.166743 0.32546 0.296472 0.204847 9.9991E-005
0.154865 0.207601 0.566607 0.0515867 0.0192396 9.9991E-005
0.0316099 0.0833953 0.501554 0.347079 0.0362614 9.9991E-005
0.037655 9.9982E-005 9.9982E-005 0.14441 0.791904 0.0258305
9.9973E-005 0.217868 0.529177 0.252655 9.9973E-005 9.9973E-005
9.9991E-005 0.337031 0.411046 0.126098 0.0985467 0.0271788
9.9991E-005 0.188646 0.387569 0.0747278 0.305132 0.0438242
0.144655 0.301696 0.315569 0.00313073 0.234849 9.9991E-005
0.372297 0.198718 0.0673471 0.339373 0.0221643 9.9991E-005
9.9982E-005 0.245347 0.288235 0.227505 0.238713 9.9982E-005
0.182427 0.172547 0.0228918 0.419374 9.9991E-005 0.202661
0.0669124 0.473199 0.30283 0.156859 9.9982E-005 9.9982E-005
9.9991E-005 0.12353 0.443154 0.156041 0.180672 0.0965039
0.225074 0.172045 0.0266138 0.360452 0.10261 0.113205
9.9991E-005 0.380251 0.239447 0.135745 0.182167 0.0622907
0.134323 0.226158 0.401051 0.176198 0.0621698 9.9991E-005
9.9964E-005 9.9964E-005 0.131108 9.9964E-005 0.868492 9.9964E-005
9.9982E-005 0.539087 0.227866 0.192079 0.0407677 9.9982E-005
0.123017 0.310443 0.253322 0.12227 0.136317 0.0546297
0.059686 0.399633 0.383994 0.124504 0.0320827 9.9991E-005
9.9991E-005 0.158644 0.475993 0.199174 0.152528 0.0135613
0.0848693 0.139487 0.327762 0.228095 0.219687 9.9991E-005
0.188851 9.9982E-005 0.162889 0.453883 0.194178 9.9982E-005
0.250823 0.206335 0.281403 0.0376675 0.223671 9.9991E-005
0.127726 0.395748 0.182066 0.277509 9.9991E-005 0.0168502
0.0241193 9.9973E-005 9.9973E-005 9.9973E-005 0.187332 0.788248
9.9991E-005 0.48412 0.300465 0.165205 0.00637932 0.0437317
0.126094 0.107106 0.0228472 0.516054 0.107827 0.120072
0.15913 0.174855 0.45506 9.9982E-005 0.210755 9.9982E-005
0.152663 0.384722 0.114201 0.103353 0.244961 9.9991E-005
9.9982E-005 0.218576 0.0730793 0.395547 0.312598 9.9982E-005
9.9982E-005 0.0577329 0.0928547 0.721152 0.12806 9.9982E-005
0.27294 0.107372 0.389178 0.159656 0.070755 9.9991E-005
9.9982E-005 0.346077 0.335926 0.239065 0.0787322 9.9982E-005
0.21078 0.39459 0.336668 0.0577614 9.9982E-005 9.9982E-005
9.9991E-005 0.196801 0.349105 0.218835 0.219559 0.0156006
0.0849125 0.250629 0.00203409 0.390062 0.265361 0.00700113
0.290093 0.280147 0.241104 9.9982E-005 0.188456 9.9982E-005
0.185022 0.332513 0.322038 0.160227 9.9982E-005 9.9982E-005
0.130775 0.418003 0.2841 0.14874 0.0182823 9.9991E-005
0.200374 0.113194 9.9991E-005 0.61015 0.0363027 0.039879
0.158356 0.207693 0.443558 0.0583722 0.13192 9.9991E-005
0.106211 0.397225 0.398946 0.0974178 9.9982E-005 9.9982E-005
0.0510126 0.0864023 0.28865 0.249413 0.324421 9.9991E-005
0.0296632 0.337738 0.18055 0.186885 0.265064 9.9991E-005
0.47223 0.182538 9.9982E-005 0.330119 0.0149129 9.9982E-005
9.9964E-005 0.120163 9.9964E-005 9.9964E-005 9.9964E-005 0.879437
0.102174 0.251134 0.375176 0.0858969 0.185519 9.9991E-005
9.9991E-005 0.131883 0.200828 0.326371 0.317337 0.0234815
0.120701 9.9982E-005 0.266264 0.289561 0.323274 9.9982E-005
0.0400868 0.328921 0.312138 0.0762325 0.224195 0.0184262
9.9991E-005 0.306613 0.45946 0.119763 0.0858117 0.0282528
0.128402 0.180129 0.406723 0.19559 0.0890563 9.9991E-005
9.9991E-005 0.441248 0.418208 0.0988317 0.0334183 0.00819395
9.9991E-005 0.0485281 0.52339 0.130485 0.235089 0.0624088
9.9991E-005 0.297536 0.385663 0.207881 0.0527911 0.0560298
0.219966 0.101015 0.28282 0.305107 0.0909927 9.9991E-005
0.287222 0.0427259 0.034041 0.358922 0.276989 9.9991E-005
9.9982E-005 0.433016 0.357839 0.100779 0.108166 9.9982E-005
0.119763 0.0364876 0.352939 0.260965 0.229745 9.9991E-005
0.0328035 0.0313471 9.9982E-005 0.632275 0.303374 9.9982E-005
0.141027 0.360662 0.328368 0.0475511 0.107241 0.0151514
0.3793 0.0157228 9.9982E-005 0.458537 0.14624 9.9982E-005
0.158436 0.0419163 0.347024 0.0786688 0.322457 0.051498
9.9982E-005 0.463412 0.240537 0.115729 0.180121 9.9982E-005
0.417053 0.175499 0.0524465 0.354802 9.9982E-005 9.9982E-005
0.192214 0.416256 0.28677 0.104561 9.9982E-005 9.9982E-005
0.251467 0.390469 0.146826 0.211039 9.9982E-005 9.9982E-005
9.9991E-005 0.463025 0.0887088 0.0798793 0.311052 0.0572356
9.9973E-005 0.157201 9.9973E-005 9.9973E-005 0.214599 0.627901
9.9991E-005 0.398235 0.283638 0.195163 0.109391 0.0134739
0.0973741 0.144853 0.409556 0.24771 0.100407 9.9991E-005
0.0720716 0.493996 0.389831 0.0295262 0.014475 9.9991E-005
0.0716624 0.376246 0.325697 0.221157 9.9991E-005 0.00513766
0.0354207 0.0747018 0.381376 0.152706 0.355696 9.9991E-005
0.140218 0.278489 0.312849 0.100197 0.168147 9.9991E-005
0.134774 0.258798 0.232754 0.124329 0.249246 9.9991E-005
0.325461 9.9964E-005 9.9964E-005 0.674139 9.9964E-005 9.9964E-005
0.0475853 0.468866 0.263288 0.0792099 0.113068 0.0279825
0.0183953 0.199462 0.417105 0.155446 0.192869 0.0167219
9.9982E-005 0.262842 0.596378 9.9982E-005 0.102232 0.0383483
0.131623 0.0677852 0.458773 0.0905242 0.251195 9.9991E-005
9.9991E-005 0.344513 0.183108 0.245889 0.215348 0.0110425
0.11849 0.134582 0.247649 0.333825 0.10426 0.0611948
9.9982E-005 0.0680178 0.143735 0.503317 0.284731 9.9982E-005
0.351536 0.125422 0.250191 0.0618806 0.210871 9.9991E-005
0.122023 0.417548 0.237361 0.222868 9.9982E-005 9.9982E-005
0.184592 0.496122 0.318986 9.9973E-005 9.9973E-005 9.9973E-005
0.255022 0.042575 9.9991E-005 0.528601 0.0959343 0.0777668
9.9991E-005 0.147932 0.147726 0.530493 0.167306 0.00644193
0.170583 0.407921 0.421196 9.9973E-005 9.9973E-005 9.9973E-005
0.188819 0.26219 0.356058 0.0626637 0.130168 9.9991E-005
0.0743986 0.342143 0.259875 0.142324 0.181159 9.9991E-005
9.9973E-005 0.56469 0.295621 9.9973E-005 0.13939 9.9973E-005
0.206477 0.196956 0.26155 0.0686347 0.266282 9.9991E-005
0.20126 0.134228 9.9982E-005 0.661651 9.9982E-005 0.00266056
0.251664 0.0832632 0.0406389 0.289793 0.294742 0.0398987
9.9991E-005 0.345334 0.244641 0.221159 0.176065 0.012701
0.0618063 0.149287 0.434754 0.0120724 0.34198 9.9991E-005
9.9991E-005 0.307123 0.290516 0.25204 0.133248 0.0169727
0.0659305 0.0832169 0.288086 0.357704 0.192256 0.0128059
0.0539927 0.296649 0.353761 0.0734108 0.222086 9.9991E-005
0.0234978 0.468675 0.391799 9.9991E-005 0.0561356 0.0597932
0.327914 0.297444 0.0492726 0.127924 9.9991E-005 0.197345
9.9991E-005 0.124594 0.313617 0.32775 0.217413 0.016525
0.0771377 0.1872 0.33156 0.249949 0.154053 9.9991E-005
0.267311 0.215423 0.0639223 0.0612898 0.0692003 0.322854
0.0644518 0.346576 9.9991E-005 0.269481 0.0448499 0.274541
0.0830878 0.361377 0.423711 0.0823465 0.0491103 0.000367181
9.9991E-005 0.185466 0.222829 0.266053 0.261242 0.0643105
0.0640652 0.119099 0.405427 0.142169 0.26914 9.9991E-005
9.9973E-005 0.308904 9.9973E-005 0.620113 0.0706831 9.9973E-005
0.192827 0.226722 0.239649 0.169869 0.170833 9.9991E-005
9.9991E-005 0.129202 0.34069 0.299435 0.227995 0.00257751
0.264889 0.239391 0.0634278 0.178844 9.9991E-005 0.253348
0.170019 0.171371 0.367076 0.118935 0.172499 9.9991E-005
9.9982E-005 0.264423 0.374058 0.252379 0.10894 9.9982E-005
0.0816906 0.369986 0.286358 0.0999759 0.16189 9.9991E-005
9.9982E-005 0.363318 0.393197 0.214377 9.9982E-005 0.0289076
9.9982E-005 0.281749 0.531477 0.170963 0.0156114 9.9982E-005
0.150874 0.253878 0.313589 0.0147907 0.266768 9.9991E-005
9.9991E-005 0.156668 0.42542 0.11872 0.275574 0.0235173
0.00907194 0.252691 0.285418 0.271677 0.181041 9.9991E-005
0.137465 0.120408 0.474387 0.0369098 0.23073 9.9991E-005
0.185785 0.270678 0.369823 0.131794 0.0418202 9.9991E-005
0.225166 9.9973E-005 9.9973E-005 9.9973E-005 0.166368 0.608166
9.9973E-005 0.575772 0.394082 9.9973E-005 0.0298461 9.9973E-005
9.9973E-005 0.385671 0.490596 0.123432 9.9973E-005 9.9973E-005
0.3385 0.184218 0.106976 0.230422 0.139783 9.9991E-005
9.9973E-005 0.370934 0.31163 9.9973E-005 0.317136 9.9973E-005
0.182453 0.184261 0.334473 0.139221 0.159491 9.9991E-005
0.0660516 0.286873 0.331916 0.0379532 0.276232 0.000973274
0.552422 0.0492547 0.191457 0.128247 0.0785195 9.9991E-005
0.0975933 0.413066 0.245565 0.0777982 0.165877 9.9991E-005
9.9991E-005 0.13071 0.486658 0.150396 0.224188 0.00794848
0.219512 0.232491 0.330527 0.0256768 0.160386 0.0314078
0.216544 0.279434 0.283131 0.0940385 0.126753 9.9991E-005
0.0198435 0.303678 0.295715 0.319284 0.0613792 9.9991E-005
9.9964E-005 9.9964E-005 0.0391826 9.9964E-005 9.9964E-005 0.960418
0.0776411 0.420462 0.199101 0.0985683 0.204128 9.9991E-005
0.0738273 0.292521 0.0966204 0.325537 0.211395 9.9991E-005
0.165164 0.24017 0.311765 0.145348 0.137453 9.9991E-005
0.143618 0.259265 0.345928 0.0392031 0.211886 9.9991E-005
0.00595464 0.351487 0.366302 9.9991E-005 0.260062 0.0160945
0.149877 0.396287 0.315611 0.106046 0.0320787 9.9991E-005
0.23503 9.9973E-005 9.9973E-005 9.9973E-005 0.199557 0.565113
9.9982E-005 0.380658 0.372603 0.228518 0.0180212 9.9982E-005
0.190888 0.395012 0.280673 9.9982E-005 0.133227 9.9982E-005
9.9982E-005 0.19162 0.339832 0.265853 0.202495 9.9982E-005
9.9982E-005 0.428505 0.269689 0.148687 0.152919 9.9982E-005
0.192645 0.237871 0.244888 9.9982E-005 0.324396 9.9982E-005
9.9982E-005 0.319012 0.407834 0.0906988 0.182255 9.9982E-005
0.00753634 0.333375 0.247862 0.213505 0.197622 9.9991E-005
9.9991E-005 0.197336 0.243811 0.286498 0.268856 0.00339935
0.200619 0.269438 0.192419 0.0852628 0.252161 9.9991E-005
0.153121 0.103848 0.319164 0.265895 0.157872 9.9991E-005
9.9982E-005 0.266751 0.329353 9.9982E-005 0.36123 0.0424663
9.9982E-005 0.201576 0.215449 0.378906 0.203869 9.9982E-005
9.9982E-005 0.331116 0.214381 0.281147 0.173156 9.9982E-005
0.0699028 0.23696 0.462688 0.195009 9.9991E-005 0.0353404
9.9982E-005 0.270738 0.29181 0.290568 0.146684 9.9982E-005
9.9991E-005 0.121188 0.24977 0.319119 0.277092 0.032731
0.0810399 0.294464 0.270966 0.134791 0.218639 9.9991E-005
0.0452895 0.300313 0.493662 0.0855686 0.0573822 0.0177844
0.0827317 0.049586 0.404239 0.194367 0.264259 0.00481667
0.119321 0.0867476 0.319101 0.165063 0.309668 9.9991E-005
0.252328 0.132529 0.201525 0.307458 0.106058 9.9991E-005
9.9973E-005 0.498016 0.410199 9.9973E-005 0.0914859 9.9973E-005
9.9991E-005 0.0232049 0.212848 0.375995 0.382781 0.00507032
0.00619733 0.323005 0.334151 0.336447 9.9982E-005 9.9982E-005
0.0645314 9.9982E-005 9.9982E-005 0.0248144 0.0343179 0.876136
0.311963 0.0889101 0.00338933 0.260448 0.0411577 0.294131
0.293826 9.9991E-005 0.0571818 0.211509 0.260787 0.176597
0.194784 0.231682 9.9982E-005 9.9982E-005 0.0409948 0.53234
0.260155 0.108587 0.150296 0.379597 0.101265 9.9991E-005
0.218729 0.121663 0.0680305 0.441858 0.149618 9.9991E-005
0.500371 9.9991E-005 0.0233749 0.195541 0.217389 0.0632244
0.318632 0.150201 0.466881 0.0436347 0.020552 9.9991E-005
9.9982E-005 0.268074 0.273958 0.379134 0.0786337 9.9982E-005
9.9982E-005 0.209023 0.407397 0.0575804 0.3258 9.9982E-005
0.281088 0.0332518 0.225695 0.319728 0.140138 9.9991E-005
9.9991E-005 0.233648 0.306669 0.291239 0.0893066 0.0790369
0.0131606 0.427306 0.229237 0.234741 0.087803 0.00775325
0.158744 0.313645 0.250662 0.179684 0.0971657 9.9991E-005
9.9982E-005 0.191216 0.333056 0.243414 0.232114 9.9982E-005
0.0384262 0.242216 0.340622 0.239504 0.139131 9.9991E-005
0.0791926 0.212081 0.345013 9.9991E-005 0.347519 0.0160937
0.19626 0.326585 0.201005 0.1085 0.16755 9.9991E-005
0.393802 0.0835599 0.0819922 0.224255 0.21629 9.9991E-005
9.9991E-005 0.286717 0.320736 0.163533 0.14881 0.080105
9.9973E-005 0.261004 0.239092 9.9973E-005 0.499604 9.9973E-005
0.130665 0.218979 0.227857 0.12593 0.231008 0.0655608
9.9982E-005 9.9982E-005 0.0828371 0.0955509 0.0511185 0.770294
0.400201 9.9982E-005 0.109865 0.380349 9.9982E-005 0.109385
9.9982E-005 0.36379 0.385019 0.233909 0.0170824 9.9982E-005
0.111431 0.129189 0.234326 0.0638546 0.4611 9.9991E-005
0.255263 0.154448 0.0456314 0.422321 9.9991E-005 0.122238
9.9982E-005 0.521504 0.23662 0.184174 0.0575017 9.9982E-005
0.0526151 0.0778464 0.519533 0.0150093 0.334896 9.9991E-005
0.442296 0.136671 9.9982E-005 0.369295 0.0515378 9.9982E-005
9.9982E-005 0.120864 0.481312 0.176739 0.220885 9.9982E-005
9.9991E-005 0.334996 0.390301 0.076294 0.143304 0.0550057
9.996E-005 0.9995 9.996E-005 9.996E-005 9.996E-005 9.996E-005
9.996E-005 0.9995 9.996E-005 9.996E-005 9.996E-005 9.996E-005
0.0368923 0.281647 0.304886 0.189639 0.0905755 0.0963602
0.0900502 0.0784747 0.435801 0.269916 0.125658 9.9991E-005
0.453826 0.253788 0.0414381 9.9982E-005 9.9982E-005 0.250747
9.9982E-005 0.0924347 0.360369 0.14529 0.401707 9.9982E-005
9.9982E-005 0.0989247 0.324899 0.344687 0.231288 9.9982E-005
0.0240976 0.361513 0.341964 9.9982E-005 0.272226 9.9982E-005
0.439807 0.0295691 0.0374095 0.123811 0.22914 0.140263
0.207018 0.103595 0.0557242 0.187909 0.445654 9.9991E-005
0.388706 0.0895344 0.11586 0.288682 0.117118 9.9991E-005
9.9991E-005 0.0627191 0.332354 0.0556196 0.506707 0.0425001
0.271424 0.177786 9.9982E-005 0.412467 0.138123 9.9982E-005
9.9982E-005 0.234384 0.329201 0.190892 0.245322 9.9982E-005
0.129688 0.382244 0.128224 0.238104 0.121639 9.9991E-005
0.060589 0.293976 0.362587 0.138878 0.14387 9.9991E-005
0.196096 0.0558827 0.332402 0.185489 0.221288 0.00884126
0.253245 0.200898 0.00154248 0.222371 0.11588 0.206064
0.0596597 0.286238 0.194834 0.147548 0.31162 9.9991E-005
0.0234449 0.108918 9.9982E-005 0.0241318 9.9982E-005 0.843305
0.36335 0.00344272 0.419934 0.0371843 0.175989 9.9991E-005
9.9982E-005 0.0845199 0.503063 0.197842 0.214375 9.9982E-005
9.996E-005 9.996E-005 9.996E-005 9.996E-005 9.996E-005 0.9995
9.9973E-005 9.9973E-005 0.110418 9.9973E-005 0.0192985 0.869983
0.170694 0.341966 0.165173 0.0987833 0.223284 9.9991E-005
0.204807 0.273117 0.179963 0.21044 0.131573 9.9991E-005
9.9991E-005 0.267324 0.242262 0.191578 0.275324 0.023411
0.00376992 0.240411 0.290168 0.0933073 0.322613 0.0497298
9.9991E-005 0.215136 0.192954 0.252784 0.333051 0.00597514
9.9982E-005 0.0635726 0.483392 0.0510873 0.401748 9.9982E-005
0.2475 0.293431 0.175175 0.0463406 0.237454 9.9991E-005
0.183133 0.200138 0.022816 0.259387 0.021308 0.313218
0.0946081 0.218872 0.193487 0.103166 0.389766 9.9991E-005
0.0724808 0.365353 0.40405 9.9991E-005 0.144612 0.0134046
0.174825 0.217433 0.239404 0.102625 0.265613 9.9991E-005
0.692098 9.9973E-005 0.142875 0.164728 9.9973E-005 9.9973E-005
0.0986598 9.9973E-005 0.266094 0.634946 9.9973E-005 9.9973E-005
9.9964E-005 9.9964E-005 9.9964E-005 0.00667813 0.992922 9.9964E-005
0.000616796 0.237512 0.347766 0.173336 0.24067 9.9991E-005
0.456639 9.9973E-005 9.9973E-005 9.9973E-005 0.315692 0.227369
0.0219795 0.387411 0.215799 0.093969 0.262469 0.0183725
0.0294896 0.306903 0.253144 0.310711 0.0750462 0.0247053
0.086667 0.160259 0.456706 9.9982E-005 0.296168 9.9982E-005
0.0941688 0.0642181 0.417395 0.162477 0.261641 9.9991E-005
0.334746 0.171552 0.27172 0.00388656 0.217995 9.9991E-005
0.0607443 0.18242 0.345181 0.347136 0.0644188 9.9991E-005
9.9973E-005 0.486034 0.168069 0.345597 9.9973E-005 9.9973E-005
0.36844 0.165227 9.9982E-005 0.31932 0.146813 9.9982E-005
0.222724 0.123785 0.0541811 0.59911 9.9982E-005 9.9982E-005
0.109617 0.266222 0.227561 0.036569 0.359931 9.9991E-005
