0.1237 0.205514 9.9982E-005 0.620609 0.049977 9.9982E-005
9.999E-005 0.272541 0.116289 0.357083 0.209227 0.0447601
9.9982E-005 0.0400732 9.9982E-005 0.264928 0.633411 0.0613886
9.999E-005 0.133029 0.087352 0.555606 0.0681257 0.155788
0.019935 0.0454679 0.0938965 0.544683 0.2754 0.0206179
0.10686 9.9973E-005 9.9973E-005 9.9973E-005 0.0598379 0.833002
0.133703 0.022022 0.00779589 0.516643 0.319736 9.9991E-005
9.9982E-005 0.116838 0.00948877 0.00878357 9.9982E-005 0.864689
9.999E-005 0.129619 0.142445 0.363478 0.338207 0.0261525
9.9982E-005 0.13254 0.122678 0.400887 0.343695 9.9982E-005
9.9973E-005 0.194909 9.9973E-005 0.539282 0.265509 9.9973E-005
9.999E-005 0.128932 0.0387905 0.350467 0.245744 0.235967
9.9982E-005 0.110614 0.175053 0.539765 0.174368 9.9982E-005
0.00477481 0.183448 0.00664818 0.43036 0.330031 0.044738
9.9982E-005 0.14916 0.0668659 9.9982E-005 0.181757 0.602018
9.999E-005 0.256594 0.0538144 0.336505 0.318993 0.0339932
0.0533177 0.258626 9.9991E-005 0.37646 0.118938 0.192559
0.0348335 9.9982E-005 0.253981 0.60272 0.108265 9.9982E-005
9.9982E-005 0.247021 0.0543191 0.352539 0.34592 9.9982E-005
0.0246206 0.313466 9.9982E-005 0.63562 0.0260943 9.9982E-005
9.9973E-005 9.9973E-005 0.180529 0.503856 0.315315 9.9973E-005
0.0166796 0.166777 0.011518 0.470263 0.209785 0.124977
0.0998947 0.237635 9.9982E-005 0.445655 0.216615 9.9982E-005
9.9982E-005 0.253205 9.9982E-005 0.13755 0.0556593 0.553385
0.0735067 0.192794 0.113719 0.618124 0.00175621 9.9991E-005
9.999E-005 0.0516896 0.0596027 0.11561 0.130605 0.642392
0.082692 0.221531 9.9991E-005 0.131625 0.164945 0.399107
9.9964E-005 9.9964E-005 9.9964E-005 0.640261 9.9964E-005 0.359339
9.9973E-005 0.174033 9.9973E-005 9.9973E-005 0.198726 0.626941
9.999E-005 0.0459783 0.00470904 0.560425 0.277375 0.111412
0.0451403 0.281485 9.9982E-005 0.226291 9.9982E-005 0.446884
0.0403171 0.0283298 0.0965796 0.419832 0.39654 0.0184021
9.9982E-005 0.356128 9.9982E-005 0.103824 0.394574 0.145274
9.9973E-005 9.9973E-005 9.9973E-005 0.102029 0.0603752 0.837296
0.00436668 9.9973E-005 0.0817678 9.9973E-005 9.9973E-005 0.913566
9.9982E-005 9.9982E-005 0.143876 0.273028 0.455116 0.12778
9.9991E-005 0.0879236 0.150909 0.557018 0.0206554 0.183394
9.9982E-005 0.227136 0.207855 0.384026 0.180783 9.9982E-005
9.9991E-005 0.148877 0.0624293 0.0330364 0.0920815 0.663476
0.157009 0.152978 9.9991E-005 0.169693 0.153692 0.366527
9.9991E-005 0.23334 0.154301 0.0951054 0.320598 0.196556
0.031819 0.0550688 9.9982E-005 0.367855 0.545058 9.9982E-005
9.9991E-005 0.169778 0.00551013 0.603663 0.0712092 0.14974
9.9982E-005 0.120008 0.293372 9.9982E-005 0.0106343 0.575786
0.0401862 0.289673 0.0672729 0.342094 0.260674 9.9991E-005
9.9982E-005 0.24506 0.316457 0.411328 0.026955 9.9982E-005
0.070854 0.18982 9.9991E-005 0.530697 0.169263 0.0392665
0.0772837 0.198913 9.9991E-005 0.265074 0.406224 0.0524044
9.9982E-005 0.400298 0.0126228 0.216578 0.370301 9.9982E-005
0.00158771 0.393769 9.9991E-005 0.00688657 0.134221 0.463436
0.0696209 9.9982E-005 0.00742747 0.475609 0.447143 9.9982E-005
0.0791472 0.186595 9.9991E-005 0.205623 0.140505 0.38803
0.0270063 0.175396 0.17487 0.278758 0.319266 0.0247038
9.9973E-005 9.9973E-005 0.10152 9.9973E-005 0.0381355 0.860045
9.9991E-005 0.159161 0.00159746 0.0438083 0.435398 0.359935
0.0596631 9.9982E-005 0.0163618 0.73841 0.185365 9.9982E-005
0.0616967 0.202278 9.9982E-005 0.619877 0.115948 9.9982E-005
0.0783462 0.1618 9.9991E-005 0.339299 0.259399 0.161057
9.9991E-005 0.444678 0.0196584 0.208925 0.0481163 0.278523
9.9982E-005 0.0416232 9.9982E-005 0.528993 0.0405382 0.388646
0.0982663 0.0746116 9.9973E-005 9.9973E-005 9.9973E-005 0.826822
9.9973E-005 0.0475259 9.9973E-005 9.9973E-005 0.117307 0.834867
0.112842 0.0740638 9.9991E-005 0.502914 0.275127 0.0349528
9.9964E-005 0.100835 9.9964E-005 9.9964E-005 9.9964E-005 0.898765
0.0118502 0.196954 0.0474107 0.483216 0.255495 0.00507411
9.99701E-005 9.99701E-005 0.128518 9.99701E-005 9.99701E-005 0.871082
9.9982E-005 0.0988134 0.183124 0.557969 0.159894 9.9982E-005
0.0231073 0.176378 0.0518951 0.377947 0.124855 0.245818
9.9982E-005 0.380857 0.0844025 0.410707 0.123834 9.9982E-005
0.00309828 9.9973E-005 9.9973E-005 9.9973E-005 0.223901 0.772701
0.0700809 0.394232 0.106983 0.428503 9.9982E-005 9.9982E-005
9.9991E-005 0.292502 0.0591082 0.491983 0.155462 0.000845167
0.0234524 0.265163 0.0556564 0.242356 0.182486 0.230886
0.133767 0.105746 9.9982E-005 0.389083 0.371204 9.9982E-005
0.0233552 0.223241 0.0521947 0.537397 0.127765 0.0360475
0.0367679 0.0606319 9.9991E-005 0.406519 0.0977702 0.398211
9.9991E-005 0.0883858 0.205166 0.347866 0.284137 0.0743457
9.9991E-005 0.427404 0.0642404 0.214836 0.161346 0.132074
9.9991E-005 0.418733 0.0594414 0.211565 0.237272 0.072888
9.9982E-005 0.164235 0.0534866 0.361391 0.420688 9.9982E-005
9.9982E-005 0.336133 0.0442378 0.443551 0.175878 9.9982E-005
9.9991E-005 0.0799196 0.069351 0.30274 0.529301 0.0185884
0.0295009 0.282245 0.0164989 0.588892 0.000374912 0.0824877
9.9982E-005 0.179321 0.0311997 0.716001 0.0732784 9.9982E-005
9.9982E-005 0.0435797 0.0379178 0.430124 0.488178 9.9982E-005
9.9991E-005 0.32527 0.100962 0.19362 0.257542 0.122507
9.9991E-005 0.111635 0.0434682 0.19782 0.358178 0.288799
9.9982E-005 0.171564 9.9982E-005 0.0577301 0.585011 0.185495
9.9982E-005 0.018539 9.9982E-005 0.0336131 0.0460724 0.901576
9.9991E-005 0.109591 0.0461931 0.181969 0.411654 0.250493
9.9991E-005 0.481154 0.164588 0.156055 0.16949 0.0286126
9.9991E-005 0.202262 0.101693 0.0768586 0.0734711 0.545615
9.9991E-005 0.205477 0.145628 0.445059 0.201877 0.00185921
9.9982E-005 0.0431214 9.9982E-005 0.562177 0.114097 0.280405
9.9973E-005 0.307757 9.9973E-005 0.201176 9.9973E-005 0.490766
0.00607111 0.0404081 9.9982E-005 0.0385253 9.9982E-005 0.914795
9.9991E-005 0.0568094 0.12034 0.438338 0.26385 0.120562
9.9982E-005 0.284366 9.9982E-005 0.109997 0.546952 0.0584858
9.9982E-005 0.409135 0.162474 0.40461 9.9982E-005 0.0235823
0.0130453 9.9982E-005 9.9982E-005 0.583006 0.153583 0.250166
0.0683319 0.26047 9.9991E-005 0.0528208 0.143863 0.474415
9.9991E-005 0.0930669 0.0145969 0.506275 0.37273 0.0132311
0.00515422 0.198261 0.0898455 0.440275 0.266364 9.9991E-005
0.0271104 0.281599 9.9973E-005 0.690991 9.9973E-005 9.9973E-005
9.9982E-005 0.126507 0.23582 0.403304 0.23417 9.9982E-005
9.9982E-005 0.073126 0.0866874 9.9982E-005 0.0599835 0.780003
0.152012 0.093693 9.9991E-005 0.191964 0.108188 0.454044
9.9973E-005 0.230593 9.9973E-005 0.613697 0.15541 9.9973E-005
0.0138598 0.222947 0.00432137 0.396121 0.28525 0.0775019
0.0732465 9.9973E-005 9.9973E-005 0.499603 0.42685 9.9973E-005
9.9982E-005 0.133638 9.9982E-005 0.0683658 0.327283 0.470513
0.029803 0.0620694 9.9973E-005 9.9973E-005 9.9973E-005 0.907828
9.9982E-005 0.154379 9.9982E-005 0.234007 0.219155 0.392259
9.9973E-005 9.9973E-005 0.076218 0.422204 0.501278 9.9973E-005
0.0224815 0.198991 9.9982E-005 0.705447 9.9982E-005 0.0728811
9.9973E-005 0.183637 0.198381 0.617682 9.9973E-005 9.9973E-005
9.9982E-005 0.269418 0.00435222 0.640388 0.0856421 9.9982E-005
0.0231554 0.0694347 9.9973E-005 9.9973E-005 9.9973E-005 0.90711
0.0466715 0.0606343 0.00887854 0.742717 0.140998 9.9991E-005
0.027962 0.215087 9.9982E-005 0.467537 0.289214 9.9982E-005
9.9991E-005 0.0854767 0.0295453 0.530057 0.280178 0.0746428
0.00377966 0.0352846 9.9991E-005 0.15099 0.208552 0.601294
0.0532343 0.0611677 9.9982E-005 0.604728 0.280671 9.9982E-005
0.0457699 0.0660168 9.9991E-005 0.265755 0.550791 0.071567
0.0253335 0.0449839 0.0943185 0.691987 0.143277 9.9991E-005
9.9991E-005 0.190011 0.125728 0.542899 0.062617 0.0786449
9.9973E-005 0.111705 9.9973E-005 0.23081 9.9973E-005 0.657185
9.9982E-005 0.172322 0.00553826 9.9982E-005 0.0461071 0.775833
0.0203383 0.302723 0.0963769 0.256255 0.324207 9.9991E-005
0.113848 0.120583 0.125724 0.511831 0.0895482 0.038466
9.9991E-005 0.11417 0.101236 0.579705 0.196924 0.0078643
9.9982E-005 0.148731 0.159295 0.238247 0.453527 9.9982E-005
9.9991E-005 0.0284025 0.0714758 0.198512 0.305928 0.395582
0.124592 0.204327 9.9991E-005 0.30991 0.303845 0.0572263
9.9982E-005 9.9982E-005 0.0498048 0.560936 0.173849 0.21521
9.996E-005 0.9995 9.996E-005 9.996E-005 9.996E-005 9.996E-005
0.0657152 0.205886 9.9991E-005 0.112675 0.0324163 0.583208
9.9991E-005 0.0818519 0.0383115 0.159143 0.456318 0.264275
9.9964E-005 0.998681 9.9964E-005 9.9964E-005 9.9964E-005 0.00091923
0.0150926 0.318252 9.9982E-005 0.0821065 9.9982E-005 0.584349
9.9982E-005 0.058798 9.9982E-005 0.505761 0.277791 0.15745
0.0702621 0.186715 0.00286588 0.326393 0.0246499 0.389114
9.9982E-005 9.9982E-005 0.161524 0.136051 0.369687 0.332537
9.9991E-005 0.349189 0.119873 0.0474599 0.259458 0.22392
0.0856391 0.14268 9.9991E-005 0.0115479 0.00341585 0.756617
9.9991E-005 0.12927 0.157959 0.326791 0.113888 0.271993
0.0337122 0.328671 0.0581046 0.240308 0.114841 0.224363
9.9982E-005 0.181375 0.148132 0.43552 0.234773 9.9982E-005
0.0890416 0.134763 9.9973E-005 0.775896 9.9973E-005 9.9973E-005
0.190906 0.196979 0.0451645 0.337152 0.229699 9.9991E-005
9.9982E-005 9.9982E-005 0.0507139 0.235939 0.710085 0.00306205
9.9991E-005 0.0912832 0.0216258 0.430775 0.187812 0.268404
9.9991E-005 0.0256892 0.125758 0.0901202 0.00967365 0.748659
9.9991E-005 0.0829554 0.150044 0.252398 0.0932726 0.42123
9.9982E-005 0.457511 0.148056 0.194907 0.199326 9.9982E-005
0.0345954 0.291095 0.08322 0.256126 0.334863 9.9991E-005
9.9964E-005 0.176417 9.9964E-005 9.9964E-005 9.9964E-005 0.823183
0.0192956 0.1977 0.131959 0.326688 0.324257 9.9991E-005
0.0931463 0.198317 0.0436718 0.501217 0.139613 0.0240351
0.013576 0.0733461 9.9991E-005 0.442733 0.275243 0.195001
0.0445093 0.257356 0.0163623 0.348817 0.332855 9.9991E-005
0.0814356 0.375609 9.9991E-005 0.0652701 0.336922 0.140663
0.0283351 0.273702 0.0240151 0.204106 0.408819 0.0610227
9.9991E-005 0.20227 0.0662433 0.440923 0.236942 0.0535219
9.9982E-005 0.106038 0.102119 0.68158 0.110063 9.9982E-005
0.0628532 0.175684 0.000155104 0.693789 0.0674188 9.9991E-005
0.0202914 0.111219 0.181235 0.0866752 0.41045 0.190129
9.9982E-005 0.126124 0.0156015 9.9982E-005 0.352451 0.505623
9.9991E-005 0.315905 0.0814409 0.0811086 0.277533 0.243913
0.0539592 0.42727 0.101482 0.171152 0.184076 0.0620595
0.0807086 0.323359 0.00337898 0.233776 0.258215 0.100563
9.9982E-005 0.171458 9.9982E-005 0.300617 0.421096 0.106629
9.9964E-005 0.0756732 9.9964E-005 9.9964E-005 9.9964E-005 0.923927
0.00231553 0.224179 9.9991E-005 0.144334 0.578286 0.050785
9.9982E-005 0.507692 9.9982E-005 0.136629 0.111728 0.243751
0.160726 0.483907 9.9991E-005 0.333061 0.000357999 0.021848
9.9982E-005 0.218125 9.9982E-005 0.281987 0.328076 0.171611
9.9991E-005 0.0201143 0.0222568 0.0451173 0.315309 0.597102
9.9982E-005 0.260318 0.0297041 0.295665 9.9982E-005 0.414113
9.9973E-005 9.9973E-005 9.9973E-005 0.375798 0.0919502 0.531951
9.9973E-005 0.0671127 9.9973E-005 0.468471 0.464117 9.9973E-005
9.9973E-005 9.9973E-005 0.0599712 9.9973E-005 0.140578 0.799151
9.9991E-005 0.205137 0.00881238 0.371085 0.0152356 0.39963
0.0721854 0.151476 0.0414593 0.485946 0.223279 0.0256545
9.996E-005 9.996E-005 9.996E-005 9.996E-005 9.996E-005 0.9995
9.9973E-005 0.268193 9.9973E-005 9.9973E-005 0.231852 0.499654
0.0666072 0.265438 0.0216659 0.35516 0.193 0.098128
0.0450277 0.107593 9.9982E-005 0.394563 9.9982E-005 0.452616
9.9991E-005 0.107824 0.103655 0.450099 0.203223 0.135098
0.0892768 0.021665 0.00548726 0.413614 0.469857 9.9991E-005
9.9982E-005 9.9982E-005 0.149694 0.164926 0.391429 0.293751
0.0176825 0.155867 9.9982E-005 0.680266 0.145984 9.9982E-005
9.9973E-005 0.0182717 9.9973E-005 0.504511 0.476917 9.9973E-005
0.0815118 0.127649 0.055707 0.467958 0.261087 0.00608732
0.0727204 0.248633 9.9982E-005 9.9982E-005 0.474912 0.203535
0.027461 0.0393281 9.9991E-005 0.544835 0.138197 0.250079
0.172528 0.110451 0.0974434 0.427127 0.19235 9.9991E-005
0.0428656 0.0507706 9.9991E-005 0.470181 0.304112 0.131971
0.140149 0.390458 0.0771138 0.183477 0.208702 9.9991E-005
0.0694968 0.186523 9.9982E-005 0.25907 0.48471 9.9982E-005
9.9991E-005 0.248226 0.230841 0.136838 0.133931 0.250064
9.9982E-005 0.117065 0.006572 0.456234 0.419929 9.9982E-005
9.9982E-005 0.382116 0.169112 0.168113 0.280458 9.9982E-005
0.0424424 0.151157 0.269257 0.167711 0.369333 9.9991E-005
0.264173 0.210208 0.0421643 0.483255 9.9982E-005 9.9982E-005
0.0715733 0.154508 0.0972072 0.149078 0.272438 0.255195
0.110968 9.9973E-005 9.9973E-005 0.694507 0.194226 9.9973E-005
0.0290134 0.359368 9.9991E-005 0.109503 0.367752 0.134264
9.9991E-005 0.237945 0.148426 0.431906 0.180362 0.00126092
0.0157949 0.13552 0.137535 0.649833 0.0612179 9.9991E-005
0.0360834 0.15553 0.163804 0.487029 0.157454 9.9991E-005
0.0400529 0.132503 9.9982E-005 0.454424 9.9982E-005 0.372821
0.0100883 0.155305 0.0239813 0.219175 0.16641 0.42504
9.9964E-005 9.9964E-005 9.9964E-005 0.772193 0.227407 9.9964E-005
9.9982E-005 0.101253 0.167958 0.598558 0.132031 9.9982E-005
0.106323 0.0896359 9.9982E-005 0.575297 0.228545 9.9982E-005
0.104202 0.213861 0.0151394 0.40344 0.263257 9.9991E-005
9.9982E-005 0.266477 9.9982E-005 0.155025 0.30167 0.276628
9.9991E-005 0.345045 0.0231414 0.232864 0.254825 0.144025
0.12127 0.158853 0.0918181 0.325599 0.30236 9.9991E-005
9.9991E-005 0.189821 0.0388988 0.165537 0.0353955 0.570248
9.9982E-005 9.9982E-005 0.0401795 0.396535 0.31467 0.248415
0.132516 0.376888 9.9991E-005 0.168483 0.269525 0.0524884
0.0649336 0.045082 9.9991E-005 0.0453918 0.0816033 0.762889
0.118749 0.218348 0.0293766 0.309561 0.314627 0.00933873
9.9991E-005 0.331064 0.0774565 0.25199 0.327112 0.0122771
9.9982E-005 0.137267 9.9982E-005 0.503242 0.346251 0.0130397
9.9982E-005 0.0330927 0.171576 0.526064 0.269068 9.9982E-005
0.154948 0.362993 9.9982E-005 0.229715 0.252145 9.9982E-005
9.9991E-005 0.19503 0.090817 0.288235 0.411141 0.0146772
9.9991E-005 0.0111749 0.100186 0.61335 0.236307 0.0388832
9.9973E-005 0.192359 9.9973E-005 0.724766 0.0825742 9.9973E-005
9.9991E-005 0.169022 0.147811 0.0346576 0.435955 0.212455
0.081607 0.152233 9.9982E-005 0.55979 0.206171 9.9982E-005
9.9973E-005 0.251297 9.9973E-005 0.656799 0.0916042 9.9973E-005
9.9973E-005 0.447127 9.9973E-005 9.9973E-005 0.497444 0.0551292
9.9982E-005 0.287479 0.0951764 0.505191 0.111954 9.9982E-005
0.048193 0.279662 9.9982E-005 0.569192 0.102753 9.9982E-005
9.9982E-005 0.21841 9.9982E-005 0.37416 0.0448255 0.362405
0.0469158 0.159131 9.9982E-005 0.504549 9.9982E-005 0.289204
9.9973E-005 0.114067 9.9973E-005 0.435081 0.450552 9.9973E-005
9.9982E-005 0.0822399 0.0300079 0.373363 9.9982E-005 0.514189
9.9982E-005 0.189429 0.116943 0.290689 0.402739 9.9982E-005
9.9982E-005 0.132675 9.9982E-005 0.306798 0.206271 0.354056
0.0118499 0.0477459 0.0623024 0.505501 0.339414 0.0331874
0.0185965 0.499636 9.9991E-005 0.0637768 0.282472 0.135419
0.190018 0.195309 9.9991E-005 0.234255 0.139814 0.240505
9.9982E-005 0.359306 0.0686521 0.112528 9.9982E-005 0.459314
9.9982E-005 0.0743034 0.0172699 0.307508 0.600719 9.9982E-005
9.9973E-005 0.315323 9.9973E-005 0.658146 0.026231 9.9973E-005
9.9982E-005 0.235362 9.9982E-005 0.254193 0.210905 0.29934
9.9991E-005 0.270521 0.210193 0.482598 0.022683 0.0139047
9.9973E-005 9.9973E-005 0.0344265 0.539059 0.426214 9.9973E-005
0.0484521 9.9973E-005 9.9973E-005 9.9973E-005 0.084056 0.867192
9.99844E-005 0.153772 0.0377536 0.504784 0.303491 9.99844E-005
0.0175973 9.9973E-005 9.9973E-005 0.582214 0.399889 9.9973E-005
9.9973E-005 0.173554 9.9973E-005 0.478729 0.347418 9.9973E-005
9.9991E-005 0.0754952 0.0234836 0.419624 0.405661 0.0756357
9.9982E-005 0.191104 9.9982E-005 0.652286 0.11317 0.0432402
9.9982E-005 0.134468 0.113041 0.480095 0.272197 9.9982E-005
9.9991E-005 0.0295829 0.0625629 0.513616 0.356236 0.0379022
9.9991E-005 0.206558 0.0438962 0.585006 0.0393708 0.125068
9.9991E-005 0.244587 0.132634 0.00457497 0.0640983 0.554006
9.9982E-005 0.244645 0.0322119 0.438211 0.284732 9.9982E-005
0.0355778 0.138094 9.9982E-005 0.748647 0.0774819 9.9982E-005
0.0481278 0.273833 9.9991E-005 0.169283 0.382709 0.125947
9.9991E-005 0.14987 0.0227991 0.338366 0.0622025 0.426662
0.0235563 0.152229 0.143737 0.565213 0.115166 9.9991E-005
9.9982E-005 0.0550037 9.9982E-005 0.400682 0.319817 0.224297
9.9982E-005 9.9982E-005 0.0844601 0.752245 0.118454 0.0446413
0.0138572 0.230782 9.9991E-005 0.286598 0.170378 0.298285
0.0538639 0.16804 0.073452 0.303372 0.314624 0.0866492
9.9982E-005 0.31726 9.9982E-005 0.102799 0.209066 0.370675
9.9982E-005 0.12084 0.0318987 0.62202 9.9982E-005 0.225042
0.0564126 0.23683 0.0949361 0.245914 0.320224 0.0456833
9.9991E-005 0.113388 0.0983088 0.444652 0.148189 0.195362
9.9982E-005 0.305888 0.0132567 0.452827 0.227828 9.9982E-005
0.0191054 0.176544 0.00797425 0.662663 0.0884776 0.045236
0.0158002 0.23103 9.9991E-005 0.0844923 0.665752 0.00282516
0.0195755 0.183747 9.9991E-005 0.180856 0.357799 0.257923
0.0251221 0.313063 9.9982E-005 0.176182 0.485433 9.9982E-005
9.9982E-005 0.10578 0.356484 0.248354 0.289183 9.9982E-005
9.9982E-005 0.166977 0.0919581 0.612459 0.128406 9.9982E-005
0.0216895 0.0303274 0.0997195 0.257421 0.0229172 0.567926
0.015854 9.9982E-005 0.0288078 0.046732 9.9982E-005 0.908406
0.0471655 0.0680522 0.0452808 0.419514 0.311767 0.10822
9.9991E-005 0.288252 0.203617 0.303747 0.13681 0.0674734
0.0638486 0.201009 0.0393488 0.122511 0.42681 0.146472
9.9991E-005 0.217001 0.0655365 0.235271 0.305949 0.176143
9.9991E-005 0.125042 0.108001 0.0318365 0.52085 0.214171
9.9982E-005 0.0785951 0.237973 0.56152 9.9982E-005 0.121712
0.0241316 0.0819934 0.127249 0.396878 0.369648 9.9991E-005
9.9982E-005 0.0667593 0.158643 0.371453 0.402945 9.9982E-005
0.000558604 0.0921522 0.0357146 0.421894 0.447969 0.00171203
0.0932829 0.0234577 0.0505183 0.66254 0.170101 9.9991E-005
9.9973E-005 0.174984 9.9973E-005 0.617469 0.207247 9.9973E-005
0.00638052 0.155126 0.00897195 0.661978 0.147691 0.0198529
0.137669 0.402151 9.9991E-005 0.270165 0.174757 0.0151574
0.0944306 0.0320215 0.0946092 0.423384 0.355455 9.9991E-005
9.9982E-005 0.272597 0.13057 0.51199 9.9982E-005 0.084644
0.0376868 0.19135 0.146544 0.1968 0.427519 9.9991E-005
9.9973E-005 9.9973E-005 9.9973E-005 0.149623 0.834951 0.0151265
9.9991E-005 0.0444241 0.150071 0.51449 0.16221 0.128705
0.0718837 0.0788004 0.0660505 0.242899 9.9991E-005 0.540266
9.9991E-005 0.130095 0.177015 0.188937 0.0790689 0.424784
9.9973E-005 9.9973E-005 0.0042915 0.215997 9.9973E-005 0.779411
9.9982E-005 0.152813 0.107156 0.482676 0.257154 9.9982E-005
9.9982E-005 0.0603912 0.0744497 0.0869742 9.9982E-005 0.777985
0.11592 0.069247 9.9991E-005 0.0418414 0.0569513 0.71594
9.9991E-005 0.171939 0.164187 0.363481 0.291276 0.00901675
0.0642885 0.0119476 0.0779222 0.443908 0.401834 9.9991E-005
0.0321647 0.210289 0.1445 0.451646 0.1613 9.9991E-005
9.9991E-005 0.195845 0.0149696 0.0646727 0.013647 0.710766
0.0468821 0.153768 9.9982E-005 0.652858 0.146293 9.9982E-005
0.0172213 0.312217 9.9991E-005 0.0189467 0.214927 0.436589
9.9991E-005 0.0713289 0.237743 0.514729 0.157334 0.0187649
9.9973E-005 9.9973E-005 0.179385 9.9973E-005 0.0479474 0.772368
0.0462091 0.247116 9.9991E-005 0.30885 0.313532 0.0841921
0.0811116 0.0715883 0.0121494 0.622872 0.196561 0.0157175
9.9982E-005 0.0979032 0.0789267 0.802039 0.0209308 9.9982E-005
0.00794552 0.276207 0.00157517 0.391642 0.322531 9.9991E-005
0.045663 9.9982E-005 9.9982E-005 0.214549 0.00364144 0.735947
0.0355291 0.106997 9.9991E-005 0.276893 0.395213 0.185268
0.125626 0.144042 0.00500568 0.0241331 0.363902 0.337291
0.126745 0.23418 0.0278707 0.566023 0.0450807 9.9991E-005
9.9991E-005 0.0533929 0.0444427 0.116195 0.044126 0.741743
0.150423 0.0995912 0.137255 0.207527 0.362071 0.0431326
0.0485964 9.9982E-005 0.0469018 9.9982E-005 0.54166 0.362642
9.9982E-005 0.199765 0.211732 0.429679 0.158624 9.9982E-005
0.0943263 0.160446 0.0175389 0.0299949 0.484224 0.213469
0.0446181 0.0232721 9.9982E-005 0.32355 9.9982E-005 0.608359
0.0722589 0.251987 0.104037 0.571517 9.9982E-005 9.9982E-005
9.9982E-005 0.219645 0.184813 0.570731 9.9982E-005 0.0246112
9.9982E-005 0.2102 0.180387 0.418535 0.190677 9.9982E-005
9.9973E-005 9.9973E-005 0.257428 0.375904 0.366368 9.9973E-005
9.9973E-005 0.229036 9.9973E-005 9.9973E-005 0.439842 0.330823
0.118641 0.099496 0.0139154 0.274007 0.49384 9.9991E-005
0.00289274 9.9991E-005 0.200113 0.719263 0.0724397 0.00519115
9.9991E-005 0.163295 0.0432947 0.612025 0.114842 0.0664438
0.04442 0.223732 9.9991E-005 0.231029 0.0323868 0.468332
9.9982E-005 0.288879 9.9982E-005 0.228985 0.297394 0.184542
0.0431188 0.0353788 0.0801201 0.532778 0.282276 0.0263286
9.9982E-005 0.458681 0.292018 9.9982E-005 0.130981 0.11812
9.9991E-005 0.136398 0.15635 0.163955 0.298928 0.244269
0.0126336 0.283189 0.0686736 0.32933 0.306074 9.9991E-005
0.0785809 0.275848 9.9982E-005 9.9982E-005 0.334834 0.310537
9.9982E-005 0.395831 0.0269021 0.0735352 0.503532 9.9982E-005
9.9991E-005 0.0458944 0.0649653 0.22723 0.187726 0.474084
0.132312 0.033652 9.9982E-005 0.768991 0.0648457 9.9982E-005
9.9982E-005 0.0330968 0.00767267 0.71106 0.24797 9.9982E-005
9.9991E-005 0.0270929 0.0356991 0.610243 0.324542 0.00232286
0.0601163 9.9973E-005 9.9973E-005 0.711709 0.227875 9.9973E-005
0.103822 0.398283 0.0183758 0.479319 9.9982E-005 9.9982E-005
0.0103978 0.28164 0.186733 0.429435 0.091694 9.9991E-005
9.9991E-005 0.132033 0.123414 0.136068 0.375213 0.233172
9.9973E-005 0.294292 9.9973E-005 0.122847 0.58256 9.9973E-005
9.9982E-005 0.0249379 0.123127 0.66091 0.190825 9.9982E-005
0.00506965 0.0694256 9.9991E-005 0.734306 0.114312 0.0767867
0.00447772 0.310901 0.0250173 0.317889 0.304617 0.0370985
0.117039 0.228386 0.0622397 9.9991E-005 0.322401 0.269835
0.0426582 0.341676 0.175565 0.298759 0.141243 9.9991E-005
0.0972139 0.0141233 0.0589598 0.583794 0.245809 9.9991E-005
9.9982E-005 0.0474637 0.0634154 0.142159 9.9982E-005 0.746762
9.9973E-005 9.9973E-005 9.9973E-005 0.254858 0.02779 0.717053
9.9982E-005 0.166865 0.131339 0.457395 0.244201 9.9982E-005
0.155621 9.9982E-005 0.409355 0.293751 0.141073 9.9982E-005
0.44645 0.123572 0.302382 0.00885991 0.099291 0.0194453
0.257222 0.0613608 0.371863 0.22241 0.0381363 0.0490083
0.0674973 0.155213 0.117478 0.545444 0.114267 9.9991E-005
0.386932 9.9982E-005 0.395158 0.195303 0.0224068 9.9982E-005
0.375404 0.0623219 0.269332 0.16634 0.0944824 0.0321195
0.427862 0.0112128 0.0733304 0.0456587 0.441836 9.9991E-005
0.322279 0.00708624 0.514058 0.122601 9.9991E-005 0.0338761
0.268789 9.9991E-005 0.409845 0.0654228 0.214194 0.0416491
0.311596 0.0838413 0.158756 0.321987 0.0982801 0.0255404
0.251293 0.221611 0.0254555 0.313548 0.187992 9.9991E-005
0.336042 9.9982E-005 0.311379 0.131287 0.221092 9.9982E-005
0.107333 0.0811533 0.211189 0.300377 0.299848 9.9991E-005
0.0997777 0.101964 0.708789 0.0848209 9.9991E-005 0.00454923
0.290759 0.0238169 0.353706 0.210445 0.121173 9.9991E-005
0.500857 0.0301646 0.181596 9.9991E-005 0.179393 0.107888
0.410563 0.0262191 0.101026 0.37483 0.087262 9.9991E-005
0.30424 0.127219 0.101385 0.262399 0.204657 9.9991E-005
0.134757 9.9982E-005 0.0229813 0.0318596 9.9982E-005 0.810202
0.314321 0.0654225 0.129408 0.305035 0.153489 0.0323243
0.195612 0.185018 0.433118 0.146466 0.0396868 9.9991E-005
0.103005 0.145034 9.9991E-005 0.457129 0.205623 0.0891089
0.537661 0.143943 0.311735 0.00646123 9.9982E-005 9.9982E-005
0.404458 0.364644 0.230598 9.9973E-005 9.9973E-005 9.9973E-005
0.165658 0.242485 9.9973E-005 9.9973E-005 0.591557 9.9973E-005
0.320218 9.9991E-005 0.356631 0.0950929 0.16233 0.0656285
0.246837 9.9991E-005 0.289248 0.265757 0.197499 0.000559123
0.307066 0.0987825 0.253283 0.260825 0.0526505 0.0273929
0.465132 9.9991E-005 0.18715 0.139966 0.15117 0.0564833
0.327764 0.0512535 0.398594 9.9991E-005 0.20003 0.0222586
0.445279 0.140328 0.298699 0.115494 9.9982E-005 9.9982E-005
0.769559 9.9973E-005 9.9973E-005 0.197357 9.9973E-005 0.0327841
0.298325 0.0535714 0.40021 0.111848 0.119222 0.0168238
0.315351 9.9982E-005 0.204621 0.107493 0.372335 9.9982E-005
0.482169 0.0375194 0.083761 9.9991E-005 0.326997 0.0694534
0.429722 0.0902939 0.236946 9.9982E-005 0.242838 9.9982E-005
0.312279 0.185121 0.286345 9.9991E-005 0.151363 0.0647932
9.9982E-005 0.0993292 0.315006 0.397117 0.188348 9.9982E-005
0.43642 9.9982E-005 0.335398 0.123406 9.9982E-005 0.104576
0.260509 9.9991E-005 0.39134 0.156074 0.159406 0.0325708
0.363926 0.108216 0.136009 0.285805 0.105945 9.9991E-005
0.195307 0.0260718 0.28083 0.00910269 0.488588 9.9991E-005
0.823086 9.9964E-005 9.9964E-005 0.176515 9.9964E-005 9.9964E-005
0.065411 0.127447 0.163789 0.480538 0.154285 0.00852977
0.373387 9.9982E-005 0.266454 0.339228 9.9982E-005 0.0207308
0.11524 0.103139 9.9991E-005 0.0759429 0.391297 0.314281
0.0252569 0.221108 0.317529 0.359872 0.0761344 9.9991E-005
0.0945842 0.0730866 0.0560744 0.433323 0.306256 0.0366761
0.379216 0.00207474 0.20388 0.198727 0.20971 0.0063926
0.200108 0.0826189 0.440027 0.23831 0.0388362 9.9991E-005
0.374765 9.9991E-005 0.395075 0.126347 0.0547233 0.0489895
0.371112 0.142914 0.14721 0.152733 0.185931 9.9991E-005
0.303232 0.0438319 0.27799 0.124643 0.250202 9.9991E-005
0.334665 9.9982E-005 0.349497 0.268029 9.9982E-005 0.0476089
0.315552 9.9982E-005 0.146871 0.280304 0.257074 9.9982E-005
0.640852 0.0225042 0.144772 0.0941835 0.097588 9.9991E-005
0.414857 9.9991E-005 0.0873948 0.297894 0.186775 0.0129786
9.9991E-005 0.0680306 0.545684 0.297741 0.0210855 0.0673592
0.596453 9.9982E-005 0.0972044 0.208553 0.0975895 9.9982E-005
0.453136 9.9982E-005 0.240563 0.101195 0.204905 9.9982E-005
0.297526 0.0189844 0.479846 0.121171 0.0431072 0.039366
0.362307 0.132149 0.313813 0.0578509 0.133781 9.9991E-005
0.174019 0.151676 9.9991E-005 0.541695 0.12176 0.01075
0.32333 9.9973E-005 0.229642 9.9973E-005 0.446729 9.9973E-005
0.00834761 0.16622 0.020689 0.258701 0.349967 0.196075
0.267326 0.0759035 0.297561 0.28595 0.0731587 9.9991E-005
0.400729 0.0702224 0.141939 9.9991E-005 0.34686 0.0401493
0.116031 0.114525 9.9991E-005 0.341588 0.324587 0.103168
0.206378 0.0265854 0.536211 0.139264 0.0437398 0.0478221
0.461506 9.9982E-005 0.0877536 0.0383597 0.412181 9.9982E-005
0.199175 9.9973E-005 0.684341 0.116185 9.9973E-005 9.9973E-005
0.28831 9.9973E-005 0.342366 9.9973E-005 0.369024 9.9973E-005
0.271121 0.206411 0.127786 0.259728 0.133061 0.00189305
0.327509 9.9982E-005 0.377007 0.00859753 0.286687 9.9982E-005
0.437527 0.100036 0.218816 0.217719 9.9991E-005 0.0258019
0.448491 0.146147 0.109156 0.296006 9.9982E-005 9.9982E-005
0.161274 0.101182 0.16047 0.260053 0.316921 9.9991E-005
0.298787 0.191949 0.236847 0.0786441 0.193673 9.9991E-005
0.254346 0.152086 0.158773 0.156196 0.268644 0.00995498
9.9982E-005 0.0672316 0.0811196 9.9982E-005 0.0479649 0.803484
0.304838 9.9982E-005 0.236877 0.149663 0.308423 9.9982E-005
0.0724982 0.0119431 0.0565138 0.433132 0.326262 0.0996506
0.454811 0.258443 0.201143 9.9982E-005 0.085403 9.9982E-005
0.173533 0.165173 0.301631 0.179605 0.179957 9.9991E-005
0.0650279 9.9982E-005 0.312055 0.401442 0.221275 9.9982E-005
0.0824008 0.00718485 0.0808085 0.709328 0.120178 9.9991E-005
0.399815 0.0466376 0.0644966 0.356762 0.132189 9.9991E-005
0.346555 0.00591235 0.265257 0.20375 0.178426 9.9991E-005
0.340817 0.0790025 0.322177 0.137089 0.120815 9.9991E-005
0.410169 0.0613782 0.301345 0.202697 9.9991E-005 0.0243111
9.9991E-005 0.3039 0.209331 0.363596 0.106408 0.0166647
0.389204 0.144346 0.308152 0.152374 9.9991E-005 0.00582376
0.387421 9.9982E-005 0.140145 0.0433185 0.428916 9.9982E-005
0.33057 0.083946 0.203506 0.173302 0.208576 9.9991E-005
0.0300622 0.162749 9.9982E-005 0.548994 0.257995 9.9982E-005
0.462656 0.0934894 0.13503 0.0328291 0.275895 9.9991E-005
0.496873 0.0566237 0.0943781 0.0155124 0.336513 9.9991E-005
0.283781 0.0305963 0.318727 0.366696 9.9982E-005 9.9982E-005
0.232225 0.0272893 0.441686 0.210606 0.0880937 9.9991E-005
9.9973E-005 0.303758 9.9973E-005 0.225091 0.470852 9.9973E-005
9.9973E-005 0.105317 0.0115856 9.9973E-005 9.9973E-005 0.882798
0.36435 0.012534 0.20735 0.0634113 0.352255 9.9991E-005
0.112578 0.085251 0.39808 0.400333 9.9991E-005 0.00365834
0.345641 0.0877082 0.142634 0.325875 0.0980423 9.9991E-005
0.420897 9.9991E-005 0.152528 0.00220081 0.355912 0.0683624
0.470298 0.0179055 0.325931 0.14508 9.9991E-005 0.0406863
0.50994 0.0286042 0.0759655 0.153007 0.232384 9.9991E-005
0.486766 9.9982E-005 0.275302 9.9982E-005 0.234157 0.00357514
0.563293 9.9991E-005 0.142965 0.133579 0.117475 0.0425879
0.347793 9.9991E-005 0.303644 0.0620123 0.257112 0.0293387
0.264238 0.1461 0.102421 0.374012 0.113129 9.9991E-005
0.0666759 0.257052 0.168063 0.370684 0.137425 9.9991E-005
0.358155 9.9982E-005 0.389899 0.00357733 0.248169 9.9982E-005
0.302621 0.148829 0.149442 0.398908 9.9982E-005 9.9982E-005
0.0318748 0.138915 0.111884 0.701741 0.0154854 9.9991E-005
0.407042 0.0704582 0.252559 9.9991E-005 0.25719 0.012651
9.9973E-005 0.330545 9.9973E-005 0.388375 0.28078 9.9973E-005
0.29906 0.248247 0.207117 0.243832 9.9991E-005 0.00164423
0.228931 9.9982E-005 0.450808 0.0857248 0.234336 9.9982E-005
0.0970689 0.148861 0.133293 0.306004 0.314674 9.9991E-005
0.341461 0.146499 0.172215 0.0701233 0.269602 9.9991E-005
0.208032 0.402397 0.0893735 0.157959 0.142139 9.9991E-005
0.12722 9.9991E-005 0.74257 0.0659113 0.0131144 0.0510846
9.9964E-005 9.9964E-005 0.426283 9.9964E-005 9.9964E-005 0.573317
0.279365 9.9982E-005 0.380112 0.145278 0.195044 9.9982E-005
0.409185 0.00694649 0.282931 0.287896 0.0129415 9.9991E-005
0.334474 0.0894008 0.279413 9.9982E-005 0.296513 9.9982E-005
0.312748 0.132933 0.232163 0.134487 0.18757 9.9991E-005
0.300933 9.9982E-005 0.429855 0.243244 9.9982E-005 0.0257685
0.398754 0.158393 0.321287 0.0309969 0.0904696 9.9991E-005
0.251205 0.0985906 0.420345 0.229659 9.9982E-005 9.9982E-005
0.0308917 0.203551 9.9982E-005 0.628193 0.137165 9.9982E-005
0.179732 0.0166379 0.528752 9.9991E-005 0.222078 0.0527
0.413784 0.0288013 0.192093 0.195201 0.170021 9.9991E-005
0.519049 0.0559493 0.264869 0.0693737 0.0674621 0.0232974
0.446863 0.27544 0.16641 0.107378 9.9991E-005 0.00380886
0.0725754 9.9973E-005 0.623407 9.9973E-005 0.303718 9.9973E-005
0.29038 0.0332238 0.140638 0.313503 0.165402 0.056853
0.199399 9.9973E-005 0.22783 0.572471 9.9973E-005 9.9973E-005
0.257768 0.306354 0.137267 0.109818 0.188694 9.9991E-005
0.293976 9.9982E-005 0.266052 0.129354 0.310417 9.9982E-005
0.378571 0.0460244 0.0792714 9.9982E-005 0.495933 9.9982E-005
9.9991E-005 0.134478 0.00452179 0.543494 0.256416 0.0609907
0.218236 9.9982E-005 0.1873 0.327731 0.266532 9.9982E-005
0.387925 0.198167 0.166041 9.9982E-005 0.247667 9.9982E-005
0.461979 9.9973E-005 0.105736 9.9973E-005 0.431985 9.9973E-005
0.199335 0.0433839 0.412332 0.0538486 0.291001 9.9991E-005
0.269369 0.00782742 0.54903 9.9982E-005 0.173574 9.9982E-005
0.283733 0.270067 0.170298 0.0497908 0.226011 9.9991E-005
9.9991E-005 0.0881043 0.0985745 0.526517 0.254459 0.0322457
0.0858865 0.161407 0.166402 0.503045 0.00502022 0.0782395
0.374104 9.9991E-005 0.202062 0.0442977 0.371427 0.00800966
0.397331 0.181856 0.251979 0.168634 9.9982E-005 9.9982E-005
0.269319 0.0545557 0.315448 0.160833 0.199744 9.9991E-005
0.267671 0.0132314 0.236125 0.375235 0.0791596 0.0285781
0.442318 0.0885856 0.272018 0.102982 0.071356 0.0227396
0.412285 0.143853 0.178667 9.9982E-005 0.264996 9.9982E-005
0.00456769 0.367789 0.0678956 9.9991E-005 0.370119 0.189528
0.276684 9.9991E-005 0.314592 0.264773 0.134293 0.00955711
0.307182 0.034169 0.2341 0.169097 0.255352 9.9991E-005
0.134841 0.241371 0.025853 0.0494941 0.248839 0.299602
9.9982E-005 9.9982E-005 0.0983228 0.19332 0.429377 0.27878
0.464165 9.9982E-005 0.324187 0.0102551 0.201194 9.9982E-005
0.221721 0.0305094 0.218711 0.166752 0.264413 0.097894
0.332434 9.9982E-005 0.398595 0.227014 0.0417565 9.9982E-005
9.9973E-005 9.9973E-005 0.236212 0.545846 0.217642 9.9973E-005
0.304725 0.046128 0.22779 0.28075 0.140507 9.9991E-005
0.250417 0.0778368 0.415204 0.256342 9.9982E-005 9.9982E-005
0.0248017 0.0819171 0.0626133 0.115121 0.452582 0.262966
0.401246 0.117396 0.251298 0.225504 9.9991E-005 0.00445592
0.388473 9.9991E-005 0.286431 0.193813 0.118019 0.0131635
0.366506 0.051957 0.31247 0.224749 0.0442184 9.9991E-005
0.316568 9.9982E-005 0.256917 0.108096 0.31822 9.9982E-005
0.465236 9.9982E-005 0.135333 0.134514 0.264718 9.9982E-005
0.368426 0.110965 0.290644 0.127116 0.102749 9.9991E-005
0.452103 0.0204662 0.169831 0.194717 0.112685 0.050199
0.273491 9.9973E-005 0.407719 0.318489 9.9973E-005 9.9973E-005
0.470992 9.9982E-005 0.171316 0.354121 9.9982E-005 0.00337139
0.400684 0.062933 0.108244 0.156285 0.258686 0.0131676
0.0822149 0.285739 9.9973E-005 9.9973E-005 9.9973E-005 0.631746
0.375099 0.091376 0.288864 9.9982E-005 0.244461 9.9982E-005
0.464949 9.9991E-005 0.257826 0.203745 0.0650207 0.0083589
0.124482 0.163861 0.180368 0.219801 0.311388 9.9991E-005
0.38839 9.9982E-005 0.533876 0.000696236 0.0768383 9.9982E-005
0.320339 0.181585 0.217765 0.11971 0.1605 9.9991E-005
0.31256 9.9973E-005 0.249237 9.9973E-005 0.437904 9.9973E-005
0.230672 0.364012 9.9991E-005 0.275582 0.112586 0.0170485
0.263577 0.105848 0.547277 0.0830986 9.9982E-005 9.9982E-005
0.455995 9.9982E-005 0.285625 0.238309 9.9982E-005 0.0198714
0.318236 0.0774449 0.340262 0.0266907 0.184942 0.0524251
0.435856 0.0829724 0.128278 0.133617 0.219177 9.9991E-005
0.218864 9.9991E-005 0.213295 0.1783 0.387958 0.00148363
0.0511442 9.9964E-005 9.9964E-005 9.9964E-005 9.9964E-005 0.948456
0.294682 0.0959861 0.345006 0.00388271 0.260343 9.9991E-005
0.168065 9.9982E-005 0.317239 0.344973 0.169524 9.9982E-005
0.294927 0.104493 0.269376 0.134945 0.196158 9.9991E-005
0.418474 0.143878 0.19084 0.246608 9.9982E-005 9.9982E-005
0.36271 0.187499 0.379721 9.9991E-005 0.0331397 0.0368307
0.395005 0.156854 0.143126 0.156476 0.112527 0.0360125
9.9973E-005 0.329945 0.0545908 9.9973E-005 9.9973E-005 0.615164
0.327739 0.111381 0.301947 0.0222756 0.236557 9.9991E-005
0.263051 0.113504 0.339831 0.0315677 0.251947 9.9991E-005
0.265394 9.9982E-005 0.343804 0.363152 0.02745 9.9982E-005
0.241531 0.0937801 0.449197 0.08268 0.106337 0.0264743
0.450279 0.211004 0.144744 0.0872758 0.106597 9.9991E-005
0.467642 0.167088 0.196317 0.155902 0.0129517 9.9991E-005
0.221983 0.0198403 0.348354 0.131846 0.277877 9.9991E-005
0.22559 9.9991E-005 0.402527 0.320918 0.0410427 0.00982283
0.208285 0.282552 0.237318 9.9982E-005 0.271645 9.9982E-005
0.377981 0.121245 0.0820249 0.398028 9.9991E-005 0.0206211
0.480212 0.00323186 0.222247 0.0182925 0.273814 0.00220268
0.198005 0.107485 0.252559 0.315287 0.126565 9.9991E-005
0.206654 0.0518634 0.194745 0.259633 0.287004 9.9991E-005
0.462849 9.9991E-005 0.279573 0.139224 0.0865245 0.0317295
0.236748 9.9982E-005 0.28712 0.24192 0.234012 9.9982E-005
0.187204 0.103405 0.329693 0.225673 0.151796 0.00222872
0.283918 0.142673 0.233578 0.0607264 0.279005 9.9991E-005
0.487688 9.9991E-005 0.128277 0.182218 0.149551 0.0521671
0.398943 9.9982E-005 0.269588 0.302494 9.9982E-005 0.0287753
0.383014 0.129609 0.192033 0.256603 0.0386409 9.9991E-005
0.191728 0.150478 0.164206 0.31415 0.179338 9.9991E-005
0.234088 9.9982E-005 0.630689 0.0537499 0.0812731 9.9982E-005
0.180791 0.161873 0.246054 0.291556 0.119627 9.9991E-005
0.32335 9.9982E-005 0.123974 0.311884 0.240592 9.9982E-005
0.0374751 9.9991E-005 0.0155745 0.0784953 0.0385436 0.829811
0.0553551 0.0599302 9.9991E-005 0.20907 0.348617 0.326928
0.0562987 0.332494 0.0615863 0.203518 0.194857 0.151246
9.9982E-005 0.0208979 0.00954018 9.9982E-005 0.490905 0.478457
0.160653 0.260774 0.019552 0.260402 0.298519 9.9991E-005
0.0580535 0.246521 0.116555 0.40262 0.17615 9.9991E-005
0.105644 0.647417 9.9982E-005 0.215598 9.9982E-005 0.0311409
0.504496 0.20669 0.186395 0.0403317 0.0619873 9.9991E-005
0.306592 9.9982E-005 0.27268 0.403031 9.9982E-005 0.0174969
0.439803 9.9982E-005 0.319774 0.079816 0.160407 9.9982E-005
0.222404 0.164229 0.0950293 0.512256 0.00598225 9.9991E-005
0.331682 9.9991E-005 0.134228 0.297656 0.204384 0.0319507
0.277096 9.9991E-005 0.253666 0.0368342 0.39712 0.0351839
0.273298 9.999E-005 0.308448 0.183011 0.235043 9.999E-005
0.289299 0.216157 0.189834 0.30451 9.9982E-005 9.9982E-005
0.272891 9.9991E-005 0.393812 0.256675 0.0550337 0.0214882
0.304658 0.195349 0.302193 0.0356825 0.162017 9.9991E-005
0.258934 0.1495 0.224437 9.9982E-005 0.366929 9.9982E-005
0.219329 0.15425 9.9991E-005 0.238274 0.387285 0.000763447
0.218682 0.0722439 0.500432 9.9991E-005 0.161193 0.0473496
0.313848 0.0414517 0.503956 0.108536 9.9991E-005 0.0321086
0.278235 0.209563 0.264583 0.164478 0.0723823 0.0107586
0.131947 9.9973E-005 9.9973E-005 9.9973E-005 0.154394 0.71336
0.135677 0.0899234 9.9991E-005 0.155492 0.464424 0.154383
0.281626 9.9982E-005 0.329453 0.184527 0.204194 9.9982E-005
0.30089 0.304935 0.278601 0.115374 9.9982E-005 9.9982E-005
0.0282093 0.152904 0.0061883 0.435275 0.195102 0.182321
0.238099 9.9982E-005 0.384533 0.124303 0.252865 9.9982E-005
0.566214 9.9991E-005 0.236626 0.129363 0.0298302 0.0378662
9.9982E-005 0.367369 0.0665696 0.283273 0.282589 9.9982E-005
0.406195 0.103823 0.181103 0.277842 0.0309368 9.9991E-005
0.42431 0.0754263 0.298471 0.0662747 0.0744717 0.0610461
9.9964E-005 9.9964E-005 0.918707 0.0808932 9.9964E-005 9.9964E-005
9.996E-005 9.996E-005 0.9995 9.996E-005 9.996E-005 9.996E-005
0.29169 0.0860902 0.195211 0.188613 0.210279 0.0281172
0.465256 9.9982E-005 0.138766 0.129862 0.265915 9.9982E-005
0.107821 0.285955 0.00619486 9.9991E-005 0.281978 0.317951
0.263089 0.109789 0.37663 0.250292 9.9982E-005 9.9982E-005
0.307228 0.0345173 0.179511 0.337524 0.136819 0.00440058
0.37364 0.0569373 0.414808 9.9991E-005 0.153578 0.000936031
0.159599 0.205838 0.0377124 0.124072 0.349001 0.123777
0.0657914 0.41108 0.263867 0.259062 9.9982E-005 9.9982E-005
0.170598 0.329596 0.0793816 0.34825 0.0720744 9.9991E-005
0.281003 0.0740779 0.372411 0.272308 9.9982E-005 9.9982E-005
0.0702702 0.32637 0.0747354 0.357497 0.171027 9.9991E-005
0.408494 0.00338584 0.247721 0.129525 0.210774 9.9991E-005
0.158451 0.139107 0.265721 0.147839 0.288782 9.9991E-005
0.378491 0.213476 0.19154 9.9982E-005 0.216293 9.9982E-005
0.308041 0.102604 0.217806 0.26414 0.107309 9.9991E-005
0.0637437 0.340395 0.087408 0.0961504 0.230641 0.181661
0.231438 0.106669 0.430724 0.140253 0.0908151 9.9991E-005
9.99641E-005 9.99641E-005 9.99641E-005 9.99641E-005 0.284752 0.714848
0.414114 0.13429 0.0549737 0.153078 0.243445 9.9991E-005
0.474047 0.035721 0.238738 0.146919 0.0997608 0.00481454
9.996E-005 9.996E-005 9.996E-005 9.996E-005 9.996E-005 0.9995
0.0140444 0.0619206 0.100057 9.9982E-005 9.9982E-005 0.823778
0.24446 0.197109 0.151498 9.9982E-005 0.406733 9.9982E-005
0.251133 0.215117 0.135208 0.297407 0.0891109 0.0120246
0.238326 9.9991E-005 0.411556 0.146204 0.197092 0.00672193
0.292219 0.00818514 0.434417 9.9991E-005 0.260129 0.00494932
0.20312 9.9982E-005 0.323474 0.242792 0.230413 9.9982E-005
0.600788 9.9973E-005 0.224521 9.9973E-005 0.174391 9.9973E-005
0.213401 0.0534841 0.284148 9.9991E-005 0.431382 0.017485
0.0972664 0.139668 0.00381916 0.220484 0.20745 0.331313
0.195251 0.145129 0.383948 0.100095 0.175477 9.9991E-005
0.463168 9.9973E-005 0.174549 9.9973E-005 0.361983 9.9973E-005
0.19098 0.308019 0.192532 0.183002 0.125366 9.9991E-005
0.142532 0.327579 9.9982E-005 0.458978 9.9982E-005 0.0707122
0.286392 9.9973E-005 9.9973E-005 0.376054 0.337254 9.9973E-005
9.9982E-005 0.026628 0.411684 0.0582189 0.503269 9.9982E-005
0.258693 0.0954388 0.341019 0.0671065 0.237643 9.9991E-005
0.0833472 0.46568 0.0727495 9.9991E-005 0.21307 0.165054
0.183419 0.24612 0.461035 9.9991E-005 0.0731731 0.0361534
0.264542 9.9991E-005 0.276326 0.283138 0.167791 0.00810191
0.447946 0.0424454 0.294453 0.214956 9.9982E-005 9.9982E-005
0.329903 0.149366 0.142883 0.306914 0.0708333 9.9991E-005
0.306738 0.337136 0.120637 0.151888 0.0835008 9.9991E-005
0.351156 0.0262052 0.169284 0.35351 0.0997453 9.9991E-005
0.197269 9.9982E-005 0.291691 0.201056 0.309785 9.9982E-005
0.120552 0.278488 9.9982E-005 0.263348 0.337411 9.9982E-005
0.0384384 0.130649 0.0295728 0.5976 0.203639 9.9991E-005
0.203368 0.235919 0.513345 9.9982E-005 0.0471681 9.9982E-005
0.385555 9.9982E-005 0.343209 0.0484571 0.222579 9.9982E-005
0.365153 9.9982E-005 0.194335 0.195416 0.244897 9.9982E-005
