0.170801 0.0389606 0.247258 9.9991E-005 0.0681293 0.474751
0.27591 9.9991E-005 0.289508 0.00860988 0.168266 0.257607
0.141763 9.9982E-005 0.259674 0.0815491 9.9982E-005 0.516814
0.13088 9.9991E-005 0.0844834 0.180464 0.0575486 0.546524
0.207979 9.9982E-005 0.0930785 0.0170565 9.9982E-005 0.681686
9.9964E-005 9.9964E-005 0.304269 0.695331 9.9964E-005 9.9964E-005
9.999E-005 0.119998 0.249164 0.00158199 0.107756 0.521401
0.0383406 9.9973E-005 0.0366698 0.92469 9.9973E-005 9.9973E-005
0.0668075 0.0484534 0.267286 0.000647543 0.116185 0.500621
0.0852188 9.9991E-005 0.22202 0.00297808 0.241377 0.448306
9.9973E-005 9.9973E-005 0.191755 9.9973E-005 0.291875 0.51607
0.025957 9.9991E-005 0.194074 0.211137 0.150053 0.418679
0.136708 9.9982E-005 0.0976394 9.9982E-005 0.184027 0.581426
0.0179318 0.0366432 0.201883 0.064681 0.0804519 0.598409
9.9973E-005 9.9973E-005 0.174909 0.532385 0.292406 9.9973E-005
0.133413 9.9991E-005 0.386368 0.0566633 0.0709662 0.352489
0.048327 9.9991E-005 0.506642 0.113531 0.0222896 0.309111
0.306175 9.9973E-005 9.9973E-005 9.9973E-005 0.111549 0.581976
0.0695124 0.0198375 0.285856 0.0125567 0.105207 0.507031
0.131762 9.9991E-005 0.204602 0.0300517 0.0188027 0.614681
0.0738285 0.00416797 0.0131209 9.9991E-005 0.144082 0.764701
0.126088 9.9991E-005 0.277468 0.112093 0.0220593 0.462192
0.0139849 9.9982E-005 0.301499 9.9982E-005 0.147821 0.536496
9.9973E-005 9.9973E-005 0.275458 0.493384 0.230858 9.9973E-005
0.319645 0.0506839 0.0952659 9.9982E-005 9.9982E-005 0.534205
0.0650261 9.9982E-005 0.285366 0.596644 9.9982E-005 0.0527644
0.0822108 0.0188151 0.278937 0.41868 9.9991E-005 0.201257
9.9973E-005 9.9973E-005 9.9973E-005 0.327538 0.128596 0.543566
9.9982E-005 0.0603017 0.280223 0.610777 9.9982E-005 0.0484982
9.9973E-005 9.9973E-005 0.154027 0.0962231 9.9973E-005 0.74945
0.0517186 9.9991E-005 0.291272 0.389368 0.10205 0.165492
0.150768 0.0555364 0.0427375 0.0298108 0.0594206 0.661726
0.111697 0.0155034 0.355442 0.196206 0.0226384 0.298513
9.9973E-005 9.9973E-005 9.9973E-005 0.814045 0.0132388 0.172416
0.0114198 0.0673711 9.9982E-005 0.894847 0.0261618 9.9982E-005
0.0740739 0.00484787 0.120591 0.110886 0.0729485 0.616653
0.094855 9.9991E-005 0.102761 0.148538 0.0913014 0.562445
0.0907735 0.0142347 0.187317 9.9991E-005 0.209902 0.497672
0.10423 9.9991E-005 0.0845995 0.67619 0.0290292 0.105852
0.0837643 0.0198221 0.341418 0.328682 0.0573135 0.169
9.9982E-005 9.9982E-005 0.243799 0.202691 0.379454 0.173855
9.9973E-005 9.9973E-005 0.306862 9.9973E-005 0.155141 0.537698
0.170987 9.9991E-005 0.191793 0.14509 0.0157947 0.476236
0.25705 9.9982E-005 0.014179 0.584657 9.9982E-005 0.143914
9.9973E-005 9.9973E-005 0.272809 9.9973E-005 0.266703 0.460188
0.319643 9.9991E-005 0.079834 0.00246182 0.353992 0.24397
0.255437 0.0636723 0.241028 0.0333352 9.9991E-005 0.406428
0.0151893 0.115543 0.510386 0.00913704 9.9991E-005 0.349645
0.148168 9.9991E-005 0.275377 0.0216067 0.157822 0.396926
0.132977 9.9973E-005 0.436337 0.430386 9.9973E-005 9.9973E-005
9.9982E-005 0.0462278 0.206959 9.9982E-005 0.044227 0.702386
9.9991E-005 0.121832 0.214521 0.394189 0.0789492 0.19041
0.172908 9.9982E-005 0.196208 9.9982E-005 0.311011 0.319673
9.9973E-005 9.9973E-005 0.0587497 0.885785 9.9973E-005 0.0551649
0.0246758 9.9991E-005 0.357166 0.312608 0.158876 0.146574
0.141638 9.9982E-005 0.058623 9.9982E-005 0.0789292 0.72061
0.00686844 9.9982E-005 0.265341 9.9982E-005 0.102612 0.624978
0.0671016 9.9991E-005 0.212694 0.17879 0.063735 0.47758
9.9982E-005 9.9982E-005 0.46228 0.20603 0.137603 0.193886
9.9973E-005 9.9973E-005 0.0771324 0.329432 9.9973E-005 0.593136
0.00330026 0.0411908 0.23079 0.724519 9.9982E-005 9.9982E-005
9.9964E-005 9.9964E-005 0.211576 0.788024 9.9964E-005 9.9964E-005
0.100863 0.0379177 0.223914 9.9982E-005 9.9982E-005 0.637105
9.9964E-005 9.9964E-005 0.117195 0.882405 9.9964E-005 9.9964E-005
0.104082 0.0176747 0.336552 9.9991E-005 0.192743 0.348849
0.156961 9.9973E-005 0.0600734 0.782666 9.9973E-005 9.9973E-005
0.120176 0.0239586 0.0943477 9.9991E-005 0.125553 0.635864
0.0824546 9.9991E-005 0.390676 0.0717546 0.218677 0.236338
0.0297947 9.9982E-005 0.367461 9.9982E-005 0.20611 0.396434
9.9973E-005 0.0147791 0.370584 0.614337 9.9973E-005 9.9973E-005
0.137196 0.0463233 0.238165 9.9991E-005 0.358347 0.219868
0.249092 9.9982E-005 0.174353 0.0329886 9.9982E-005 0.543367
9.9982E-005 0.0814884 0.205212 0.262463 9.9982E-005 0.450636
0.0470713 9.9982E-005 0.27948 9.9982E-005 0.285076 0.388173
0.191141 9.9991E-005 0.228424 0.0339359 0.0250475 0.521351
9.9982E-005 9.9982E-005 0.0988314 0.321993 0.150842 0.428134
0.118608 9.9991E-005 0.142404 0.0478379 0.182919 0.508131
0.232719 9.9991E-005 0.362028 0.125932 0.126767 0.152454
0.0573478 9.9991E-005 0.359708 0.101899 0.122062 0.358884
0.175269 0.0886693 0.2115 0.00598846 9.9991E-005 0.518473
0.272484 9.9982E-005 0.220792 9.9982E-005 0.168018 0.338505
0.143861 0.0039664 0.27809 0.0147225 0.0515122 0.507848
0.221174 9.9991E-005 0.272328 0.0221629 0.0874286 0.396807
0.048337 9.9982E-005 0.17744 9.9982E-005 0.151478 0.622545
9.9973E-005 9.9973E-005 0.210757 9.9973E-005 0.183655 0.605289
0.123563 9.9991E-005 0.204421 0.121428 0.35554 0.194948
0.0973459 9.9991E-005 0.27078 0.272681 0.0567 0.302393
9.9982E-005 9.9982E-005 0.26056 0.237603 0.118007 0.38363
9.99731E-005 9.99731E-005 0.117636 0.763479 9.99731E-005 0.118585
0.0370269 9.9991E-005 0.318679 0.2077 0.0687289 0.367765
0.132421 9.9991E-005 0.390436 0.00620048 0.279929 0.190913
0.0807735 9.9991E-005 0.197983 0.504602 0.168811 0.04773
0.0586603 9.9991E-005 0.214261 0.0176086 0.265989 0.443381
9.9973E-005 9.9973E-005 0.191239 0.251324 9.9973E-005 0.557137
9.9982E-005 9.9982E-005 0.546889 0.360911 0.0284962 0.063504
0.0484482 9.9973E-005 0.140867 0.810385 9.9973E-005 9.9973E-005
0.0848235 9.9991E-005 0.121765 0.0865586 0.274993 0.431761
0.0115017 9.9991E-005 0.435609 0.0457085 0.199878 0.307202
0.239037 9.9991E-005 0.267973 0.0195168 0.132629 0.340744
9.9982E-005 9.9982E-005 0.151996 0.226563 0.0479702 0.573271
0.114616 0.00980323 0.345455 0.433503 0.0352496 0.0613732
0.0916083 9.9991E-005 0.12407 0.0472113 0.125563 0.611447
0.315286 9.9982E-005 0.176061 9.9982E-005 0.157308 0.351145
0.22845 0.00880498 0.217752 9.9982E-005 9.9982E-005 0.544793
0.0119591 0.0769397 0.2613 9.9991E-005 0.140173 0.509528
0.0484262 9.9982E-005 0.0940251 0.729742 0.127607 9.9982E-005
0.0209243 0.0228565 0.216679 0.463915 0.241888 0.0337366
0.0081664 9.9982E-005 0.290855 9.9982E-005 0.136608 0.564171
9.9973E-005 9.9973E-005 0.27382 9.9973E-005 0.399162 0.326718
0.121349 9.9973E-005 0.141952 9.9973E-005 9.9973E-005 0.736399
9.9982E-005 9.9982E-005 0.275161 0.393906 0.181085 0.149648
9.9964E-005 9.9964E-005 0.220253 0.779347 9.9964E-005 9.9964E-005
9.9973E-005 9.9973E-005 0.268224 0.372359 9.9973E-005 0.359118
0.0782375 0.0355472 0.134883 9.9991E-005 0.09709 0.654142
0.0924258 9.9982E-005 0.240307 0.116924 9.9982E-005 0.550143
0.117629 0.0216077 0.0698441 9.9991E-005 0.182757 0.608062
0.0504163 9.9982E-005 0.159344 9.9982E-005 0.168715 0.621325
9.9973E-005 9.9973E-005 0.110126 0.87305 0.0165242 9.9973E-005
0.0341024 0.0656894 9.9991E-005 0.0283231 0.0505443 0.821241
0.285131 9.9982E-005 0.146284 9.9982E-005 0.0403837 0.528002
0.110266 9.9991E-005 0.0621818 0.0695038 0.157816 0.600132
9.9973E-005 9.9973E-005 0.359203 0.53135 9.9973E-005 0.109148
0.0766837 0.0653944 0.117134 9.9991E-005 0.027265 0.713423
9.9982E-005 9.9982E-005 0.187297 0.0489797 0.22308 0.540444
0.17278 0.0592812 0.18284 9.9982E-005 9.9982E-005 0.584899
0.146944 9.9991E-005 0.22584 0.0270435 0.238471 0.361601
0.0136804 9.9991E-005 0.0836189 0.634386 0.0156009 0.252613
9.9982E-005 0.00126761 0.0523927 0.829974 0.116166 9.9982E-005
0.13096 9.9982E-005 0.313409 9.9982E-005 0.283073 0.272357
0.259575 0.0421786 0.270407 9.9982E-005 9.9982E-005 0.42764
0.169281 9.9982E-005 0.176153 9.9982E-005 0.120084 0.534283
0.101003 0.043944 0.20187 9.9991E-005 0.237804 0.415279
0.0221896 9.9991E-005 0.136357 0.36057 0.0263685 0.454415
0.0901933 0.123625 0.274788 0.0198842 0.161032 0.330478
0.120447 9.9982E-005 0.063821 0.198283 9.9982E-005 0.617249
0.365859 9.9973E-005 0.377869 9.9973E-005 0.255973 9.9973E-005
0.0200727 0.0629397 0.180404 0.523256 9.9991E-005 0.213228
0.00604333 9.9991E-005 0.0317595 0.295198 0.13681 0.530089
0.355761 9.9982E-005 0.392994 0.0834723 0.167573 9.9982E-005
0.162145 9.9973E-005 0.318461 0.519094 9.9973E-005 9.9973E-005
0.0131765 9.9991E-005 0.158934 0.174903 0.0681065 0.58478
0.191343 0.0657712 0.269087 0.338405 9.9991E-005 0.135295
0.154867 9.9982E-005 0.219799 0.227922 9.9982E-005 0.397213
0.146901 0.00370331 0.394452 0.192694 0.237338 0.0249108
9.9973E-005 0.0275995 0.338943 0.633157 9.9973E-005 9.9973E-005
0.212485 9.9991E-005 0.118503 0.288743 0.00373771 0.376431
0.21789 9.9991E-005 0.394373 0.141613 0.0575132 0.188511
0.246692 9.9982E-005 0.169595 9.9982E-005 0.131627 0.451887
0.353646 9.9982E-005 0.030099 9.9982E-005 0.0720645 0.54399
0.117463 0.176671 0.166156 9.9991E-005 0.111621 0.427989
0.22249 9.9982E-005 9.9982E-005 0.0544818 0.232416 0.490412
9.9991E-005 0.0504451 0.161254 0.263525 0.0519304 0.472746
0.0110964 9.9991E-005 0.120482 0.731926 0.0588445 0.0775518
0.0964531 0.0981781 0.280319 0.327177 0.00839119 0.189481
0.295606 9.9982E-005 0.296373 9.9982E-005 0.211386 0.196435
0.210571 0.0860374 0.212369 9.9991E-005 0.0211664 0.469755
0.0862712 9.9973E-005 0.106174 0.807255 9.9973E-005 9.9973E-005
0.199293 0.0621566 0.0993016 9.9991E-005 0.214811 0.424338
0.208737 9.9982E-005 0.361403 9.9982E-005 0.049833 0.379826
0.168006 0.00497052 0.185131 0.171671 9.9991E-005 0.470121
0.290662 0.0466461 0.198041 9.9982E-005 9.9982E-005 0.464451
0.17182 9.9991E-005 0.528755 0.103724 0.0589794 0.136622
0.244118 9.9982E-005 0.452356 9.9982E-005 0.0184599 0.284866
0.321554 9.9991E-005 0.203964 0.0273673 0.220599 0.226416
0.111994 9.9982E-005 0.126116 9.9982E-005 0.233756 0.527934
0.00101444 0.00630475 9.9982E-005 9.9982E-005 0.238726 0.753755
0.251485 0.0665475 0.211613 0.149802 0.0662257 0.254327
0.0227554 9.9991E-005 0.361396 0.483496 0.102352 0.029901
0.144646 9.9982E-005 0.369709 0.173275 9.9982E-005 0.31217
0.198044 0.0912378 0.379879 0.0358802 0.000157802 0.294801
0.0522541 0.0708333 0.332048 0.0831478 0.153686 0.308031
0.0338122 9.9982E-005 0.366416 0.0262456 9.9982E-005 0.573327
9.9982E-005 0.010835 0.0231168 0.943731 0.0221171 9.9982E-005
9.9982E-005 9.9982E-005 0.237493 0.0655263 0.341606 0.355175
0.00821284 9.9991E-005 0.660979 0.194456 0.0685591 0.0676929
0.0469835 0.0803791 0.462376 9.9991E-005 0.250648 0.159514
0.104981 9.9982E-005 0.317002 0.186227 9.9982E-005 0.39159
0.035185 0.0220755 0.0739531 0.583032 0.0179898 0.267765
0.166259 9.9982E-005 0.233589 0.374727 9.9982E-005 0.225225
9.9982E-005 0.0322363 0.143474 0.4907 9.9982E-005 0.33339
9.9973E-005 9.9973E-005 0.250314 9.9973E-005 0.0862207 0.663166
0.0427577 9.9973E-005 0.203994 0.752949 9.9973E-005 9.9973E-005
0.128413 9.9982E-005 0.23611 0.342744 9.9982E-005 0.292532
0.223185 0.020464 0.181077 9.9991E-005 0.159558 0.415616
0.021017 9.99641E-005 9.99641E-005 0.978583 9.99641E-005 9.99641E-005
9.9973E-005 9.9973E-005 0.572248 0.416603 9.9973E-005 0.0108489
9.9973E-005 9.9973E-005 0.391229 9.9973E-005 0.38799 0.220481
9.9973E-005 9.9973E-005 0.281967 0.355224 9.9973E-005 0.362509
9.9982E-005 9.9982E-005 0.20882 0.111094 0.137423 0.542464
0.0448416 0.0947004 0.191229 9.9982E-005 9.9982E-005 0.669029
0.24911 9.9991E-005 0.0568687 0.336296 0.00234775 0.355277
0.0284554 9.9982E-005 0.209031 9.9982E-005 0.22331 0.539003
9.9973E-005 9.9973E-005 0.0767599 9.9973E-005 0.290581 0.632359
0.121063 0.115541 0.105781 0.0754943 0.0140072 0.568114
0.123338 0.0702454 0.477484 0.17283 0.0853849 0.0707176
0.106202 0.00488927 0.0949158 0.212791 0.0241855 0.557017
0.119318 0.133158 0.163113 9.9991E-005 0.107865 0.476446
0.0269888 0.0461246 0.11845 0.123828 0.198004 0.486604
0.151332 0.0194964 0.290845 9.9991E-005 0.308384 0.229842
0.197614 9.9982E-005 0.306445 9.9982E-005 0.184415 0.311325
0.112723 9.9991E-005 0.300238 0.259186 0.0886613 0.239092
0.0678342 9.9982E-005 0.0688526 9.9982E-005 0.260798 0.602315
0.164303 9.9982E-005 0.3668 9.9982E-005 0.167046 0.301651
0.192915 0.153503 0.233174 9.9991E-005 0.08316 0.337148
0.0243614 0.261913 0.25048 9.9991E-005 0.236876 0.22627
0.146163 9.9991E-005 0.374675 0.243981 0.123559 0.111521
0.0911096 0.121078 0.0155496 0.0389956 0.109391 0.623876
0.0239449 0.00793234 0.384112 0.159397 0.108775 0.315838
0.206795 9.9991E-005 0.130405 0.0224705 0.202632 0.437597
0.140457 9.9982E-005 0.0485337 9.9982E-005 0.305083 0.505726
0.150303 0.0438816 0.199517 9.9991E-005 0.247729 0.35847
0.0424877 9.9991E-005 0.426501 0.248003 0.0239977 0.258911
9.9982E-005 9.9982E-005 0.282058 0.40314 0.102466 0.212135
0.0692283 9.9973E-005 9.9973E-005 9.9973E-005 0.0465858 0.883886
0.235781 0.0299684 0.028078 9.9991E-005 0.165831 0.540241
0.127573 0.0661443 0.112914 9.9991E-005 0.092748 0.600521
0.0461686 0.034018 0.443374 0.00108093 0.171495 0.303864
0.0577493 9.9991E-005 0.380139 0.291677 0.0216585 0.248676
0.227077 9.9982E-005 0.393182 0.125722 9.9982E-005 0.253819
9.9982E-005 0.0757312 0.421707 9.9982E-005 0.340852 0.16151
0.248938 9.9991E-005 0.186583 0.500054 0.0431554 0.0211701
9.9982E-005 9.9982E-005 0.0676187 0.203859 0.215694 0.512629
9.9991E-005 0.0388505 0.472955 0.0445378 0.191516 0.25204
9.9964E-005 9.9964E-005 0.308068 0.691532 9.9964E-005 9.9964E-005
0.120089 0.00956035 0.395376 9.9991E-005 0.234191 0.240684
0.207827 9.9991E-005 0.169458 0.0438877 0.11692 0.461807
9.9982E-005 9.9982E-005 0.0912601 0.0152274 0.122085 0.771228
0.195113 0.0376944 0.0553929 9.9991E-005 0.053913 0.657786
0.116285 0.145092 0.366053 9.9991E-005 0.0868926 0.285578
0.143641 9.9991E-005 0.164124 0.0140646 0.164036 0.514034
0.165143 9.9982E-005 9.9982E-005 0.0164704 0.0624862 0.755701
0.138194 9.9982E-005 0.108598 9.9982E-005 0.0203664 0.732641
0.355833 9.9982E-005 0.168719 0.201287 9.9982E-005 0.273961
0.101952 9.9982E-005 0.23716 9.9982E-005 0.19374 0.466947
0.342854 9.9982E-005 0.25001 9.9982E-005 0.0236546 0.383282
9.9973E-005 9.9973E-005 0.551725 0.104736 0.343238 9.9973E-005
0.15424 0.00951692 0.378801 9.9982E-005 9.9982E-005 0.457241
9.9973E-005 9.9973E-005 0.360723 9.9973E-005 0.208531 0.430446
0.175674 9.9982E-005 0.133697 0.34947 9.9982E-005 0.340959
0.00632176 9.9982E-005 0.437793 0.232299 9.9982E-005 0.323387
0.0191803 9.9991E-005 0.190192 0.0544752 0.0331511 0.702902
0.0687566 9.9982E-005 0.0728453 0.586822 9.9982E-005 0.271376
0.0499498 0.00736315 0.196325 9.9991E-005 0.196266 0.549997
9.9982E-005 9.9982E-005 0.29479 0.275936 0.0772123 0.351861
0.0934304 0.0861878 9.9991E-005 0.0624107 0.129078 0.628793
0.0124824 9.9991E-005 0.773643 0.108785 0.0752665 0.0297228
9.9991E-005 0.107266 0.330605 0.245695 0.0118431 0.30449
0.221607 9.9991E-005 0.135782 0.487017 0.0882655 0.0672275
0.0567204 9.9991E-005 0.140033 0.0683528 0.261113 0.473681
0.11089 9.9982E-005 0.339338 9.9982E-005 0.0372781 0.512294
0.00370534 9.9991E-005 0.25727 0.260298 0.228893 0.249734
0.302962 9.9991E-005 0.212073 0.00568548 0.10228 0.3769
0.019899 0.0306793 0.0123311 0.0260105 0.189829 0.721251
9.9973E-005 9.9973E-005 0.158669 0.830172 0.010859 9.9973E-005
0.132649 9.9991E-005 0.0800358 0.0248385 0.241951 0.520426
9.9973E-005 9.9973E-005 0.195202 9.9973E-005 0.12943 0.675067
0.137781 9.9982E-005 0.0825861 0.0409089 9.9982E-005 0.738524
0.238036 9.9991E-005 0.193791 0.00316147 0.053475 0.511437
0.0319709 9.9982E-005 0.307677 9.9982E-005 0.181959 0.478193
0.0323655 9.9991E-005 0.150704 0.0297806 0.300424 0.486625
0.166083 9.9982E-005 0.0617461 0.00955682 9.9982E-005 0.762414
0.138575 9.9991E-005 0.27862 0.114561 0.04252 0.425624
0.0388286 9.9991E-005 0.210703 0.460399 0.196988 0.0929824
9.9982E-005 9.9982E-005 0.254679 0.0128769 0.268808 0.463436
0.116278 9.9982E-005 0.15159 9.9982E-005 0.0107844 0.721148
0.163789 0.00921833 0.334643 0.115648 0.102396 0.274305
0.0457096 9.9991E-005 0.224725 0.355719 0.127738 0.246008
0.0890302 0.0892352 0.152138 9.9991E-005 0.0741587 0.595338
0.0815291 9.9982E-005 0.206378 0.197916 9.9982E-005 0.513976
0.217839 9.9991E-005 0.0439688 0.0163764 0.0180427 0.703673
0.0638974 9.9982E-005 0.319763 0.298821 9.9982E-005 0.317319
0.10145 0.0890568 0.310023 0.0757136 0.148552 0.275205
0.0194567 9.9991E-005 0.404589 0.404078 0.10715 0.0646258
0.0330501 9.9991E-005 0.177184 0.247089 0.0204819 0.522095
0.0789856 0.0578862 0.312369 0.0051697 0.270178 0.275412
0.0581675 9.9991E-005 0.367185 0.139761 0.0211627 0.413624
0.0927996 9.9982E-005 0.275746 9.9982E-005 0.194879 0.436376
0.0962869 9.9982E-005 0.273018 0.0138897 9.9982E-005 0.616606
0.050429 9.9991E-005 0.396291 0.00628713 0.259686 0.287207
0.0588042 9.9991E-005 0.357451 0.222255 0.0435049 0.317885
9.9973E-005 9.9973E-005 0.341706 9.9973E-005 0.30271 0.355284
0.315124 9.9982E-005 0.0839028 9.9982E-005 0.294425 0.306347
0.0251459 9.9982E-005 0.158265 9.9982E-005 0.207255 0.609134
9.9982E-005 9.9982E-005 0.141731 0.512628 0.100479 0.244961
9.9973E-005 0.0645772 9.9973E-005 0.88597 9.9973E-005 0.0491531
0.0940537 0.00568467 0.236912 0.118455 0.110591 0.434304
0.12193 9.9991E-005 0.0988392 0.0861932 0.282053 0.410884
0.106638 0.0166016 0.360172 0.0815578 0.289899 0.145132
0.0254143 9.9991E-005 0.313566 0.162921 0.210758 0.287241
0.0502116 0.0796955 0.260304 0.23791 0.0528079 0.319071
0.386919 9.9991E-005 0.108857 0.0472988 0.00168295 0.455142
0.235002 0.0631315 0.111854 9.9991E-005 0.0894304 0.500482
9.9982E-005 0.00450785 0.1371 9.9982E-005 0.37335 0.484842
0.134528 0.0521648 0.219825 9.9982E-005 9.9982E-005 0.593282
0.260968 0.0129519 0.0137045 9.9991E-005 0.141736 0.570539
0.00375062 9.9973E-005 0.256282 9.9973E-005 9.9973E-005 0.739667
0.123566 9.9973E-005 0.309557 9.9973E-005 9.9973E-005 0.566577
0.0916778 9.9982E-005 0.640562 9.9982E-005 0.221001 0.046559
0.0273008 0.04953 0.0356915 9.9991E-005 0.337705 0.549673
0.180285 9.9991E-005 0.19745 0.014256 0.170198 0.437711
0.207265 0.0291013 0.119537 0.0104633 0.103101 0.530533
0.142726 0.0192336 0.146522 0.0579382 0.129541 0.50404
0.163895 9.9991E-005 0.0404849 0.178321 0.111703 0.505496
0.174425 0.114907 0.119555 0.515986 9.9991E-005 0.0750265
0.0138748 9.9991E-005 0.288176 0.370089 0.209181 0.118579
9.9973E-005 0.0733621 9.9973E-005 0.773702 9.9973E-005 0.152636
0.211706 9.9973E-005 0.144241 9.9973E-005 9.9973E-005 0.643753
0.103796 9.9991E-005 0.00820598 0.773424 0.00688158 0.107592
0.0205846 0.0873676 0.219308 0.67254 9.9982E-005 9.9982E-005
0.160516 9.9991E-005 0.120143 0.0325323 0.223114 0.463595
0.0998633 0.145178 0.165046 9.9991E-005 0.0455984 0.544214
0.160392 9.9982E-005 0.105403 9.9982E-005 0.23504 0.498965
0.0272386 9.9991E-005 0.057183 0.700345 0.127875 0.0872581
0.0293324 0.00926524 0.211103 9.9991E-005 0.0955547 0.654644
0.102737 9.9991E-005 0.4634 0.332747 0.0232725 0.0777436
0.295391 0.0103651 9.9991E-005 0.0410822 0.0815866 0.571475
0.0914802 9.9973E-005 9.9973E-005 0.714931 0.193289 9.9973E-005
0.121915 0.0122528 0.42117 0.0666559 0.209137 0.168869
0.0651959 0.00110062 0.18367 0.00548047 0.0828488 0.661704
0.100509 9.9982E-005 0.13925 9.9982E-005 0.127359 0.632682
0.0780181 0.0233912 0.31424 9.9991E-005 0.0695719 0.514679
0.0065142 9.9982E-005 0.113907 0.63928 9.9982E-005 0.2401
0.0454506 9.9991E-005 0.313304 0.162878 0.104473 0.373794
0.00034641 0.0301822 0.354885 0.333428 0.0978681 0.183291
0.299569 9.9991E-005 0.184627 0.00718023 0.161732 0.346791
9.9982E-005 0.0277476 0.150076 0.688122 9.9982E-005 0.133855
0.0418765 0.170274 0.143104 0.0753 0.342862 0.226583
0.0627072 9.9991E-005 0.361762 0.319917 0.111749 0.143765
0.0817844 0.0466374 0.0845903 0.0104196 0.181766 0.594802
0.0767261 0.0762848 0.464579 0.161413 0.0104292 0.210568
9.9982E-005 9.9982E-005 0.0788333 0.526671 0.0926439 0.301652
0.130279 0.0492112 0.261238 9.9991E-005 0.143012 0.41616
0.363339 9.9973E-005 0.175015 9.9973E-005 9.9973E-005 0.461346
0.0247664 9.9982E-005 0.112664 9.9982E-005 0.540659 0.321711
0.086509 0.0689917 0.00215104 0.0467102 0.180489 0.615149
0.0504026 9.9991E-005 0.269074 0.349137 0.107523 0.223764
0.103165 0.0557111 0.167293 0.010474 0.114346 0.549011
0.24794 9.9973E-005 9.9973E-005 9.9973E-005 0.0867199 0.665041
0.0258534 9.9991E-005 0.134629 0.0676527 0.128442 0.643323
0.0580247 9.9982E-005 0.46181 0.423498 9.9982E-005 0.0564681
0.158439 9.9991E-005 0.401317 0.198915 0.00144953 0.239779
0.132811 0.0518382 0.00950017 0.0171106 0.133724 0.655016
0.212504 9.9982E-005 0.424026 0.040335 0.322935 9.9982E-005
0.215614 9.9991E-005 0.231804 0.189986 0.0898366 0.272659
0.172465 9.9982E-005 0.405163 9.9982E-005 0.119047 0.303125
0.161567 0.0537488 0.275486 0.365906 0.025099 0.118192
0.100115 9.9991E-005 0.377125 0.0284944 0.256482 0.237684
0.103573 9.9991E-005 0.186318 0.454363 0.0198007 0.235845
0.169345 0.0741336 0.0539368 9.9982E-005 9.9982E-005 0.702385
0.251855 9.9973E-005 0.153605 9.9973E-005 9.9973E-005 0.59424
0.0597305 0.036235 0.283333 9.9991E-005 0.00166209 0.61894
0.188835 9.9973E-005 0.140571 9.9973E-005 9.9973E-005 0.670294
0.174953 0.103607 0.32476 9.9991E-005 0.0710048 0.325575
0.207179 9.9982E-005 0.241265 9.9982E-005 0.109564 0.441792
0.0564803 9.9991E-005 0.147765 0.275605 0.197205 0.322845
9.9982E-005 9.9982E-005 0.393593 0.00944837 0.250539 0.346219
0.15397 9.9982E-005 0.108158 9.9982E-005 0.23316 0.504512
0.0917514 9.9982E-005 0.0941538 0.0640955 9.9982E-005 0.749799
0.138836 9.9991E-005 0.280741 0.0766091 0.220623 0.283092
0.0636178 0.180372 0.307618 0.272822 9.9991E-005 0.175471
0.142759 0.0715916 0.151166 9.9991E-005 0.342792 0.291592
0.126922 0.104928 0.262125 9.9991E-005 0.107212 0.398713
0.0328191 9.9973E-005 0.306657 0.660224 9.9973E-005 9.9973E-005
0.0423914 0.00717629 0.0671674 0.640409 0.0527952 0.19006
0.301619 9.9982E-005 0.125972 9.9982E-005 0.165368 0.406842
0.0986814 0.33826 9.9991E-005 0.0324483 0.162436 0.368075
0.0198525 0.41958 0.064391 0.0296269 0.46645 9.9991E-005
0.143533 0.294551 9.9991E-005 0.0505339 0.410372 0.100911
0.0531972 0.0834978 0.198944 9.9991E-005 0.132269 0.531993
0.230727 0.488889 9.9982E-005 9.9982E-005 0.0747869 0.205397
0.0520089 0.470577 0.151519 9.9991E-005 0.151178 0.174617
9.9991E-005 0.503796 0.0519875 0.060792 0.2477 0.135624
0.237532 0.402051 9.9982E-005 0.0156466 0.34457 9.9982E-005
0.140052 0.375214 9.9991E-005 0.0411586 0.256441 0.187034
0.183546 0.286658 0.120053 9.9991E-005 0.181432 0.228212
0.11483 0.21631 0.269675 9.9991E-005 0.196872 0.202213
9.9982E-005 0.401233 0.0375604 9.9982E-005 0.340037 0.220969
0.120331 0.187954 0.0847855 9.9991E-005 0.141307 0.465522
0.350951 0.20514 0.0509753 9.9991E-005 0.376285 0.0165486
0.146685 0.277349 9.9991E-005 0.00584674 0.361539 0.20848
0.0237787 0.487706 0.0507744 0.0426858 0.394955 9.9991E-005
0.0440844 0.444895 0.124517 9.9991E-005 0.026975 0.359428
0.168033 0.320469 0.252623 9.9991E-005 0.11972 0.139055
9.9973E-005 0.0202323 9.9973E-005 0.791425 0.188042 9.9973E-005
0.178982 0.351656 9.9991E-005 0.0494313 0.0797638 0.340067
0.227063 0.2828 9.9991E-005 0.0306471 0.324717 0.134674
9.9991E-005 0.110962 0.245904 0.0667638 0.0467485 0.529521
0.0526347 0.736651 0.122059 9.9991E-005 0.0532094 0.0353458
0.221168 0.48536 0.248522 9.9982E-005 0.0447498 9.9982E-005
0.0611961 0.141389 0.363473 9.9991E-005 0.11414 0.319702
0.117035 0.502425 9.9991E-005 0.055417 0.21357 0.111452
0.00701782 0.398234 9.9991E-005 0.0108492 0.253935 0.329863
0.214466 0.289359 0.00271166 0.0276034 0.254398 0.211462
0.0793309 0.570834 0.00598962 0.0654124 0.185359 0.0930734
0.194963 0.417396 0.107988 0.0335886 0.245964 9.9991E-005
0.306689 0.550667 0.0637432 9.9982E-005 0.0787006 9.9982E-005
0.294548 0.626836 0.0783167 9.9973E-005 9.9973E-005 9.9973E-005
0.230347 0.362574 9.9991E-005 0.0352312 0.272937 0.0988115
0.234077 0.337104 9.9982E-005 9.9982E-005 0.187177 0.241442
9.9991E-005 0.52834 0.0350726 0.113397 0.239504 0.0835858
0.223053 0.445645 0.0181537 0.0216333 0.275864 0.0156506
0.113497 0.454892 0.0271512 0.0977591 0.24776 0.0589412
0.387435 9.9991E-005 0.00869491 0.00441742 0.12291 0.476443
0.163899 0.425156 9.9991E-005 0.0401873 0.368676 0.00198085
0.107754 0.329076 9.9991E-005 0.0234626 0.394669 0.144938
9.9982E-005 0.450061 0.238418 9.9982E-005 0.162003 0.149318
0.100557 0.392164 0.0984567 0.0299469 0.194029 0.184846
0.284927 0.680071 0.0347028 9.9973E-005 9.9973E-005 9.9973E-005
0.223674 0.117624 0.207724 0.0033478 9.9991E-005 0.447529
0.232206 0.540886 9.9991E-005 0.0055986 0.0310001 0.190209
9.9982E-005 0.0820184 0.271824 0.288274 9.9982E-005 0.357684
0.357477 9.9982E-005 0.241319 9.9982E-005 0.181661 0.219342
0.0252133 0.171583 0.263724 0.034407 0.134309 0.370764
0.0371871 0.517614 9.9991E-005 0.0239558 0.219748 0.201396
0.239734 0.341524 0.0533626 9.9991E-005 0.304466 0.0608138
0.0881868 0.442841 9.9991E-005 0.0344204 0.411696 0.0227559
0.0493723 0.493644 0.115472 9.9991E-005 0.108994 0.232418
0.108922 0.369566 0.0424445 0.015491 0.327075 0.136502
0.178122 0.385532 9.9991E-005 0.0182757 0.294324 0.123646
0.0398728 0.300943 0.0230359 9.9991E-005 0.301299 0.334749
0.0420402 0.641956 0.107887 9.9991E-005 0.137726 0.0702912
9.9982E-005 0.512561 0.042695 9.9982E-005 0.194268 0.250276
0.9995 9.996E-005 9.996E-005 9.996E-005 9.996E-005 9.996E-005
0.0418322 0.649551 9.9982E-005 9.9982E-005 0.152761 0.155656
0.11211 0.542437 9.9991E-005 0.0273892 0.174808 0.143155
0.274401 0.443322 9.9982E-005 0.019194 0.262883 9.9982E-005
0.0381403 0.480361 0.0728077 9.9991E-005 0.380393 0.0281983
0.148678 0.0829252 0.312515 9.9982E-005 9.9982E-005 0.455682
0.0950373 0.388643 9.9991E-005 0.00470037 0.343931 0.167588
9.9982E-005 9.9982E-005 0.190616 0.241098 0.0559733 0.512113
0.213501 0.354554 0.00106152 0.0255333 0.218476 0.186874
0.0926694 0.401247 0.0521712 0.12128 0.323794 0.00883917
0.189295 0.0997205 0.144575 0.143064 9.9991E-005 0.423245
0.239883 0.279281 9.9991E-005 0.0414931 0.330573 0.10867
9.9982E-005 0.411972 0.0442308 9.9982E-005 0.391033 0.152564
0.973893 0.0257075 9.9964E-005 9.9964E-005 9.9964E-005 9.9964E-005
0.187929 0.396489 9.9982E-005 9.9982E-005 0.223744 0.191637
0.121743 0.329312 0.168539 0.00143987 0.137466 0.2415
0.0374074 0.424638 9.9982E-005 9.9982E-005 0.316853 0.220902
9.9982E-005 0.448354 0.0994161 0.0132556 0.438774 9.9982E-005
0.267785 0.339373 0.0922177 0.0112957 0.124145 0.165184
9.9982E-005 0.185563 0.119636 9.9982E-005 0.339297 0.355305
0.151942 0.254171 0.213775 9.9991E-005 0.307281 0.0727316
0.0637195 0.279 0.0917754 0.0223653 0.246923 0.296217
9.9982E-005 0.099231 0.0596948 0.831739 0.00913472 9.9982E-005
0.176378 0.423154 9.9991E-005 0.0338079 0.179734 0.186827
0.0537765 0.0537413 0.149662 0.127893 0.0945788 0.520348
0.0359065 0.506004 0.172367 9.9982E-005 0.285522 9.9982E-005
0.251174 0.31506 0.057222 0.0101618 0.192375 0.174008
0.101126 0.15809 0.0254969 9.9991E-005 0.346331 0.368856
0.0910178 0.123494 0.00815753 9.9991E-005 0.219 0.558231
0.0730975 0.420907 0.206105 9.9991E-005 0.15203 0.14776
0.170384 0.408686 9.9982E-005 9.9982E-005 0.192481 0.228249
0.215827 0.399392 0.127571 9.9991E-005 0.183431 0.0736783
0.228188 0.40705 9.9991E-005 0.0263754 0.162683 0.175604
0.122549 0.0396597 0.107589 0.0190234 0.344528 0.366651
0.182521 0.341272 0.24115 9.9982E-005 0.234857 9.9982E-005
9.9982E-005 0.407661 0.149728 9.9982E-005 0.242424 0.199987
9.9982E-005 0.46985 0.134986 9.9982E-005 0.188664 0.2063
0.0167171 0.0351941 0.177676 9.9991E-005 0.076317 0.693996
0.133361 0.498422 0.272589 9.9982E-005 0.0954277 9.9982E-005
0.213729 0.428581 0.0924583 9.9991E-005 0.182082 0.0830498
0.250797 0.24672 0.0414537 9.9991E-005 0.35529 0.105639
0.263962 0.303517 9.9982E-005 9.9982E-005 0.257982 0.174338
0.0739063 9.9982E-005 0.40177 9.9982E-005 0.129043 0.395081
0.0411377 9.9973E-005 0.0634158 0.895147 9.9973E-005 9.9973E-005
0.156731 0.357596 0.178863 9.9991E-005 0.272492 0.0342183
0.111954 0.271206 0.168601 9.9991E-005 0.251035 0.197105
0.225874 0.335005 0.179104 9.9991E-005 0.0766823 0.183234
0.190487 0.394773 9.9991E-005 0.040721 0.194313 0.179606
0.203494 0.467932 9.9991E-005 0.0154162 0.292607 0.0204501
0.0737313 0.570829 0.0876228 9.9991E-005 0.0135753 0.254141
0.187413 0.497318 9.9991E-005 0.0358797 0.247725 0.0315648
0.197378 0.573802 9.9991E-005 0.0270626 0.0967944 0.104863
9.9982E-005 0.397892 9.9982E-005 0.0609657 0.437553 0.10339
0.257002 0.328372 0.125045 9.9982E-005 9.9982E-005 0.289381
0.148603 9.9982E-005 0.240424 9.9982E-005 0.241664 0.36911
0.216711 0.462588 9.9982E-005 9.9982E-005 0.160118 0.160383
0.236608 0.341836 0.0387674 9.9991E-005 0.186762 0.195927
0.18763 9.9973E-005 9.9973E-005 9.9973E-005 0.333638 0.478431
0.0816029 0.523073 0.0300776 0.0130202 0.203861 0.148365
0.171895 9.9982E-005 0.30417 9.9982E-005 0.132363 0.391371
0.122768 0.42887 0.0847073 9.9991E-005 0.211055 0.152499
0.120275 0.434556 9.9982E-005 9.9982E-005 0.227252 0.217717
0.196845 0.154527 0.281777 9.9982E-005 9.9982E-005 0.366652
0.0570313 0.400896 0.211217 0.0139296 0.285829 0.0310973
0.0860034 0.217334 0.283339 9.9991E-005 0.272916 0.140307
0.513146 0.166188 9.9991E-005 0.0804886 0.216242 0.0238353
0.337404 9.9973E-005 9.9973E-005 0.639027 0.0232688 9.9973E-005
0.171775 0.405216 9.9991E-005 0.00328873 0.156627 0.262993
0.179304 0.453594 0.0514136 9.9991E-005 0.105738 0.209851
0.145745 0.487982 0.194651 9.9991E-005 0.144773 0.0267489
0.15693 0.416703 0.0150434 0.0190947 0.253635 0.138593
0.193314 0.399534 9.9982E-005 9.9982E-005 0.384422 0.0225303
0.297721 0.448938 0.0967661 9.9982E-005 0.156375 9.9982E-005
0.359183 0.258609 0.127216 0.00157699 0.248044 0.00537089
0.00767838 9.9973E-005 0.28809 9.9973E-005 9.9973E-005 0.703931
0.316735 0.280743 0.00479152 0.100311 0.251144 0.0462762
0.0537551 0.429781 0.13433 9.9991E-005 0.341685 0.0403493
9.9973E-005 0.558277 9.9973E-005 0.0152299 0.426194 9.9973E-005
0.0327241 0.464326 0.147896 0.0164366 0.338518 9.9991E-005
0.150214 0.227788 9.9991E-005 0.0148963 0.415008 0.191993
9.9991E-005 0.31411 0.0777814 0.0289463 0.261886 0.317176
0.124868 0.27718 9.9982E-005 9.9982E-005 0.0746411 0.523111
0.105714 0.129125 0.244588 0.0249361 0.458202 0.0374339
0.210124 0.372495 0.074194 9.9991E-005 0.146026 0.197061
9.9982E-005 0.521993 0.192984 9.9982E-005 0.247271 0.0375514
0.109983 9.9982E-005 0.30212 9.9982E-005 0.0218855 0.565812
0.00131227 0.243094 9.9982E-005 9.9982E-005 0.267105 0.488289
0.101954 0.60114 0.10688 9.9982E-005 0.189827 9.9982E-005
9.9991E-005 0.575698 0.0601497 0.0541539 0.185158 0.12474
0.11396 0.357695 0.0355643 0.0380164 0.305463 0.149301
0.373766 0.405175 9.9982E-005 9.9982E-005 0.181165 0.0396942
0.076973 0.327714 0.268648 9.9991E-005 0.291766 0.0347996
0.0699593 0.0142796 0.104121 0.0008189 0.0838456 0.726976
0.229045 0.0395741 0.322877 0.0263569 0.0475669 0.33458
0.114059 0.366584 9.9991E-005 0.0439975 0.195541 0.279718
0.173729 0.418043 0.157389 9.9991E-005 0.246442 0.00429695
0.143708 0.308778 9.9991E-005 0.0130744 0.353674 0.180665
0.186263 0.269784 0.144519 0.0109046 0.141276 0.247255
0.233158 0.451837 9.9991E-005 0.0574186 0.207786 0.0497
0.136968 0.555832 0.0956952 0.0117299 0.17708 0.022695
0.0118451 0.128706 0.367236 0.240616 0.0395831 0.212014
9.9982E-005 0.374266 9.9982E-005 0.0679098 0.26144 0.296185
0.166846 0.360334 0.0645034 9.9991E-005 0.187554 0.220663
9.9991E-005 0.137004 0.269449 0.266384 0.1741 0.152962
0.0582049 9.9991E-005 0.127887 0.249606 0.120365 0.443837
0.105279 0.466525 9.9982E-005 9.9982E-005 0.368406 0.0595895
0.0398177 0.172699 0.0767078 0.0394958 0.562253 0.109027
0.111777 0.422122 9.9982E-005 9.9982E-005 0.361029 0.104873
0.128369 0.0524461 9.9982E-005 9.9982E-005 0.102299 0.716686
0.0341141 0.35494 0.0530138 0.0541619 0.401015 0.102755
0.230001 0.381168 9.9991E-005 0.030911 0.232572 0.125248
0.219156 0.0372224 0.141024 0.31365 0.0381111 0.250837
0.207133 0.419957 0.237863 0.0220632 0.0462215 0.0667616
0.187823 0.518896 0.0630649 9.9991E-005 0.0899261 0.14019
0.237143 0.410476 0.061323 9.9991E-005 0.190225 0.100733
0.0336224 0.428982 9.9991E-005 0.0411896 0.306526 0.18958
0.0381855 0.598637 0.06109 9.9991E-005 0.109993 0.191994
0.133391 0.538322 0.126717 9.9991E-005 0.0970915 0.104379
0.0854258 0.534814 9.9991E-005 0.0260462 0.190672 0.162942
0.178379 0.35761 0.160818 9.9991E-005 0.0872387 0.215854
0.0977694 0.564345 0.100949 9.9991E-005 0.0797035 0.157133
0.0111784 0.593102 0.132485 9.9991E-005 0.0449394 0.218195
0.00852188 9.9982E-005 0.358364 0.523338 0.109576 9.9982E-005
0.312073 0.443764 0.058045 9.9991E-005 0.125087 0.0609308
0.210554 0.564849 9.9982E-005 9.9982E-005 0.0287063 0.195691
0.194538 0.107033 0.381887 9.9991E-005 0.200792 0.11565
0.288004 0.364854 9.9973E-005 9.9973E-005 0.346842 9.9973E-005
0.134254 0.37147 0.164858 9.9991E-005 0.197317 0.132002
0.126623 0.439213 0.0548824 9.9991E-005 0.22678 0.152401
0.0120679 0.207063 0.464743 9.9991E-005 0.130299 0.185727
0.245677 0.361567 0.000743367 9.9991E-005 0.34375 0.0481622
0.26176 0.554119 9.9991E-005 0.0324711 0.0720155 0.0795353
0.169528 0.406931 0.0929621 0.00897494 0.231501 0.0901026
0.229543 0.425845 0.165969 9.9991E-005 0.117277 0.0612657
0.0697688 0.28552 0.0361465 0.0201003 0.244347 0.344117
9.9973E-005 0.0193678 0.0484324 0.9319 9.9973E-005 9.9973E-005
0.405308 0.321533 0.0129644 9.9991E-005 0.145385 0.11471
0.20957 0.178408 0.0213402 9.9991E-005 0.321145 0.269437
0.0713075 0.38858 0.0475633 0.00700426 0.256011 0.229534
0.210383 0.396228 0.0842882 9.9991E-005 0.181972 0.127029
0.20071 0.492644 0.0921063 0.0440717 0.170369 9.9991E-005
0.270672 0.435012 0.108569 0.0400917 0.00841855 0.137237
0.035545 9.9982E-005 0.261344 0.531049 0.171863 9.9982E-005
0.119833 0.453422 0.016432 9.9991E-005 0.276667 0.133546
0.0702529 0.332453 0.0444148 0.0167064 0.306616 0.229556
0.225147 0.366103 9.9982E-005 9.9982E-005 0.134134 0.274416
0.143361 0.38103 0.0747736 9.9991E-005 0.265083 0.135653
0.281269 0.332318 0.223794 9.9982E-005 0.162419 9.9982E-005
0.13803 0.556417 0.0701416 9.9982E-005 0.235212 9.9982E-005
9.9973E-005 0.364304 9.9973E-005 9.9973E-005 0.316631 0.318765
0.254566 0.278819 9.9991E-005 0.00736984 0.277746 0.1814
0.0724647 0.319149 0.134146 9.9991E-005 0.446772 0.0273687
9.9991E-005 0.308404 0.0662528 0.0386474 0.359648 0.226948
0.453561 0.460029 0.0394384 0.0467714 9.9982E-005 9.9982E-005
0.146297 0.3153 9.9982E-005 9.9982E-005 0.220683 0.31752
0.234373 0.396577 9.9973E-005 9.9973E-005 9.9973E-005 0.368751
0.0893236 0.570464 0.139782 0.0217212 0.061294 0.117415
0.120795 0.287013 9.9982E-005 9.9982E-005 0.139602 0.45239
0.0973365 0.192844 9.9991E-005 0.00958134 0.439738 0.260401
0.069035 0.422722 0.0212163 9.9991E-005 0.230145 0.256782
0.282938 0.567336 0.00538649 0.0614933 0.0214515 0.0613952
0.214225 0.383842 0.0216626 0.0327257 0.193097 0.154448
0.0945351 0.323528 0.144361 9.9991E-005 0.223682 0.213794
0.139266 0.197422 0.221506 9.9991E-005 0.173052 0.268654
0.322514 0.494807 9.9982E-005 9.9982E-005 0.168231 0.0142482
0.1037 0.227194 0.0662495 9.9991E-005 0.275066 0.32769
0.0761651 0.505747 0.0032877 9.9991E-005 0.00348868 0.411211
9.9973E-005 9.9973E-005 0.140682 0.808195 9.9973E-005 0.0508228
9.9991E-005 0.0194534 0.259547 0.26837 0.102394 0.350136
0.03561 0.112884 0.419657 0.157928 0.0998366 0.174085
9.9973E-005 9.9973E-005 0.216081 0.551548 0.232071 9.9973E-005
0.0260716 0.118019 0.30429 9.9991E-005 0.271199 0.280321
0.244319 0.0781558 0.13429 9.9991E-005 0.0966828 0.446452
0.052395 9.9982E-005 0.533561 9.9982E-005 0.249336 0.164508
0.134811 0.521033 0.264476 9.9982E-005 0.0794798 9.9982E-005
0.0747384 0.376629 9.9991E-005 0.0416299 0.221471 0.285432
0.145197 0.450831 0.0300062 9.9982E-005 0.373766 9.9982E-005
0.0472151 0.214358 0.20936 9.9991E-005 0.23641 0.292558
0.110731 0.302596 0.027927 0.0690731 0.272058 0.217615
0.0930356 0.253869 9.9991E-005 0.0345484 0.386779 0.231668
0.0807324 0.318476 0.245043 9.9991E-005 0.161892 0.193757
0.1555 0.370506 0.0444455 9.9991E-005 0.219761 0.209689
0.0338775 0.405915 9.9982E-005 9.9982E-005 0.242678 0.317329
0.0676847 0.378975 9.9991E-005 0.0438471 0.497544 0.0118493
0.0146249 0.335379 0.21812 0.00955179 0.366244 0.0560802
0.0254139 0.220461 0.285151 9.9991E-005 0.202648 0.266226
0.292616 0.39823 9.9991E-005 0.110144 0.154198 0.0447117
0.385436 0.450351 0.0229511 9.9991E-005 0.0575898 0.0835727
0.18143 0.298745 0.168157 9.9991E-005 0.320415 0.0311524
9.9982E-005 0.188581 0.113035 0.653747 9.9982E-005 0.0444373
9.9991E-005 0.0231699 0.272504 0.128486 0.206176 0.369564
0.134949 0.478013 9.9982E-005 9.9982E-005 0.137892 0.248946
0.413735 0.357844 9.9982E-005 9.9982E-005 0.205418 0.0228029
0.0726591 0.100033 0.232003 0.161234 0.00151407 0.432558
0.239982 0.41261 9.9982E-005 9.9982E-005 0.138345 0.208863
0.00299601 0.59721 0.108978 0.00157797 0.203865 0.0853721
0.0774832 9.9982E-005 0.303524 9.9982E-005 0.127597 0.491196
0.0670203 0.503395 0.00853156 9.9991E-005 0.228228 0.192726
0.175255 0.513988 9.9991E-005 0.0527049 0.145239 0.112713
0.9995 9.996E-005 9.996E-005 9.996E-005 9.996E-005 9.996E-005
0.9995 9.996E-005 9.996E-005 9.996E-005 9.996E-005 9.996E-005
0.17315 0.29803 0.028546 0.0467682 0.297937 0.155569
0.0651206 0.459702 0.00812992 9.9991E-005 0.298427 0.16852
0.00122377 0.095347 0.371975 0.263391 0.194361 0.0737017
0.137515 0.307503 9.9982E-005 9.9982E-005 0.413595 0.141187
0.0219587 0.269542 9.9991E-005 0.0194029 0.452431 0.236565
0.166883 0.438378 9.9973E-005 9.9973E-005 0.394439 9.9973E-005
0.107282 0.0708864 0.476509 0.0773984 0.240112 0.0278136
0.238017 0.0317011 0.160399 9.9991E-005 0.447678 0.122105
0.0403263 0.133926 0.365673 9.9991E-005 0.256367 0.203608
0.220987 0.39002 9.9982E-005 9.9982E-005 0.318842 0.0699509
0.0622001 0.0578797 0.168704 0.0289748 0.30432 0.377922
0.0205744 0.434767 0.0152042 9.9991E-005 0.380663 0.148692
0.18263 0.240267 0.0132337 9.9991E-005 0.314993 0.248775
0.0840779 0.469848 0.0620851 9.9991E-005 0.258292 0.125598
9.9982E-005 0.324515 0.235593 9.9982E-005 0.299581 0.140111
0.083614 0.131132 0.238153 0.220143 0.194106 0.132852
0.253717 0.25258 9.9982E-005 9.9982E-005 0.333041 0.160462
9.9982E-005 9.9982E-005 0.0531313 0.774804 0.130002 0.0418627
9.9982E-005 0.409746 0.214563 9.9982E-005 0.269438 0.106053
0.0545273 0.476196 0.110183 9.9991E-005 0.209957 0.149037
9.996E-005 9.996E-005 9.996E-005 0.9995 9.996E-005 9.996E-005
9.9973E-005 0.0762887 9.9973E-005 0.840594 0.0828171 9.9973E-005
9.9982E-005 0.260468 0.0442393 9.9982E-005 0.560476 0.134617
0.122044 0.276964 0.158182 9.9991E-005 0.1151 0.32761
0.129156 0.329043 9.9991E-005 0.0449052 0.297196 0.199601
0.201631 0.428999 0.0170353 0.0188368 0.290747 0.0427511
0.245208 0.155392 9.9982E-005 9.9982E-005 0.40543 0.193769
9.9982E-005 0.560175 9.9982E-005 0.0251444 0.410007 0.00447383
0.0600309 0.284118 0.170536 0.0255373 0.308923 0.150855
0.0235923 0.055955 0.187254 0.319268 0.121348 0.292582
0.335025 0.38751 0.00734525 9.9991E-005 0.145 0.12502
0.17649 0.646711 9.9991E-005 0.034873 0.0867262 0.0550992
9.9982E-005 0.190942 0.180548 9.9982E-005 0.618548 0.00976099
9.9973E-005 0.0304034 0.88621 9.9973E-005 9.9973E-005 0.083087
0.0020348 0.234821 0.0840455 9.9982E-005 9.9982E-005 0.678899
0.377792 9.9982E-005 0.107394 9.9982E-005 0.288821 0.225792
0.0553853 0.411477 9.9982E-005 9.9982E-005 0.442169 0.090769
9.9973E-005 9.9973E-005 0.440778 0.13665 0.422273 9.9973E-005
0.238513 0.281804 0.0535434 0.00805245 0.391972 0.0261155
0.197616 0.333768 9.9991E-005 0.0538675 0.128956 0.285693
0.146071 0.444789 0.200599 9.9982E-005 0.208341 9.9982E-005
0.0187658 0.425853 0.0762933 9.9991E-005 0.440391 0.0385969
0.31561 0.228467 0.35143 9.9982E-005 0.104294 9.9982E-005
0.0179035 0.398745 0.0226344 9.9991E-005 0.183001 0.377616
9.9973E-005 0.339256 9.9973E-005 9.9973E-005 0.276073 0.384371
0.280876 0.0326121 0.254956 9.9991E-005 0.0782922 0.353164
0.121322 0.0588611 0.192273 9.9991E-005 0.101201 0.526243
0.200104 0.233744 0.0684589 9.9982E-005 0.497493 9.9982E-005
0.203221 0.490884 0.0330855 9.9982E-005 0.27261 9.9982E-005
0.266194 0.376803 0.0799401 9.9991E-005 0.15644 0.120523
0.0535864 9.9982E-005 9.9982E-005 0.684289 0.174734 0.0871913
9.9982E-005 0.3296 0.110508 9.9982E-005 0.28541 0.274283
