0.0311736 0.253226 9.9982E-005 9.9982E-005 0.12449 0.590911
0.175043 0.257155 0.00102541 0.0399646 9.9991E-005 0.526712
0.0229805 0.289624 0.0124893 0.0954885 9.9991E-005 0.579318
0.0368307 0.154304 0.0934347 0.153843 9.9991E-005 0.561488
0.0637248 0.159128 0.0150253 0.00294952 9.9991E-005 0.759073
9.999E-005 0.00739732 0.00814348 0.84913 0.0946234 0.040606
0.169277 0.216602 9.9982E-005 9.9982E-005 0.0313514 0.58257
9.9973E-005 0.0335144 0.0558936 0.910292 9.9973E-005 9.9973E-005
0.0578492 0.150522 9.9991E-005 0.0410918 0.110572 0.639865
0.167728 0.360288 9.9973E-005 9.9973E-005 9.9973E-005 0.471685
9.9973E-005 0.36944 0.0186357 9.9973E-005 9.9973E-005 0.611624
0.116641 0.0657336 9.9991E-005 0.284248 0.037284 0.495993
0.259215 0.0693949 9.9973E-005 9.9973E-005 9.9973E-005 0.67109
0.0039615 0.302147 9.9982E-005 0.0428998 9.9982E-005 0.650791
0.0651938 0.202992 9.9982E-005 0.710803 9.9982E-005 0.020811
9.9982E-005 0.44384 0.128186 0.0478928 9.9982E-005 0.379882
9.9982E-005 0.272164 9.9982E-005 0.15947 0.130363 0.437803
0.114033 9.9973E-005 0.193332 9.9973E-005 9.9973E-005 0.692335
0.0413977 0.244379 9.9982E-005 0.0495229 9.9982E-005 0.664501
9.9973E-005 0.278658 9.9973E-005 9.9973E-005 0.00420282 0.716839
0.0823451 9.9973E-005 0.0255495 9.9973E-005 9.9973E-005 0.891805
0.0340813 0.288084 9.9991E-005 0.109765 0.0357595 0.53221
9.9973E-005 0.384434 9.9973E-005 9.9973E-005 0.0562045 0.559062
0.0181656 0.427957 9.9973E-005 0.553577 9.9973E-005 9.9973E-005
0.0949806 0.120147 0.10778 9.9991E-005 0.066368 0.610625
0.0646403 9.9973E-005 9.9973E-005 0.711192 9.9973E-005 0.223868
9.9982E-005 0.144748 0.260935 0.49625 9.9982E-005 0.0978676
9.9973E-005 9.9973E-005 9.9973E-005 0.356313 0.0125121 0.630875
0.00297472 0.187374 9.9991E-005 0.670473 0.0638301 0.0752483
0.018852 0.0801339 9.9982E-005 0.14383 9.9982E-005 0.756984
9.9982E-005 0.189573 9.9982E-005 0.513822 0.0914249 0.20498
0.0765965 0.0608675 0.146964 0.0335649 9.9991E-005 0.681907
9.999E-005 0.393281 0.0188003 0.244158 0.0266345 0.317026
9.9964E-005 9.9964E-005 9.9964E-005 0.926143 9.9964E-005 0.0734572
9.9973E-005 9.9973E-005 0.0923005 0.862487 0.0449125 9.9973E-005
0.024464 0.0788319 0.102105 0.153094 0.0364792 0.605026
0.106738 0.00617209 9.9982E-005 0.1935 9.9982E-005 0.69339
0.0362063 0.222634 0.220078 9.9982E-005 9.9982E-005 0.520883
0.114721 0.169764 9.9982E-005 0.713439 9.9982E-005 0.00187617
0.0648307 0.308958 0.00229321 0.395122 0.0504869 0.178309
0.028824 0.297448 0.140439 0.238117 9.9991E-005 0.295071
9.9982E-005 0.216739 0.0683321 0.0222169 9.9982E-005 0.692512
9.9982E-005 0.220457 0.0317136 0.103052 9.9982E-005 0.644578
0.127295 0.0143977 0.138855 0.568174 9.9991E-005 0.151178
0.112896 0.339056 0.072797 9.9982E-005 9.9982E-005 0.475051
0.284277 0.301498 0.0309763 9.9982E-005 9.9982E-005 0.383048
9.9991E-005 0.205839 0.109199 0.0813198 0.033499 0.570043
9.9991E-005 0.259489 0.0702873 0.0931652 0.0179053 0.559053
0.0436154 0.489983 0.111786 0.0169808 9.9991E-005 0.337535
0.0672429 0.214468 0.00905253 0.540277 0.0137147 0.155244
9.9991E-005 0.247877 0.0969278 0.0117469 0.00207584 0.641272
0.0922072 0.00572401 9.9991E-005 0.439415 0.116886 0.345668
0.331335 0.119587 9.9982E-005 0.00198519 9.9982E-005 0.546893
9.9964E-005 9.9964E-005 0.103898 0.895702 9.9964E-005 9.9964E-005
9.9982E-005 0.252512 9.9982E-005 0.501822 0.0678149 0.177651
0.12684 0.153149 9.9982E-005 9.9982E-005 0.00887539 0.710936
0.00456598 0.353655 9.9982E-005 9.9982E-005 0.0749571 0.566622
9.9982E-005 0.241825 9.9982E-005 0.164006 0.115862 0.478107
9.9982E-005 0.374445 9.9982E-005 0.350695 0.00331808 0.271341
9.9973E-005 9.9973E-005 9.9973E-005 0.321238 0.0481711 0.630291
9.9982E-005 0.00901281 0.00584522 0.840067 0.144875 9.9982E-005
9.9973E-005 0.0779505 0.0212309 0.900519 9.9973E-005 9.9973E-005
0.0617094 0.13728 0.0664455 0.0355805 9.9991E-005 0.698885
9.9964E-005 0.0602511 9.9964E-005 0.939349 9.9964E-005 9.9964E-005
0.0513518 0.235927 9.9991E-005 0.052445 0.0862407 0.573935
0.108302 9.9973E-005 9.9973E-005 0.829986 9.9973E-005 0.0614121
0.0597538 0.225193 9.9973E-005 9.9973E-005 9.9973E-005 0.714754
0.0663125 0.263539 0.027983 0.168875 0.027679 0.445612
9.9982E-005 0.470497 0.0300648 9.9982E-005 0.019636 0.479602
0.00795608 0.0733388 0.046114 0.794788 9.9991E-005 0.0777029
0.153175 0.516092 9.9982E-005 9.9982E-005 0.0785623 0.251971
0.0143517 0.178044 0.0794906 0.0498548 0.00735885 0.6709
9.9982E-005 0.223591 0.122572 0.317043 9.9982E-005 0.336594
0.208835 0.271269 9.9991E-005 0.00168901 0.0390934 0.479014
0.0686434 0.322454 0.0725141 0.0198199 0.0269497 0.489619
0.105416 0.10393 9.9982E-005 0.37448 9.9982E-005 0.415974
0.0156784 0.185354 9.9982E-005 0.0255295 9.9982E-005 0.773238
0.0511679 0.41367 0.112955 0.177125 9.9991E-005 0.244982
9.9991E-005 0.348803 0.0414701 0.140094 0.0500936 0.419439
0.0487355 0.20977 0.142784 0.0412332 9.9991E-005 0.557377
0.188409 0.239446 9.9982E-005 9.9982E-005 0.0286646 0.54328
9.9982E-005 0.359479 0.0869504 0.0109821 9.9982E-005 0.542388
0.114766 0.319642 9.9991E-005 0.0442638 0.00198815 0.51924
0.177945 0.211236 9.9973E-005 9.9973E-005 9.9973E-005 0.610519
0.0746911 0.242067 9.9973E-005 9.9973E-005 9.9973E-005 0.682941
0.140981 0.440668 9.9991E-005 0.0802821 0.0319513 0.306017
9.9982E-005 0.118698 0.0595192 0.356602 9.9982E-005 0.46498
0.0522246 0.321349 9.9982E-005 0.261304 9.9982E-005 0.364923
0.00598717 0.114666 9.9973E-005 0.879047 9.9973E-005 9.9973E-005
0.053603 0.165482 0.0652462 0.286707 9.9991E-005 0.428862
0.0157988 0.623533 0.152313 0.0292765 9.9991E-005 0.178979
0.0162801 0.121375 0.087494 0.573168 9.9991E-005 0.201583
9.9982E-005 0.305549 9.9982E-005 0.0226047 0.0589029 0.612743
0.0180669 0.107089 9.9982E-005 0.263383 9.9982E-005 0.611261
9.9982E-005 0.271777 9.9982E-005 0.506297 0.0739672 0.147759
9.9973E-005 0.0831395 9.9973E-005 0.841781 0.0747798 9.9973E-005
0.101298 0.233298 0.00646549 0.127279 9.9991E-005 0.53156
0.16251 0.491002 9.9982E-005 0.0564044 9.9982E-005 0.289884
0.0841238 0.446379 9.9982E-005 0.106878 9.9982E-005 0.362419
9.9982E-005 0.0656497 9.9982E-005 0.231846 0.0685599 0.633744
9.9982E-005 0.341314 9.9982E-005 0.465218 0.0445118 0.148756
0.115245 0.0220522 0.0268399 0.119645 9.9991E-005 0.716117
0.0816716 0.309381 0.054659 0.00987082 9.9991E-005 0.544318
9.9973E-005 0.153137 9.9973E-005 9.9973E-005 0.152722 0.693842
0.0113685 0.394145 0.0967948 9.9982E-005 9.9982E-005 0.497492
0.0352457 0.136093 9.9982E-005 0.776242 9.9982E-005 0.0522197
0.0904214 0.228495 0.0122499 0.49196 0.0700904 0.106783
0.0505006 0.354101 9.9973E-005 9.9973E-005 9.9973E-005 0.595098
0.132369 0.367122 9.9982E-005 0.00376222 9.9982E-005 0.496547
9.9982E-005 0.231641 0.0712393 0.00988874 9.9982E-005 0.687031
0.0254019 0.197711 0.0289835 0.516331 9.9991E-005 0.231472
9.9973E-005 0.0108184 9.9973E-005 0.971242 0.0176397 9.9973E-005
9.9982E-005 0.138136 9.9982E-005 0.445344 0.0473664 0.368954
9.9973E-005 9.9973E-005 0.136016 0.0146951 9.9973E-005 0.848989
0.0855816 0.25809 9.9991E-005 0.0553263 0.0110737 0.589828
0.193245 0.157738 9.9982E-005 9.9982E-005 0.0520446 0.596773
9.9973E-005 0.227588 9.9973E-005 9.9973E-005 0.0438917 0.72822
9.9982E-005 0.0509519 0.00905294 0.93445 0.00534507 9.9982E-005
0.039828 0.085815 9.9982E-005 9.9982E-005 0.121915 0.752242
9.9973E-005 0.244341 0.164036 9.9973E-005 9.9973E-005 0.591323
0.160438 0.220242 9.9982E-005 0.0727164 9.9982E-005 0.546404
9.9982E-005 0.0770866 9.9982E-005 0.652678 0.0610977 0.208937
9.9973E-005 0.174435 0.147008 9.9973E-005 9.9973E-005 0.678257
0.0338555 0.308906 9.9991E-005 0.0230113 0.053724 0.580403
0.0246885 0.132985 0.0730715 9.9991E-005 0.0487355 0.720419
0.0681097 0.206046 9.9991E-005 0.0687909 0.084377 0.572577
9.9973E-005 0.260562 9.9973E-005 0.609569 9.9973E-005 0.129569
9.9973E-005 0.119104 9.9973E-005 0.842603 0.0379935 9.9973E-005
0.0725353 0.413524 0.0835916 9.9982E-005 9.9982E-005 0.430149
0.143063 0.27692 9.9982E-005 9.9982E-005 0.108543 0.471274
0.191343 0.183312 0.0844573 9.9982E-005 9.9982E-005 0.540688
0.186862 0.257332 0.131215 9.9982E-005 9.9982E-005 0.424391
0.00144197 0.269227 9.9982E-005 0.420796 9.9982E-005 0.308335
0.00598289 0.156696 0.248493 0.0699713 0.0380643 0.480793
0.00828501 0.109319 0.0560699 0.237863 9.9991E-005 0.588364
9.996E-005 0.9995 9.996E-005 9.996E-005 9.996E-005 9.996E-005
9.9982E-005 0.270631 9.9982E-005 0.485522 0.0305909 0.213056
0.0745265 0.123212 9.9991E-005 0.281206 0.0176797 0.503276
9.996E-005 0.9995 9.996E-005 9.996E-005 9.996E-005 9.996E-005
9.9982E-005 0.270102 9.9982E-005 0.624408 0.0673679 0.0379228
9.9982E-005 0.145967 0.000570944 0.169391 9.9982E-005 0.683872
9.9991E-005 0.0145856 0.103852 0.40936 0.0909501 0.381153
0.0777795 0.0639086 0.158769 0.313174 9.9991E-005 0.386269
0.0310092 0.514352 0.00872076 0.235495 9.9991E-005 0.210323
9.9982E-005 0.0513453 0.121606 0.765378 0.0614706 9.9982E-005
0.142799 0.0130783 0.0256024 0.281821 9.9991E-005 0.536599
9.9991E-005 0.501266 0.0186633 0.198021 0.00793488 0.274015
9.9982E-005 0.24585 0.106967 9.9982E-005 0.0769273 0.570056
0.185958 0.110318 9.9982E-005 9.9982E-005 0.0514256 0.652098
0.0915663 0.342314 0.0734207 9.9991E-005 0.0986293 0.39397
0.122089 0.184414 0.104773 0.017773 9.9991E-005 0.570851
9.9991E-005 0.0446443 0.0415689 0.316315 0.0599041 0.537467
9.9982E-005 0.0256996 9.9982E-005 0.742949 0.0417398 0.189412
0.083147 0.234443 0.0354425 0.407997 9.9991E-005 0.23887
0.100982 0.365751 0.123653 9.9982E-005 9.9982E-005 0.409414
0.0688803 0.286465 0.1558 9.9982E-005 9.9982E-005 0.488655
0.100831 0.0671662 9.9973E-005 0.831703 9.9973E-005 9.9973E-005
0.0522479 0.223983 0.173003 9.9991E-005 0.0314586 0.519207
0.193875 0.378925 9.9973E-005 9.9973E-005 9.9973E-005 0.426901
0.101807 0.156346 9.9991E-005 0.242071 0.0441809 0.455495
0.0358549 0.453868 0.0766321 9.9982E-005 9.9982E-005 0.433445
0.00331628 0.420298 0.112314 0.205654 9.9991E-005 0.258318
0.00724166 0.485857 0.090332 0.0466869 0.0505831 0.319299
0.277031 0.146107 9.9991E-005 0.0542201 0.0114798 0.511062
0.0864241 0.218145 9.9973E-005 9.9973E-005 9.9973E-005 0.695131
9.9973E-005 0.265806 9.9973E-005 9.9973E-005 0.0571713 0.676722
0.126341 0.126691 0.127284 0.193446 9.9991E-005 0.426138
9.9982E-005 0.263186 0.0980702 0.518689 9.9982E-005 0.119855
0.0180477 0.229567 0.0133857 0.285078 9.9991E-005 0.453821
9.9991E-005 0.537087 0.095189 0.0448991 0.054906 0.267818
0.0723096 0.191806 9.9991E-005 0.128563 0.171404 0.435817
9.9973E-005 0.229401 9.9973E-005 0.151422 9.9973E-005 0.618878
0.0106483 0.0136171 9.9973E-005 0.975435 9.9973E-005 9.9973E-005
9.9982E-005 0.491808 0.136609 0.0629354 9.9982E-005 0.308447
9.9982E-005 0.445539 0.00485852 0.293841 9.9982E-005 0.255562
0.0325284 0.598555 0.0408953 9.9991E-005 0.0657006 0.262221
9.9982E-005 0.225627 9.9982E-005 0.253018 0.0226412 0.498514
9.9982E-005 0.0189228 0.0961321 0.609538 9.9982E-005 0.275207
9.9982E-005 0.135952 0.0917511 0.438418 9.9982E-005 0.333679
9.9973E-005 9.9973E-005 9.9973E-005 0.535911 0.0868811 0.376908
0.00344159 0.309776 9.9973E-005 9.9973E-005 9.9973E-005 0.686482
9.9964E-005 9.9964E-005 0.137156 0.862444 9.9964E-005 9.9964E-005
0.00713155 0.107683 0.0283241 0.42472 0.0218013 0.41034
0.0762089 0.153492 9.9991E-005 0.0375306 0.173779 0.55889
9.996E-005 9.996E-005 9.996E-005 0.9995 9.996E-005 9.996E-005
9.9982E-005 0.334598 0.0472199 0.529158 9.9982E-005 0.0888243
0.0760015 0.368666 0.0155053 0.063863 0.0121045 0.46386
9.9973E-005 0.225937 9.9973E-005 0.417304 9.9973E-005 0.356459
9.9973E-005 0.341879 9.9973E-005 0.0135006 9.9973E-005 0.64432
9.9973E-005 0.267181 0.173197 9.9973E-005 9.9973E-005 0.559322
0.109325 0.043819 0.0760347 0.321707 9.9991E-005 0.449014
9.9964E-005 0.280844 9.9964E-005 9.9964E-005 9.9964E-005 0.718756
0.0224651 0.255272 9.9973E-005 9.9973E-005 9.9973E-005 0.721963
9.9991E-005 0.240025 0.122021 0.0636831 0.0767695 0.497402
0.158273 0.423844 9.9991E-005 0.213358 0.0419791 0.162446
0.0794462 0.0427371 9.9982E-005 0.253212 9.9982E-005 0.624404
0.0635944 0.19313 0.0457995 9.9991E-005 0.0931433 0.604233
0.0405233 0.221738 9.9991E-005 0.125815 0.0372376 0.574587
0.0821374 0.405889 0.0782153 9.9991E-005 0.0759051 0.357753
9.9982E-005 0.20674 0.162153 9.9982E-005 0.0106549 0.620252
0.113767 0.263622 0.0560086 0.278468 9.9991E-005 0.288035
0.192303 0.202914 9.9973E-005 9.9973E-005 9.9973E-005 0.604482
9.9982E-005 0.374071 0.100512 9.9982E-005 0.0430436 0.482173
0.153385 0.215687 0.19043 0.0158546 0.00982625 0.414817
0.195689 0.100967 0.0608652 9.9991E-005 0.166564 0.475814
0.128952 0.173834 0.113575 0.293779 9.9991E-005 0.28976
0.0872337 9.9973E-005 9.9973E-005 9.9973E-005 0.146231 0.766236
9.9982E-005 0.352548 0.128675 0.208555 9.9982E-005 0.310022
0.137473 0.28305 0.00438739 0.00412506 9.9991E-005 0.570865
0.199334 0.0941221 9.9973E-005 9.9973E-005 9.9973E-005 0.706244
0.115879 0.154844 0.0787412 0.0240838 0.000893875 0.625558
0.0703524 9.99846E-005 9.99846E-005 0.41712 0.115245 0.397083
0.0416177 0.187584 0.0639668 0.423531 0.00761185 0.275688
0.0462835 0.0880296 9.9973E-005 9.9973E-005 9.9973E-005 0.865387
0.0940834 0.2227 0.16994 9.9982E-005 9.9982E-005 0.513076
0.0555507 0.154327 9.9982E-005 9.9982E-005 0.0892398 0.700682
9.9991E-005 0.365603 0.0506042 0.00306656 0.0489132 0.531713
9.9982E-005 0.444297 0.00176626 0.284378 9.9982E-005 0.269359
0.0552555 0.441109 9.9991E-005 0.18269 0.00666275 0.314183
0.163198 0.337227 0.0697578 9.9991E-005 0.0279532 0.401764
0.0751302 0.361678 0.0151799 0.53815 9.9991E-005 0.00976234
0.0680458 0.0598383 9.9991E-005 0.233131 0.00589535 0.632989
9.9991E-005 0.522563 0.09482 0.058287 0.061088 0.263142
0.045616 0.135574 9.9982E-005 0.801597 9.9982E-005 0.0170125
0.00914185 0.462637 0.145241 9.9982E-005 9.9982E-005 0.38278
0.19733 0.299331 9.9982E-005 0.0166825 9.9982E-005 0.486456
0.0193219 0.243963 9.9982E-005 0.0251788 9.9982E-005 0.711336
0.0624891 0.146626 9.9982E-005 9.9982E-005 0.0492625 0.741423
9.9982E-005 0.38165 0.0446724 9.9982E-005 0.168816 0.404662
0.106996 0.361542 9.9982E-005 0.0244453 9.9982E-005 0.506817
0.0481522 0.176693 0.0253925 9.9982E-005 9.9982E-005 0.749563
0.0665141 0.291026 9.9973E-005 9.9973E-005 9.9973E-005 0.64216
0.0280191 0.346544 0.0510446 0.205053 9.9991E-005 0.36924
0.0641027 0.290974 0.00556613 9.9991E-005 0.0262582 0.612999
0.131384 0.303356 9.9973E-005 9.9973E-005 9.9973E-005 0.56496
9.9982E-005 0.567617 0.152774 0.130658 9.9982E-005 0.148751
0.121136 0.359813 9.9991E-005 0.00100424 0.00700935 0.510937
0.00499098 0.268389 9.9982E-005 9.9982E-005 0.117022 0.609398
0.00952175 0.11252 0.0211248 0.387434 9.9991E-005 0.4693
9.9982E-005 0.300392 9.9982E-005 0.291018 0.0847407 0.323649
9.9991E-005 0.166754 0.052538 0.0306197 0.00482854 0.74516
0.0365887 0.0645124 9.9982E-005 0.563778 9.9982E-005 0.334921
0.00857853 0.328441 0.0420431 0.0300954 9.9991E-005 0.590742
9.9973E-005 0.24767 9.9973E-005 0.354345 9.9973E-005 0.397685
0.00478927 0.143705 0.109384 0.0230223 0.0134343 0.705666
9.9982E-005 0.660952 9.9982E-005 0.150169 0.134189 0.0544902
9.9991E-005 0.174404 0.095302 0.333834 0.14516 0.2512
0.0778854 0.354802 0.00404015 0.433339 9.9991E-005 0.129834
0.0347319 0.141954 0.050045 0.0360795 9.9991E-005 0.73709
9.9964E-005 0.384372 9.9964E-005 9.9964E-005 9.9964E-005 0.615228
9.9982E-005 0.135527 0.065421 0.353921 9.9982E-005 0.444931
0.261755 0.0532354 0.00475407 0.0447332 9.9991E-005 0.635423
0.0738265 0.19988 0.0984043 9.99833E-005 9.99833E-005 0.627689
0.0552443 0.0489702 9.9982E-005 0.879964 0.0156211 9.9982E-005
0.163557 0.0510191 9.9991E-005 0.0232491 0.0436946 0.718381
9.9973E-005 0.202319 9.9973E-005 9.9973E-005 0.0462994 0.751081
0.00236804 0.092171 0.0425002 0.0123038 0.0478112 0.802846
0.071006 0.329805 0.00272946 0.0200164 9.9991E-005 0.576343
0.0883773 0.215809 9.9982E-005 0.0437062 9.9982E-005 0.651907
0.0486079 0.167815 9.9982E-005 0.0376901 9.9982E-005 0.745687
9.9991E-005 0.243481 0.0874402 0.0553703 0.0335378 0.580071
0.0130106 0.212169 0.0361194 0.0778156 0.00569066 0.655195
0.160334 0.211042 0.0120565 0.551434 0.0246107 0.040523
9.9973E-005 0.359754 0.099955 9.9973E-005 9.9973E-005 0.539991
0.0240754 0.189419 9.9982E-005 9.9982E-005 0.0484485 0.737857
0.0834463 0.299996 0.0989892 0.168037 9.9991E-005 0.349432
0.0939892 0.244475 9.9991E-005 0.3745 0.00455362 0.282382
0.0539336 0.223674 0.137449 9.9982E-005 9.9982E-005 0.584744
0.0244329 0.125591 9.9991E-005 0.278051 0.0165416 0.555283
0.105693 0.133139 9.9991E-005 0.00355816 0.0724669 0.685042
9.9982E-005 0.233886 0.065056 0.351118 9.9982E-005 0.349739
0.0334798 0.245041 9.9991E-005 0.0906374 0.124146 0.506596
0.0850661 0.231262 9.9982E-005 0.447506 9.9982E-005 0.235967
0.0691372 0.0222739 9.9991E-005 0.294359 0.0319639 0.582166
0.0490949 0.349434 0.0792619 0.0346991 0.0761839 0.411327
0.0742699 0.113151 9.9991E-005 0.243906 0.0719685 0.496604
0.155469 0.394496 9.9973E-005 9.9973E-005 9.9973E-005 0.449735
9.9991E-005 0.294348 0.0405969 0.0251124 0.00170944 0.638133
0.0804234 0.533537 9.9973E-005 9.9973E-005 9.9973E-005 0.38574
9.9982E-005 0.326324 9.9982E-005 0.245486 0.111496 0.316495
0.0429697 0.326652 9.9982E-005 0.0475075 9.9982E-005 0.582671
0.270103 0.245394 0.0476773 9.9982E-005 9.9982E-005 0.436626
0.0193768 0.190125 0.151785 9.9982E-005 9.9982E-005 0.638513
0.0770314 9.9991E-005 0.0539647 0.600069 0.021679 0.247156
9.9982E-005 9.9982E-005 0.0432925 0.930045 0.0105554 0.0159074
0.0289027 0.217464 0.109816 0.0887043 9.9991E-005 0.555014
0.244993 0.16501 0.0139944 0.132667 9.9991E-005 0.443236
0.109226 0.463487 0.0457593 0.0568421 0.0263667 0.298319
0.0897538 0.289067 0.0114076 0.184625 9.9991E-005 0.425046
9.9991E-005 0.185956 0.16145 0.217862 0.0112602 0.423371
0.228782 0.0884028 9.9982E-005 0.0764316 9.9982E-005 0.606184
0.124756 0.334815 0.0641916 9.9991E-005 0.0593079 0.41683
0.188272 0.196328 0.0307892 9.9982E-005 9.9982E-005 0.584411
9.9973E-005 0.249778 0.110139 9.9973E-005 9.9973E-005 0.639784
0.0552202 0.0216911 0.248422 9.9982E-005 9.9982E-005 0.674467
9.9973E-005 0.308203 0.0474299 9.9973E-005 9.9973E-005 0.644067
9.9982E-005 0.22991 0.0286743 9.9982E-005 0.0346713 0.706544
9.9973E-005 0.734646 9.9973E-005 9.9973E-005 0.09791 0.167144
0.0968238 0.192091 0.114459 9.9991E-005 0.00464156 0.591884
0.142185 0.163822 9.9982E-005 0.156116 9.9982E-005 0.537677
0.0574023 0.314936 0.167925 9.9982E-005 9.9982E-005 0.459536
0.0397767 0.117661 0.249447 0.0780327 9.9991E-005 0.514982
0.133404 0.0703818 9.9982E-005 0.10353 9.9982E-005 0.692484
0.113507 9.9982E-005 9.9982E-005 0.581369 0.169958 0.134966
0.182242 0.125383 9.9982E-005 0.445949 9.9982E-005 0.246226
9.9973E-005 9.9973E-005 9.9973E-005 0.838243 0.0887018 0.072755
0.0794495 0.173586 0.0549376 9.9982E-005 9.9982E-005 0.691827
0.0298159 0.0113167 0.0524381 0.779141 9.9991E-005 0.127188
9.9991E-005 0.0799137 0.0505831 0.73735 0.00589999 0.126153
0.205792 0.297267 9.9982E-005 0.0216152 9.9982E-005 0.475125
0.142076 0.183306 9.9982E-005 9.9982E-005 0.0660876 0.60833
0.256496 0.148111 0.013111 0.0302766 9.9991E-005 0.551905
0.073056 9.9982E-005 9.9982E-005 0.755637 0.0416535 0.129454
9.9982E-005 0.236422 0.0923183 9.9982E-005 0.00155829 0.669501
0.0613207 0.287141 9.9991E-005 0.43261 0.0268878 0.191941
0.182176 0.37969 0.0340396 9.9982E-005 9.9982E-005 0.403894
0.0956084 9.9973E-005 0.0214184 0.882673 9.9973E-005 9.9973E-005
0.166466 0.406008 9.9982E-005 0.113919 9.9982E-005 0.313408
9.9982E-005 0.147964 0.142237 0.00868972 9.9982E-005 0.700909
0.0550392 0.0140521 9.9973E-005 9.9973E-005 9.9973E-005 0.930609
0.0878223 0.334812 9.9982E-005 9.9982E-005 0.00212787 0.575038
0.0916963 9.9982E-005 9.9982E-005 0.734201 0.000965857 0.172937
0.0366452 0.237279 9.9991E-005 0.223972 0.000595217 0.501408
9.9991E-005 0.315595 0.130334 0.392058 0.0297607 0.132152
0.113745 0.39374 0.0706279 9.9991E-005 0.00907524 0.412713
9.9982E-005 0.0583685 0.113269 0.784067 9.9982E-005 0.0440956
0.156141 0.23208 0.114122 0.127279 0.0248351 0.345543
0.0379749 0.288981 0.049581 0.384226 9.9991E-005 0.239138
0.056802 0.166173 0.105065 0.0500982 9.9991E-005 0.621762
9.9991E-005 0.372289 0.0486668 0.215679 0.0503695 0.312896
0.11376 0.0366814 0.00485333 0.595485 9.9991E-005 0.24912
0.0966397 0.321158 9.9982E-005 9.9982E-005 0.069266 0.512737
0.146694 0.217568 0.0602394 9.9982E-005 9.9982E-005 0.575299
0.127626 0.225599 0.109063 9.9982E-005 9.9982E-005 0.537511
0.0775079 0.0419557 0.055354 0.0440577 0.103158 0.677966
0.084077 0.344778 9.9991E-005 0.422987 0.0186186 0.129439
0.0962996 0.251261 0.0705659 0.0193432 9.9991E-005 0.562431
0.0751108 0.0658864 0.0814908 9.9982E-005 9.9982E-005 0.777312
0.150175 0.194999 9.9982E-005 0.0273431 9.9982E-005 0.627283
9.9982E-005 0.312888 9.9982E-005 0.470366 0.0551152 0.161431
0.0695386 0.283578 9.9991E-005 0.227156 0.0411704 0.378457
0.0771771 0.1832 0.0760039 9.9982E-005 9.9982E-005 0.66342
0.292087 0.553509 0.024427 0.110673 9.9991E-005 0.0192045
0.116844 0.131382 0.0694885 0.299731 9.9991E-005 0.382455
0.079932 0.372235 9.9982E-005 9.9982E-005 0.118767 0.428867
0.104854 0.274733 0.0592679 0.378405 0.0355261 0.147214
9.9982E-005 0.509178 0.233691 0.0592558 9.9982E-005 0.197676
9.9982E-005 0.200053 0.148877 0.393312 9.9982E-005 0.257557
9.9973E-005 0.0378495 9.9973E-005 9.9973E-005 0.164884 0.796966
9.9973E-005 0.200171 0.122557 9.9973E-005 9.9973E-005 0.676973
9.9991E-005 0.217906 0.0762222 0.0072293 0.036878 0.661664
0.0818677 0.028467 9.9982E-005 9.9982E-005 0.0413606 0.848105
9.9982E-005 0.444205 0.134504 9.9982E-005 0.0660023 0.355089
0.0537906 0.366948 0.0418168 9.9982E-005 9.9982E-005 0.537245
0.0180153 0.324265 0.103778 0.273216 9.9991E-005 0.280626
9.9982E-005 0.484085 9.9982E-005 0.0262067 0.0621779 0.42733
0.102774 0.157937 0.0311561 9.9982E-005 9.9982E-005 0.707933
9.9982E-005 0.136522 9.9982E-005 0.0767332 0.0879746 0.69857
0.124692 0.498227 9.9982E-005 0.0100229 9.9982E-005 0.366858
9.9991E-005 0.193043 0.12242 0.362514 0.0467836 0.27514
0.156281 0.349588 0.0852962 9.9991E-005 0.00815226 0.400583
0.138414 0.24724 0.0165625 9.9991E-005 0.0902575 0.507426
9.9964E-005 0.222169 9.9964E-005 0.777431 9.9964E-005 9.9964E-005
9.9973E-005 9.9973E-005 0.0117811 0.717586 9.9973E-005 0.270333
0.248968 0.188901 9.9973E-005 9.9973E-005 9.9973E-005 0.56183
0.0968444 9.9982E-005 0.344914 9.9982E-005 0.110287 0.447755
0.353456 0.144181 0.0784084 0.0432056 0.33952 0.0412283
0.343114 9.9991E-005 0.0762467 0.0307923 0.279938 0.269808
0.0130014 0.137965 0.166253 9.9991E-005 0.0190858 0.663595
0.199212 9.9982E-005 0.302285 9.9982E-005 0.209704 0.288599
0.142272 0.108057 0.256695 0.00310644 0.284816 0.205053
0.0246781 0.0367695 0.335209 0.0652694 0.266945 0.271129
0.308754 9.9991E-005 0.287076 0.0365296 0.218322 0.149219
0.193355 9.9991E-005 0.286137 0.0667592 0.136284 0.317365
0.0379762 0.179944 0.194006 9.9991E-005 0.228114 0.359859
0.0635253 0.294623 0.0583276 9.9991E-005 0.244968 0.338457
0.16792 0.0298197 0.205458 0.0420579 0.277815 0.27693
0.173087 0.0265792 0.0743083 9.9991E-005 0.121348 0.604578
0.459789 0.00763911 0.266859 0.0211046 0.0198774 0.224731
0.245591 0.0169675 0.240167 0.00341512 0.211905 0.281955
0.321247 0.0424751 0.176457 0.122791 0.284119 0.0529112
0.0294724 0.104462 0.146711 9.9991E-005 0.304194 0.415062
0.108549 0.169195 0.215133 9.9991E-005 0.17334 0.333684
0.105158 9.9973E-005 9.9973E-005 0.773095 0.121448 9.9973E-005
9.9982E-005 0.183144 0.302157 9.9982E-005 0.186926 0.327574
0.12098 0.162243 0.297562 0.0226202 0.12549 0.271104
9.9991E-005 0.182601 0.102158 0.0791398 0.101648 0.534353
0.16021 9.9982E-005 0.406611 9.9982E-005 0.326143 0.106836
0.0668036 0.329231 0.389308 9.9982E-005 0.214457 9.9982E-005
9.9982E-005 0.549212 0.142572 9.9982E-005 0.0442242 0.263791
0.177894 9.9991E-005 0.226306 0.0318436 0.28324 0.280616
0.182701 0.000291411 0.201756 0.0267385 0.219953 0.36856
0.269639 0.0376553 0.178137 0.0123333 0.197272 0.304964
0.0935512 9.9991E-005 0.355391 0.0435513 0.319269 0.188137
0.315472 0.203071 0.346489 0.010411 0.124457 9.9991E-005
0.342712 0.0965344 0.271144 9.9991E-005 0.253716 0.0357939
9.996E-005 9.996E-005 9.996E-005 9.996E-005 0.9995 9.996E-005
0.277357 0.0473183 0.207123 0.0141706 0.193145 0.260886
0.290374 9.9982E-005 0.263428 9.9982E-005 0.101833 0.344165
0.0553426 0.177067 0.430975 0.0767329 0.240847 0.0190357
0.164264 0.0115353 0.355645 0.0202406 0.224839 0.223476
0.18008 0.097537 0.320525 0.0556796 0.139031 0.207147
0.335224 0.118853 0.0856683 9.9982E-005 9.9982E-005 0.460056
0.355091 0.111477 0.182864 0.0174375 0.258298 0.074833
0.246438 0.000161569 0.280757 0.00597793 0.138614 0.328051
0.108683 0.0284265 0.129507 0.0210098 0.333522 0.378851
0.137525 0.0616673 0.303703 9.9991E-005 0.121427 0.375578
9.996E-005 9.996E-005 9.996E-005 9.996E-005 0.9995 9.996E-005
0.0504714 0.198768 0.146389 0.0184335 0.00159616 0.584342
0.201825 9.9991E-005 0.198391 0.0126783 0.246348 0.340658
0.00166993 0.262244 9.9991E-005 0.356181 0.0384017 0.341404
0.370568 0.216372 0.0616719 9.9982E-005 9.9982E-005 0.351188
9.9991E-005 0.240987 0.1496 0.0145023 0.103116 0.491695
9.9991E-005 0.116472 0.280609 0.0151198 0.331229 0.25647
0.223969 0.12984 0.299477 0.022737 0.0885774 0.235399
0.146988 9.9991E-005 0.470577 0.00843019 0.23004 0.143865
0.0873902 0.0479761 0.308091 9.9991E-005 0.206957 0.349486
0.228396 0.0957581 0.345945 0.0419864 0.017826 0.270088
0.205731 9.9982E-005 0.361548 9.9982E-005 0.159194 0.273327
0.17703 0.192283 0.264503 9.9991E-005 0.0791512 0.286932
0.257235 0.114784 0.115999 9.9991E-005 0.464657 0.0472251
9.9982E-005 0.14306 0.159169 9.9982E-005 0.440583 0.256988
0.956363 9.9964E-005 9.9964E-005 0.0432374 9.9964E-005 9.9964E-005
0.176445 9.9982E-005 0.260458 9.9982E-005 0.355421 0.207476
0.182184 9.9991E-005 0.321647 0.00254671 0.214359 0.279163
0.37702 9.9991E-005 0.268069 0.099967 0.18349 0.0713536
0.29407 0.149968 0.288025 9.9991E-005 0.148242 0.119595
9.9982E-005 0.23046 0.200218 9.9982E-005 0.00889502 0.560227
0.404125 9.9991E-005 0.265483 0.0161034 0.109807 0.204382
9.9991E-005 0.090147 0.131158 0.211332 0.0062445 0.561019
0.0289864 0.143385 0.421268 0.0177552 0.159047 0.229559
0.268699 9.9991E-005 0.264293 0.0508574 0.223806 0.192245
0.0508822 0.267572 0.083055 0.100109 9.9991E-005 0.498282
0.336891 9.9991E-005 0.215119 0.0943718 0.127744 0.225775
0.148712 0.0909903 0.185617 9.9991E-005 0.251471 0.32311
0.9995 9.996E-005 9.996E-005 9.996E-005 9.996E-005 9.996E-005
0.0872187 9.9982E-005 0.589971 9.9982E-005 0.0560116 0.266598
0.103954 0.255368 0.206248 9.9991E-005 0.202635 0.231696
0.144108 0.0281365 0.3112 0.016403 0.25376 0.246393
0.186295 0.0236011 0.323007 0.0622432 0.205064 0.19979
0.184979 0.0129878 0.22053 9.9991E-005 0.183838 0.397565
0.117839 0.259301 0.0347083 9.9991E-005 0.171114 0.416938
0.228685 0.246994 0.305391 9.9991E-005 0.140322 0.0785082
0.0748836 0.14521 0.354708 0.0256066 0.103157 0.296434
0.155714 9.9964E-005 9.9964E-005 0.843886 9.9964E-005 9.9964E-005
0.127027 9.9991E-005 0.462469 0.000289067 0.0592154 0.350899
0.0196607 0.184585 0.0799104 0.0992703 9.9991E-005 0.616473
0.169676 0.0720777 0.296298 0.00443104 0.35845 0.0990671
0.158343 0.198724 0.424977 9.9982E-005 9.9982E-005 0.217755
0.275099 0.109594 0.142162 9.9982E-005 9.9982E-005 0.472946
0.121833 0.129216 0.0226254 9.9991E-005 0.0767167 0.649509
0.0871613 0.105503 0.232244 9.9991E-005 0.29877 0.276222
0.22545 9.9982E-005 0.320051 9.9982E-005 0.151976 0.302323
0.0375005 0.087054 0.521294 0.0010977 0.0563406 0.296713
0.306182 0.0314615 0.142815 0.0257033 0.322038 0.1718
0.0677126 0.261659 0.0796002 9.9991E-005 0.0901692 0.50076
0.138634 0.239622 0.347638 9.9991E-005 0.223261 0.0507449
9.9982E-005 0.0559574 0.322745 9.9982E-005 0.243665 0.377433
0.144058 0.197718 0.131744 9.9991E-005 0.275326 0.251054
0.00111434 0.222964 0.0386849 0.0557084 0.0165554 0.664973
0.210915 0.0252069 0.209467 0.0192379 0.316626 0.218548
0.108989 0.194308 0.300221 9.9991E-005 0.222372 0.174012
0.381468 0.117474 0.118205 9.9991E-005 0.234495 0.148257
0.351796 9.9982E-005 0.25069 9.9982E-005 0.08663 0.310683
9.9973E-005 0.530606 0.00460992 9.9973E-005 9.9973E-005 0.464484
0.0933576 9.9964E-005 9.9964E-005 0.906243 9.9964E-005 9.9964E-005
0.338039 0.0399692 0.21835 9.9991E-005 0.204291 0.199251
0.261381 0.136893 0.150488 9.9991E-005 0.128205 0.322933
0.272877 0.149571 0.0617777 9.9991E-005 0.276978 0.238697
0.153961 0.147934 0.3374 9.9991E-005 0.197001 0.163604
0.216728 9.9991E-005 0.393152 0.05627 0.237168 0.0965816
0.0499553 0.0392 0.279809 9.9991E-005 0.302699 0.328237
0.185265 9.9991E-005 0.477911 0.014394 0.111436 0.210895
0.195529 0.0589089 0.293868 0.00427234 0.261336 0.186085
0.190944 9.9991E-005 0.311951 0.0569384 0.186472 0.253595
0.0192473 0.124839 0.166382 9.9991E-005 0.280665 0.408767
0.246738 0.376214 9.9973E-005 9.9973E-005 9.9973E-005 0.376749
0.305556 9.9982E-005 0.351255 9.9982E-005 0.178668 0.164321
0.154879 0.00676893 0.173152 0.00953117 0.31079 0.344879
0.245129 0.142901 9.9973E-005 9.9973E-005 9.9973E-005 0.61167
0.138065 0.00560415 0.318434 0.0571021 0.28273 0.198064
0.0624443 0.332494 9.9991E-005 0.00602077 0.0469188 0.552022
0.110071 0.17266 0.118118 9.9991E-005 0.272458 0.326593
0.271704 0.0068201 0.327773 0.00588192 0.10999 0.27783
0.0574489 0.241132 0.166266 9.9982E-005 9.9982E-005 0.534953
0.0274249 0.160827 0.378763 9.9991E-005 0.23607 0.196815
9.9973E-005 0.289314 0.469924 9.9973E-005 9.9973E-005 0.240462
0.515919 9.9991E-005 0.263298 0.0184841 0.0400713 0.162128
0.348226 9.9964E-005 9.9964E-005 0.651374 9.9964E-005 9.9964E-005
0.283257 9.9982E-005 0.444634 9.9982E-005 0.0620641 0.209845
0.1248 0.00725564 0.192039 0.0445292 0.282123 0.349252
0.022506 0.0901069 0.47944 9.9991E-005 0.187545 0.220303
0.171736 0.0156348 0.348963 9.9991E-005 0.171703 0.291862
0.325723 0.115335 0.159309 9.9991E-005 0.267697 0.131836
0.230402 0.0477106 0.279621 9.9991E-005 0.303499 0.138667
0.299384 0.137592 0.175999 0.00966369 0.185835 0.191527
9.9973E-005 0.27475 9.9973E-005 9.9973E-005 0.10904 0.61591
0.291621 0.136006 0.324889 0.0816712 0.112068 0.0537443
0.242744 0.121726 0.2014 9.9991E-005 0.234982 0.199049
0.232959 9.9991E-005 0.2302 0.0443452 0.436574 0.0558213
0.189537 0.167557 0.166841 0.00208019 0.329491 0.144493
0.448665 9.9991E-005 0.174973 0.00640592 0.0426003 0.327256
0.0820932 0.186166 0.178163 0.00283547 0.206431 0.344311
0.163972 0.114821 0.0141809 9.9991E-005 0.218263 0.488664
0.204345 0.326364 0.173556 0.0336251 0.0840727 0.178038
0.223973 9.9991E-005 0.273916 0.0111938 0.159226 0.331591
9.9982E-005 0.282044 0.421412 9.9982E-005 0.260706 0.0356375
0.0315901 0.206167 0.0306615 0.0934845 9.9991E-005 0.637997
0.273023 9.9982E-005 0.0566688 9.9982E-005 0.125282 0.544827
0.0935544 0.216434 0.495562 9.9982E-005 0.19425 9.9982E-005
0.147246 9.9991E-005 0.345714 0.0422163 0.247939 0.216785
0.262626 9.9991E-005 0.212585 0.0127428 0.19259 0.319356
0.298412 0.105815 0.454018 9.9991E-005 0.126565 0.0150911
0.123482 0.309234 0.228608 9.9991E-005 0.214341 0.124235
0.0198089 0.0929922 0.089284 0.04346 9.9991E-005 0.754355
0.22005 0.233996 9.9991E-005 0.0829517 0.00357362 0.459328
0.0781645 0.0365146 0.269383 0.028482 0.211387 0.376069
0.25361 0.260668 0.213104 9.9991E-005 0.271151 0.00136767
0.245023 9.9991E-005 0.280188 0.00891408 0.150073 0.315702
0.280637 0.142674 0.00456216 9.9991E-005 0.206933 0.365095
0.281864 0.136604 0.206762 0.00244963 0.239575 0.132746
0.0560612 0.0757832 0.536415 0.0289681 0.189907 0.112866
9.9982E-005 0.390949 0.214806 0.245087 9.9982E-005 0.148958
0.196827 9.9991E-005 0.160644 0.0433829 0.185265 0.413781
0.275576 0.192691 0.148963 9.9991E-005 0.184405 0.198266
0.129643 0.223467 0.190799 0.325948 9.9991E-005 0.130043
0.0917722 0.0756642 0.103829 0.31916 9.9991E-005 0.409476
0.152433 9.9991E-005 0.327102 0.00384338 0.254457 0.262065
0.280392 0.146528 0.0974953 0.061959 0.137466 0.27616
0.517581 9.9982E-005 0.105746 9.9982E-005 0.28694 0.0895325
0.143238 9.9973E-005 0.0560172 9.9973E-005 9.9973E-005 0.800445
0.222 0.125102 0.290046 9.9991E-005 0.189421 0.173331
0.381186 9.9991E-005 0.140992 0.0331068 0.240603 0.204011
0.0673975 0.132054 0.0879013 0.298659 0.0357485 0.37824
0.215908 0.0997597 0.096467 9.9991E-005 0.316828 0.270937
0.134119 0.00612627 0.280179 0.00876337 0.273375 0.297438
0.262615 0.042134 0.130964 9.9991E-005 0.328013 0.236173
0.275501 0.0554684 0.321768 0.0260135 0.102042 0.219206
9.9973E-005 9.9973E-005 0.327699 9.9973E-005 0.404621 0.26738
0.20675 0.166152 0.167898 9.9991E-005 0.310967 0.148132
0.170817 0.112892 0.211349 0.0417749 0.312997 0.150169
0.248588 9.9982E-005 0.206062 9.9982E-005 0.144648 0.400503
0.219054 0.0328303 0.1802 0.0124449 0.400301 0.15517
9.9982E-005 0.0851718 0.256328 9.9982E-005 0.387897 0.270403
0.136237 0.237092 9.9973E-005 0.626371 9.9973E-005 9.9973E-005
0.186059 9.9982E-005 0.384237 9.9982E-005 0.284948 0.144556
0.0158605 9.9991E-005 0.437135 0.00184153 0.320096 0.224967
0.0654596 0.359634 0.301358 9.9982E-005 9.9982E-005 0.273348
0.485004 9.9982E-005 0.435857 9.9982E-005 0.070971 0.00796857
0.170332 0.110735 0.274159 9.9991E-005 0.163851 0.280822
0.348029 0.066286 0.270388 9.9991E-005 0.157323 0.157873
0.0461393 0.212565 9.9991E-005 0.0502665 0.288206 0.402723
0.272318 0.0551569 0.275555 9.9991E-005 0.148832 0.248038
0.164757 0.0483099 0.280937 0.00662878 0.290895 0.208472
0.238571 0.0532823 0.282426 0.0467021 0.237963 0.141056
0.106707 0.18064 0.315245 9.9991E-005 0.282637 0.114671
0.119525 0.0268036 0.256872 0.0357945 0.176773 0.384231
9.9964E-005 9.9964E-005 9.9964E-005 0.954963 0.0446375 9.9964E-005
0.280456 0.000212789 0.257916 9.9991E-005 0.16196 0.299355
0.234319 0.132741 0.14618 9.9991E-005 0.128512 0.358147
0.184549 0.270425 0.286735 9.9991E-005 0.0952214 0.16297
0.15634 0.24383 0.345876 9.9991E-005 0.17988 0.073974
0.120471 0.22404 0.381978 0.00342352 0.25513 0.0149573
9.9991E-005 0.230048 0.331992 0.0166453 0.242534 0.178681
0.122748 0.251336 9.9973E-005 0.625616 9.9973E-005 9.9973E-005
0.207893 9.9982E-005 0.444266 9.9982E-005 0.125724 0.221917
0.189985 0.0791222 0.332998 0.0191071 0.15019 0.228598
0.217751 9.9982E-005 0.137545 9.9982E-005 0.189959 0.454545
0.101599 0.0965604 0.388108 9.9991E-005 0.197921 0.215712
0.269381 0.1406 0.195543 0.01948 0.240425 0.134571
0.246624 9.9991E-005 0.22975 0.0251668 0.324004 0.174355
0.330488 9.9982E-005 0.194349 9.9982E-005 0.126084 0.348879
0.183429 0.115763 0.256021 9.9991E-005 0.201504 0.243184
0.135165 0.32072 0.327471 9.9991E-005 0.125251 0.0912923
0.221572 0.0879411 0.0457324 0.0309167 0.315721 0.298117
0.195658 0.155118 0.321422 9.9991E-005 0.26192 0.0657819
0.0776918 9.9982E-005 0.229083 9.9982E-005 0.244668 0.448357
0.0470966 9.9982E-005 0.374611 9.9982E-005 0.112659 0.465434
0.0451139 9.9991E-005 0.352622 0.00279301 0.277048 0.322323
0.0267704 0.0262391 0.348598 9.9991E-005 0.19182 0.406473
0.22263 9.9991E-005 0.154636 0.0503801 0.188617 0.383637
0.0902915 0.211981 0.251242 9.9991E-005 0.260498 0.185888
0.191962 9.9991E-005 0.372494 0.0710938 0.262343 0.102007
0.313486 0.0912798 0.180184 0.0658511 0.202895 0.146304
0.263734 0.0775192 0.0708023 9.9991E-005 0.325971 0.261874
0.236582 0.14898 0.140302 9.9991E-005 0.130676 0.34336
0.415563 9.9982E-005 0.3522 9.9982E-005 0.135333 0.0967036
0.204118 0.227354 0.179719 9.9991E-005 0.155105 0.233604
9.9973E-005 9.9973E-005 0.344302 9.9973E-005 0.186457 0.468941
9.9991E-005 0.00158192 0.00821994 0.942008 0.046305 0.00178488
9.9991E-005 0.219428 0.0607784 0.376889 0.0527032 0.290102
9.9991E-005 0.463904 0.0397005 0.150318 0.108875 0.237102
0.0722709 0.282621 9.9991E-005 0.617953 0.0129972 0.0140572
0.0639467 0.408831 0.123292 0.00629911 0.0878946 0.309736
0.0603454 0.169863 0.00162969 9.9991E-005 0.150118 0.617944
0.0319545 0.548036 9.9991E-005 0.0224035 0.12855 0.268956
0.0466556 0.0935101 0.139041 9.9991E-005 0.547058 0.173635
0.167145 9.9991E-005 0.191591 0.0127181 0.222272 0.406174
0.197561 9.9982E-005 0.242612 9.9982E-005 0.350134 0.209494
0.173142 0.233255 0.0282524 9.9991E-005 0.117136 0.448114
0.185632 9.9991E-005 0.204969 0.0465183 0.234266 0.328515
0.0963212 0.16987 0.392105 9.9991E-005 0.0295557 0.312048
0.159261 0.0629758 0.226813 0.00923926 0.232974 0.308736
0.0863622 0.174237 0.216445 9.9991E-005 0.297541 0.225315
0.268631 9.9982E-005 0.0930543 9.9982E-005 0.256325 0.38179
0.357669 0.172813 0.153021 0.020284 0.183627 0.112586
0.106255 0.142952 0.243864 9.9991E-005 0.216992 0.289837
0.036439 0.337835 0.0537971 0.0427184 0.155194 0.374016
0.283953 0.0517445 0.338811 0.0879098 0.0705273 0.167055
0.393477 0.197572 0.244394 9.9991E-005 0.149764 0.0146935
0.212867 0.295751 0.166472 9.9991E-005 0.160904 0.163906
0.014117 9.9982E-005 9.9982E-005 0.763187 0.162573 0.0599231
9.9991E-005 0.207473 0.0991819 0.180457 0.0599516 0.452836
0.102665 9.9991E-005 0.32256 0.0209167 0.210154 0.343604
0.255078 0.345223 0.100012 9.9991E-005 0.249819 0.0497684
9.9991E-005 0.22919 0.15218 0.212977 0.0123972 0.393156
0.193773 9.9991E-005 0.424352 0.0266639 0.127517 0.227594
0.0983148 0.141483 0.295566 0.020294 0.33991 0.104433
9.9973E-005 0.501833 0.00822087 9.9973E-005 9.9973E-005 0.489647
0.194737 0.123877 0.224282 9.9991E-005 0.250645 0.206359
0.209201 9.9991E-005 0.195653 0.0649293 0.370005 0.160111
9.996E-005 9.996E-005 0.9995 9.996E-005 9.996E-005 9.996E-005
9.996E-005 9.996E-005 0.9995 9.996E-005 9.996E-005 9.996E-005
0.245528 0.051212 0.329167 0.0605176 0.0440205 0.269555
0.277509 0.00816631 0.238037 9.9991E-005 0.231491 0.244697
0.0524634 0.277834 0.222314 0.275482 9.9991E-005 0.171807
0.411224 0.0792985 0.109121 9.9991E-005 0.242971 0.157285
0.121603 0.163618 0.201653 9.9991E-005 0.247215 0.265811
0.212052 0.15786 0.495211 9.9982E-005 0.134677 9.9982E-005
0.0203446 0.56093 0.047691 0.0898361 0.110893 0.170305
0.32596 0.367813 0.0577451 9.9991E-005 0.00888898 0.239493
0.0977952 0.336185 0.0518871 9.9991E-005 0.138244 0.375789
0.445459 0.127823 0.081394 9.9991E-005 0.270736 0.0744889
0.100848 0.458581 0.0802025 9.9991E-005 0.00922116 0.351047
0.264713 0.0100499 0.32963 9.9991E-005 0.198185 0.197322
0.17092 0.150941 0.206239 0.0210906 0.0835987 0.36721
0.176418 0.109516 0.230527 9.9991E-005 0.230212 0.253228
0.125512 0.110717 0.215286 9.9991E-005 0.223062 0.325322
0.104752 0.316496 0.125545 0.232257 0.0217609 0.19919
0.353852 0.131588 0.289059 9.9991E-005 0.0665276 0.158874
0.0601993 0.0522607 9.9991E-005 0.803991 0.0817775 0.00167128
0.121795 0.274893 0.151777 9.9991E-005 0.27474 0.176696
0.244768 0.0355685 0.11673 9.9991E-005 0.388382 0.214452
9.99641E-005 9.99641E-005 0.00375784 0.995842 9.99641E-005 9.99641E-005
0.058982 9.9982E-005 0.0025023 0.869691 0.0686242 9.9982E-005
0.136361 0.281839 0.254483 9.9991E-005 0.099998 0.227219
9.9991E-005 0.311333 0.262525 0.021593 0.170921 0.233528
0.287761 0.0182557 0.262114 0.0359231 0.172251 0.223695
0.301105 0.21577 0.126747 0.0107959 0.263938 0.0816447
0.414304 0.00180521 0.103437 9.9991E-005 0.18269 0.297664
0.264908 9.9982E-005 0.156626 9.9982E-005 0.49287 0.0853971
0.207223 0.250375 0.202762 0.0388812 0.145559 0.1552
0.00287855 0.347516 0.0648121 0.293157 9.9991E-005 0.291536
0.349612 0.192317 0.133723 9.9991E-005 0.184273 0.139974
0.15193 0.123097 0.440983 0.0472842 0.236605 9.9991E-005
0.232107 0.351741 0.100534 9.9991E-005 0.116916 0.198602
9.9982E-005 0.445697 9.9982E-005 0.0424779 0.28108 0.230545
9.9973E-005 0.0931282 9.9973E-005 9.9973E-005 0.235247 0.671325
0.165503 0.549537 9.9982E-005 9.9982E-005 0.0746542 0.210106
0.30456 0.189085 0.176052 9.9991E-005 0.209009 0.121193
0.178316 0.620972 9.9973E-005 0.200412 9.9973E-005 9.9973E-005
0.397854 0.0414621 0.309162 0.042689 0.0877747 0.121058
0.173616 9.9991E-005 0.216243 0.0131067 0.19721 0.399725
0.192664 0.0486815 0.289887 0.0274941 0.296885 0.144388
0.268591 0.175991 0.188021 9.9991E-005 0.220387 0.146911
0.175622 0.438279 0.144768 9.9991E-005 0.177763 0.0634679
0.132359 0.0403335 0.19821 9.9991E-005 0.195921 0.433076
0.0992238 9.9982E-005 0.403862 9.9982E-005 0.0681734 0.42854
9.9982E-005 0.459797 0.186469 9.9982E-005 0.0157201 0.337814
9.9973E-005 0.181682 0.0686637 9.9973E-005 9.9973E-005 0.749354
0.35329 0.311572 0.212523 9.9982E-005 0.122415 9.9982E-005
