8.751307725906372070e-01 2.221149057149887085e-01 -1.017801985144615173e-01 -3.220299025997519493e-03 -1.549972593784332275e-01 -5.883681774139404297e-02 -1.302886754274368286e-01 -6.535977870225906372e-02 -1.219667494297027588e-01 -9.259144216775894165e-02 -1.909494996070861816e-01 3.391206264495849609e-01 -1.240513697266578674e-01 -1.117305681109428406e-01 -7.537928223609924316e-02 -4.211348667740821838e-02 -1.181911677122116089e-01 -9.824106842279434204e-02 2.307769469916820526e-02
2.221149057149887085e-01 5.628023147583007812e-01 -9.090278297662734985e-02 -6.249750405550003052e-02 -1.522672921419143677e-01 -8.269856870174407959e-02 -1.531232893466949463e-01 -8.597278594970703125e-02 -1.234581694006919861e-01 -1.255863755941390991e-01 -1.777090579271316528e-01 3.044440448284149170e-01 -1.319197863340377808e-01 -1.092141717672348022e-01 -1.014929041266441345e-01 2.054357528686523438e-01 -1.413123160600662231e-01 -4.249959066510200500e-02 1.274166069924831390e-02
-1.017801985144615173e-01 -9.090278297662734985e-02 6.894055604934692383e-01 -7.376912236213684082e-02 -4.704637825489044189e-02 7.141574472188949585e-02 -6.130278110504150391e-02 -7.855334132909774780e-02 -3.858685120940208435e-02 -2.367488108575344086e-02 -3.943452984094619751e-02 -5.087973177433013916e-02 -1.071666628122329712e-01 1.673680990934371948e-01 5.393322091549634933e-03 -1.041568815708160400e-01 -6.638974696397781372e-02 6.999851763248443604e-02 -7.714981585741043091e-02
-3.220299025997519493e-03 -6.249750405550003052e-02 -7.376912236213684082e-02 9.125595688819885254e-01 -8.807236701250076294e-02 -8.969397097826004028e-02 4.089773632586002350e-03 -2.762186713516712189e-02 -6.866890937089920044e-02 -8.093168586492538452e-02 -1.278994828462600708e-01 -6.667468696832656860e-02 8.329785615205764771e-02 2.240345254540443420e-02 -4.442609846591949463e-02 -4.449693858623504639e-02 -2.144233137369155884e-02 -1.023307740688323975e-01 -8.684925734996795654e-02
-1.549972593784332275e-01 -1.522672921419143677e-01 -4.704637825489044189e-02 -8.807236701250076294e-02 2.586120963096618652e-01 -9.448709338903427124e-02 2.969410419464111328e-01 -4.187047481536865234e-02 -1.293950378894805908e-01 -1.231941133737564087e-01 6.127509102225303650e-02 -1.433345228433609009e-01 -9.740110486745834351e-02 -8.415517210960388184e-02 -1.083927899599075317e-01 -9.104125946760177612e-02 2.719884216785430908e-01 -6.728695589117705822e-04 5.025297775864601135e-02
-5.883681774139404297e-02 -8.269856870174407959e-02 7.141574472188949585e-02 -8.969397097826004028e-02 -9.448709338903427124e-02 5.378530621528625488e-01 -1.130918711423873901e-01 7.142078876495361328e-02 -1.679167849943041801e-03 -8.413526415824890137e-02 3.305866196751594543e-02 -1.001782640814781189e-01 -5.415244400501251221e-02 4.399506375193595886e-02 -7.378394156694412231e-02 -6.910894811153411865e-02 -1.613967567682266235e-01 6.199733912944793701e-02 -5.089167505502700806e-02
-1.302886754274368286e-01 -1.531232893466949463e-01 -6.130278110504150391e-02 4.089773632586002350e-03 2.969410419464111328e-01 -1.130918711423873901e-01 4.045872986316680908e-01 -5.679842829704284668e-02 -1.561385542154312134e-01 -1.336415559053421021e-01 -1.236268952488899231e-01 -1.118712574243545532e-01 -3.911342099308967590e-02 -8.173085749149322510e-02 -9.629997611045837402e-02 -1.220200434327125549e-01 4.057888686656951904e-01 -5.949198082089424133e-02 -9.208726137876510620e-02
-6.535977870225906372e-02 -8.597278594970703125e-02 -7.855334132909774780e-02 -2.762186713516712189e-02 -4.187047481536865234e-02 7.142078876495361328e-02 -5.679842829704284668e-02 8.307984471321105957e-01 -6.196305528283119202e-02 -8.730426430702209473e-02 -1.423218753188848495e-02 -8.611425757408142090e-02 -7.371291518211364746e-02 -3.706661984324455261e-02 -2.643672190606594086e-02 -1.298313029110431671e-02 -1.489548385143280029e-01 6.085877493023872375e-02 -2.042027749121189117e-02
-1.219667494297027588e-01 -1.234581694006919861e-01 -3.858685120940208435e-02 -6.866890937089920044e-02 -1.293950378894805908e-01 -1.679167849943041801e-03 -1.561385542154312134e-01 -6.196305528283119202e-02 7.411118149757385254e-01 3.069153428077697754e-01 1.775171309709548950e-01 -1.376892179250717163e-01 7.060535997152328491e-02 -7.392185926437377930e-02 1.638985471799969673e-03 -1.304484810680150986e-02 -1.247619986534118652e-01 -1.011736243963241577e-01 -1.076825559139251709e-01
-9.259144216775894165e-02 -1.255863755941390991e-01 -2.367488108575344086e-02 -8.093168586492538452e-02 -1.231941133737564087e-01 -8.413526415824890137e-02 -1.336415559053421021e-01 -8.730426430702209473e-02 3.069153428077697754e-01 7.985686063766479492e-01 1.812853366136550903e-01 -1.182644143700599670e-01 -2.082660794258117676e-02 -4.167340323328971863e-02 2.047825232148170471e-02 2.791597275063395500e-03 -9.804981946945190430e-02 -1.191852688789367676e-01 -1.243543475866317749e-01
-1.909494996070861816e-01 -1.777090579271316528e-01 -3.943452984094619751e-02 -1.278994828462600708e-01 6.127509102225303650e-02 3.305866196751594543e-02 -1.236268952488899231e-01 -1.423218753188848495e-02 1.775171309709548950e-01 1.812853366136550903e-01 7.008477449417114258e-01 -1.772170960903167725e-01 -1.000893339514732361e-01 -3.864992037415504456e-02 -9.567051380872726440e-02 -3.917577117681503296e-02 -1.379811167716979980e-01 -2.980408445000648499e-02 1.758054941892623901e-01
3.391206264495849609e-01 3.044440448284149170e-01 -5.087973177433013916e-02 -6.667468696832656860e-02 -1.433345228433609009e-01 -1.001782640814781189e-01 -1.118712574243545532e-01 -8.611425757408142090e-02 -1.376892179250717163e-01 -1.182644143700599670e-01 -1.772170960903167725e-01 7.396764159202575684e-01 -1.373400241136550903e-01 -4.800442606210708618e-02 -8.750692754983901978e-02 -6.057425215840339661e-02 -9.818321466445922852e-02 -1.018145009875297546e-01 2.524963393807411194e-02
-1.240513697266578674e-01 -1.319197863340377808e-01 -1.071666628122329712e-01 8.329785615205764771e-02 -9.740110486745834351e-02 -5.415244400501251221e-02 -3.911342099308967590e-02 -7.371291518211364746e-02 7.060535997152328491e-02 -2.082660794258117676e-02 -1.000893339514732361e-01 -1.373400241136550903e-01 7.695254683494567871e-01 -3.623039275407791138e-02 8.999631553888320923e-02 -5.168986320495605469e-02 5.217359215021133423e-02 -3.241392225027084351e-02 -1.030665561556816101e-01
-1.117305681109428406e-01 -1.092141717672348022e-01 1.673680990934371948e-01 2.240345254540443420e-02 -8.415517210960388184e-02 4.399506375193595886e-02 -8.173085749149322510e-02 -3.706661984324455261e-02 -7.392185926437377930e-02 -4.167340323328971863e-02 -3.864992037415504456e-02 -4.800442606210708618e-02 -3.623039275407791138e-02 7.932633757591247559e-01 -1.646725833415985107e-02 -8.967290073633193970e-02 -1.342477500438690186e-01 1.961443014442920685e-02 -1.003811135888099670e-01
-7.537928223609924316e-02 -1.014929041266441345e-01 5.393322091549634933e-03 -4.442609846591949463e-02 -1.083927899599075317e-01 -7.378394156694412231e-02 -9.629997611045837402e-02 -2.643672190606594086e-02 1.638985471799969673e-03 2.047825232148170471e-02 -9.567051380872726440e-02 -8.750692754983901978e-02 8.999631553888320923e-02 -1.646725833415985107e-02 5.030890107154846191e-01 -7.645875960588455200e-02 1.270390301942825317e-02 1.953011727891862392e-03 -7.623246312141418457e-02
-4.211348667740821838e-02 2.054357528686523438e-01 -1.041568815708160400e-01 -4.449693858623504639e-02 -9.104125946760177612e-02 -6.910894811153411865e-02 -1.220200434327125549e-01 -1.298313029110431671e-02 -1.304484810680150986e-02 2.791597275063395500e-03 -3.917577117681503296e-02 -6.057425215840339661e-02 -5.168986320495605469e-02 -8.967290073633193970e-02 -7.645875960588455200e-02 5.110034942626953125e-01 -1.127571687102317810e-01 -4.504084214568138123e-02 8.715778589248657227e-03
-1.181911677122116089e-01 -1.413123160600662231e-01 -6.638974696397781372e-02 -2.144233137369155884e-02 2.719884216785430908e-01 -1.613967567682266235e-01 4.057888686656951904e-01 -1.489548385143280029e-01 -1.247619986534118652e-01 -9.804981946945190430e-02 -1.379811167716979980e-01 -9.818321466445922852e-02 5.217359215021133423e-02 -1.342477500438690186e-01 1.270390301942825317e-02 -1.127571687102317810e-01 8.254941105842590332e-01 -8.968675136566162109e-02 -9.422232210636138916e-02
-9.824106842279434204e-02 -4.249959066510200500e-02 6.999851763248443604e-02 -1.023307740688323975e-01 -6.728695589117705822e-04 6.199733912944793701e-02 -5.949198082089424133e-02 6.085877493023872375e-02 -1.011736243963241577e-01 -1.191852688789367676e-01 -2.980408445000648499e-02 -1.018145009875297546e-01 -3.241392225027084351e-02 1.961443014442920685e-02 1.953011727891862392e-03 -4.504084214568138123e-02 -8.968675136566162109e-02 7.043310999870300293e-01 -5.664005503058433533e-02
2.307769469916820526e-02 1.274166069924831390e-02 -7.714981585741043091e-02 -8.684925734996795654e-02 5.025297775864601135e-02 -5.089167505502700806e-02 -9.208726137876510620e-02 -2.042027749121189117e-02 -1.076825559139251709e-01 -1.243543475866317749e-01 1.758054941892623901e-01 2.524963393807411194e-02 -1.030665561556816101e-01 -1.003811135888099670e-01 -7.623246312141418457e-02 8.715778589248657227e-03 -9.422232210636138916e-02 -5.664005503058433533e-02 7.315994501113891602e-01
