0.252774 0.452747 0.0483055 0.100802 9.9982E-005 0.0552033 9.9982E-005 0.0899676
9.9982E-005 0.372923 0.0957673 0.141631 9.9982E-005 0.166432 0.0267892 0.196258
9.9973E-005 0.27324 0.119124 0.0216387 9.9973E-005 0.517376 9.9973E-005 0.0683211
9.9982E-005 0.550451 9.9982E-005 0.0506614 0.0155266 0.0952027 0.126163 0.161796
9.9964E-005 0.597832 0.153165 0.0081595 9.9964E-005 0.240444 9.9964E-005 9.9964E-005
9.9955E-005 9.9955E-005 9.9955E-005 0.00523893 9.9955E-005 0.272598 0.721663 9.9955E-005
9.9964E-005 0.615589 9.9964E-005 0.139266 0.0985707 0.146174 9.9964E-005 9.9964E-005
0.0566444 9.9964E-005 9.9964E-005 9.9964E-005 9.9964E-005 0.132273 0.789761 0.0209212
0.0519762 0.439819 0.102608 0.0515739 0.00952238 0.326387 0.0180137 9.9991E-005
0.0644238 0.448742 0.173396 0.000981915 9.9982E-005 0.27629 9.9982E-005 0.0359662
0.0441855 0.542526 9.9991E-005 0.0215144 0.0737143 0.234005 0.0152908 0.068664
0.0858758 0.419192 0.00312158 0.0765998 9.9991E-005 0.190813 0.19433 0.0299675
0.244909 0.508874 0.0696527 0.00573196 9.9973E-005 0.170533 9.9973E-005 9.9973E-005
0.0100619 0.503989 9.9982E-005 9.9982E-005 0.0547145 0.201721 0.0879597 0.141354
9.9964E-005 9.9964E-005 9.9964E-005 0.0666289 9.9964E-005 0.323548 0.546534 0.062889
0.140457 0.236025 0.085468 0.0155753 9.9982E-005 0.393817 9.9982E-005 0.128457
0.0927848 0.364156 9.9982E-005 0.120464 9.9982E-005 0.24642 0.150275 0.0257001
0.295333 0.489925 0.113072 0.00990036 0.0914703 9.9973E-005 9.9973E-005 9.9973E-005
0.130313 0.362545 9.9973E-005 0.0911785 9.9973E-005 0.389261 9.9973E-005 0.0264026
9.9964E-005 0.686437 0.0605618 0.0406139 9.9964E-005 9.9964E-005 9.9964E-005 0.211988
0.118863 0.671501 0.0544873 0.036945 9.9973E-005 0.117904 9.9973E-005 9.9973E-005
0.207019 0.389155 0.0447934 0.111707 9.9991E-005 0.093423 0.108348 0.0454551
9.9964E-005 0.474189 9.9964E-005 0.188744 9.9964E-005 0.140186 9.9964E-005 0.196481
9.9973E-005 0.00368419 9.9973E-005 9.9973E-005 0.0694275 0.15753 0.487272 0.281786
0.482906 0.299408 0.0938016 9.9973E-005 9.9973E-005 0.102875 9.9973E-005 0.0207098
9.9964E-005 0.129148 9.9964E-005 0.0408708 9.9964E-005 0.273807 0.555775 9.9964E-005
9.9973E-005 0.0843285 0.153166 9.9973E-005 9.9973E-005 0.270453 0.424763 0.0669894
0.251663 0.407768 9.9955E-005 9.9955E-005 9.9955E-005 9.9955E-005 0.340069 9.9955E-005
9.9964E-005 9.9964E-005 0.0456871 9.9964E-005 9.9964E-005 0.277772 0.573168 0.102973
9.9973E-005 0.732945 9.9973E-005 9.9973E-005 0.00264379 0.0232648 0.123677 0.117169
0.0539786 0.102975 9.9991E-005 0.110829 0.0215678 0.146289 0.443287 0.120974
0.154994 0.457081 0.0875693 0.0390949 9.9973E-005 0.260961 9.9973E-005 9.9973E-005
0.0881013 0.0880149 0.0958705 9.9982E-005 9.9982E-005 0.319336 0.188998 0.219479
9.9946E-005 0.198564 9.9946E-005 9.9946E-005 9.9946E-005 9.9946E-005 0.800836 9.9946E-005
0.0984333 9.9955E-005 9.9955E-005 9.9955E-005 0.0540685 9.9955E-005 0.846998 9.9955E-005
9.9973E-005 0.526814 0.0657586 0.0597027 9.9973E-005 0.272947 0.0744774 9.9973E-005
9.9973E-005 0.583098 0.0226049 9.9973E-005 9.9973E-005 0.20038 0.13877 0.0548469
0.458614 0.36306 0.0238694 9.9982E-005 0.017981 0.0846011 9.9982E-005 0.0516749
9.9964E-005 0.0712885 0.159888 9.9964E-005 9.9964E-005 9.9964E-005 0.714304 0.0541199
0.0569613 0.0214269 0.114354 0.0488797 0.0132679 0.282107 0.335627 0.127376
0.185505 0.112059 9.9982E-005 9.9982E-005 0.0496935 0.338297 0.233309 0.080936
0.239721 0.327792 9.9973E-005 0.0227775 9.9973E-005 0.319464 9.9973E-005 0.0899457
0.0749329 0.540822 0.0251488 0.116345 9.9991E-005 0.0636666 0.155145 0.0238398
9.9982E-005 0.140841 0.063275 9.9982E-005 0.0561381 0.188443 0.50313 0.0479724
0.219649 0.371761 0.023467 9.9982E-005 0.132822 0.145013 9.9982E-005 0.107088
0.283449 0.275004 0.0575116 9.9982E-005 0.0937862 0.049626 9.9982E-005 0.240423
0.203587 0.354817 0.0686659 9.9982E-005 9.9982E-005 0.189252 0.0485711 0.134907
0.232211 0.169465 0.0710161 9.9982E-005 9.9982E-005 0.422573 0.00308123 0.101455
0.210746 0.0981149 0.168113 0.0176795 9.9982E-005 0.358667 9.9982E-005 0.146479
0.082732 0.00322526 9.9982E-005 0.100337 9.9982E-005 0.384123 0.409188 0.0201952
0.0970075 0.489509 0.0346369 0.0673663 0.0132578 0.230331 9.9991E-005 0.0677912
0.223136 0.0704327 0.0107105 0.0447279 0.0242915 0.164367 0.348695 0.113639
0.234323 0.236509 0.109242 0.019147 0.0465962 0.258194 9.9991E-005 0.0958895
0.00996579 0.00961814 9.9973E-005 9.9973E-005 0.027607 0.167212 0.785297 9.9973E-005
0.127922 0.000151252 0.0880885 9.9982E-005 9.9982E-005 0.32013 0.393649 0.0698589
0.236013 0.550718 9.9973E-005 0.135301 9.9973E-005 0.0564148 9.9973E-005 0.0212541
0.279042 0.424634 0.0669061 0.0446838 9.9973E-005 9.9973E-005 9.9973E-005 0.184434
0.115998 0.386655 0.0537716 0.0385601 9.9991E-005 0.0732786 0.166112 0.165525
9.9982E-005 0.268162 0.0696937 0.0148218 9.9982E-005 0.196225 0.259121 0.191777
0.125928 0.463633 9.9964E-005 9.9964E-005 9.9964E-005 0.0597974 0.350242 9.9964E-005
0.0869962 9.9973E-005 0.0415867 0.0552907 9.9973E-005 0.0357363 0.78009 9.9973E-005
9.9946E-005 9.9946E-005 9.9946E-005 9.9946E-005 9.9946E-005 0.264939 0.734462 9.9946E-005
0.252498 0.466985 9.9982E-005 9.9982E-005 0.0519354 0.126315 0.0207282 0.0813388
9.99461E-005 9.99461E-005 9.99461E-005 9.99461E-005 9.99461E-005 9.99461E-005 0.90471 0.0946907
0.147422 0.333582 0.00798962 0.130477 0.0142819 0.358547 9.9991E-005 0.00760039
9.9982E-005 0.00558656 0.00982276 9.9982E-005 0.0521791 0.0184234 0.858908 0.0548807
0.380257 0.528183 0.00867581 9.9964E-005 9.9964E-005 9.9964E-005 9.9964E-005 0.0824843
9.9982E-005 0.226148 9.9982E-005 0.140615 0.0205066 0.409372 0.0633702 0.139788
0.376845 0.313547 9.9982E-005 0.0177625 0.00223213 0.114007 9.9982E-005 0.175406
0.0514744 9.9955E-005 9.9955E-005 9.9955E-005 9.9955E-005 0.313799 0.634227 9.9955E-005
0.0696744 0.393731 0.120718 0.145171 0.0217202 9.9982E-005 9.9982E-005 0.248784
0.21065 0.391302 0.125671 9.9973E-005 9.9973E-005 0.18873 9.9973E-005 0.0833472
0.241189 0.212792 9.9982E-005 0.060475 9.9982E-005 0.100534 0.294334 0.0904747
0.25118 0.346886 0.0022326 0.0767257 9.9982E-005 0.204108 9.9982E-005 0.118668
0.211598 0.441302 0.00622656 0.118817 9.9991E-005 0.0986895 0.00989589 0.113371
0.193207 0.320883 9.9964E-005 9.9964E-005 9.9964E-005 9.9964E-005 0.366246 0.119264
0.0617037 0.526994 0.0152343 0.0429187 0.0325638 0.205293 0.0155652 0.0997271
0.358377 9.9973E-005 0.208456 9.9973E-005 9.9973E-005 0.0948054 0.110819 0.227242
0.168876 0.242842 9.9973E-005 9.9973E-005 9.9973E-005 0.436102 0.0500264 0.101853
0.33181 0.303883 0.0860183 0.0203437 9.9982E-005 0.217748 9.9982E-005 0.0399968
9.9973E-005 0.308905 0.0808538 0.165242 9.9973E-005 0.275494 9.9973E-005 0.169205
0.165215 0.266941 0.164563 9.9982E-005 0.0948305 0.280417 9.9982E-005 0.027833
0.0639229 0.510091 0.0340814 0.0814372 9.9982E-005 9.9982E-005 0.0678704 0.242397
0.11277 0.60752 0.115826 0.012684 9.9973E-005 9.9973E-005 9.9973E-005 0.150901
9.9964E-005 0.461562 0.116186 0.114212 9.9964E-005 0.307641 9.9964E-005 9.9964E-005
0.0201501 0.272681 0.00906106 0.111272 9.9991E-005 0.261941 0.102984 0.221811
9.9973E-005 0.250798 0.0641723 9.9973E-005 9.9973E-005 0.352014 0.248492 0.0842232
9.9982E-005 0.144472 0.0155748 9.9982E-005 0.00733377 0.4993 0.185946 0.147173
9.99641E-005 9.99641E-005 9.99641E-005 0.106434 9.99641E-005 0.126704 0.748056 0.0184058
0.100107 0.18783 0.166358 9.9991E-005 0.0190373 0.272942 0.166871 0.086755
0.427831 9.9955E-005 9.9955E-005 9.9955E-005 9.9955E-005 0.305857 9.9955E-005 0.265812
0.162205 0.00458942 9.9964E-005 9.9964E-005 9.9964E-005 0.360846 0.47196 9.9964E-005
0.144171 0.471685 9.9982E-005 0.107417 9.9982E-005 0.134011 0.0317396 0.110777
9.9964E-005 0.633887 0.022355 9.9964E-005 9.9964E-005 0.0661453 0.277213 9.9964E-005
9.9973E-005 0.13538 9.9973E-005 0.162162 9.9973E-005 0.160361 0.413234 0.128563
9.9946E-005 9.9946E-005 9.9946E-005 0.186634 9.9946E-005 9.9946E-005 0.812766 9.9946E-005
0.209076 0.306143 0.0180906 9.9982E-005 9.9982E-005 0.25432 0.081764 0.130407
0.176449 0.16984 0.0169549 0.017151 0.0460374 0.337401 0.0522035 0.183963
0.136896 0.339584 0.0951806 0.106044 9.9991E-005 0.0383315 0.0322246 0.251639
9.9982E-005 0.537391 0.0506537 0.0275646 9.9982E-005 0.141082 0.211448 0.0316609
0.225188 9.9973E-005 9.9973E-005 0.0705822 9.9973E-005 0.202464 0.39581 0.105655
9.9964E-005 0.609413 9.9964E-005 9.9964E-005 9.9964E-005 0.241243 0.0995408 0.0494036
0.305399 0.355907 0.121903 9.9973E-005 9.9973E-005 9.9973E-005 0.00346782 0.213023
0.0332555 0.68312 0.0457694 0.10595 9.9982E-005 0.0200662 9.9982E-005 0.111639
0.404783 0.288675 0.041919 0.0243551 9.9982E-005 0.118118 9.9982E-005 0.12195
9.9973E-005 0.016464 0.0173734 9.9973E-005 9.9973E-005 0.130537 0.700364 0.134962
9.9982E-005 0.0861757 9.9982E-005 0.187754 0.017875 0.200267 0.424396 0.0833325
9.9973E-005 0.467341 0.176604 0.00426623 9.9973E-005 0.1582 9.9973E-005 0.193289
0.229192 0.346768 0.0316575 0.024025 9.9991E-005 0.20468 0.0193508 0.144227
0.158575 0.510024 0.088826 0.0659453 9.9982E-005 0.0897502 9.9982E-005 0.0866797
9.9973E-005 0.234182 9.9973E-005 9.9973E-005 0.0469711 0.244535 0.417694 0.0563181
9.9955E-005 0.00114865 9.9955E-005 0.0638563 9.9955E-005 9.9955E-005 0.934495 9.9955E-005
0.0470977 0.238203 9.9982E-005 0.0295543 9.9982E-005 0.229346 0.394511 0.0610879
0.00967849 0.59173 9.9973E-005 0.142205 9.9973E-005 0.254832 9.9973E-005 0.00125417
0.0509817 0.546505 9.9982E-005 0.133575 9.9982E-005 0.0503173 0.0676136 0.150808
9.9982E-005 0.569377 0.13026 0.112818 0.0487428 9.9982E-005 0.0476878 0.0909145
0.253573 0.514851 0.0406859 0.0473878 9.9982E-005 0.0478342 9.9982E-005 0.0954685
9.9964E-005 9.9964E-005 9.9964E-005 0.00486917 9.9964E-005 0.123141 0.855999 0.0155908
0.049997 0.749504 9.9982E-005 0.146496 0.0175074 9.9982E-005 0.0274683 0.00882659
0.169526 0.322503 0.311386 9.9973E-005 9.9973E-005 0.02587 9.9973E-005 0.170415
0.211934 0.550885 9.9982E-005 0.00850037 9.9982E-005 0.104251 0.0813777 0.0428511
9.9973E-005 0.159459 9.9973E-005 0.047417 9.9973E-005 0.227343 0.555307 0.0101737
0.351461 0.440484 0.024184 9.9973E-005 9.9973E-005 0.129609 9.9973E-005 0.0539621
0.106369 0.32413 0.0119419 0.0422668 0.0876123 0.34838 9.9991E-005 0.0792
0.209608 0.571891 0.0899475 0.00821927 9.9982E-005 0.106308 9.9982E-005 0.0138273
0.068545 0.478335 0.000711977 0.0808426 9.9991E-005 0.229304 0.0696088 0.0725521
0.119886 0.186142 9.9973E-005 0.0775741 9.9973E-005 9.9973E-005 0.606332 0.00976617
9.9973E-005 9.9973E-005 9.9973E-005 0.0496625 0.0277859 0.0143378 0.794853 0.113061
9.9973E-005 0.291731 0.196903 9.9973E-005 0.0425928 0.324632 9.9973E-005 0.143842
0.147835 0.384236 0.18851 0.227219 9.9982E-005 9.9982E-005 0.0185287 0.033471
0.435518 0.276059 0.0453881 0.0228805 9.9973E-005 0.219854 9.9973E-005 9.9973E-005
0.499047 0.0370358 0.00717123 0.0049956 9.9973E-005 0.451451 9.9973E-005 9.9973E-005
0.0697216 0.143676 0.0305039 9.9982E-005 9.9982E-005 0.268243 0.354583 0.133072
0.00430349 0.40114 0.104036 9.9991E-005 0.156853 0.214481 0.0437759 0.0753109
0.0607898 0.523985 0.101316 0.0514011 9.9991E-005 0.0578611 0.204184 0.000363488
9.994E-005 9.994E-005 9.994E-005 9.994E-005 9.994E-005 9.994E-005 9.994E-005 0.9993
9.9982E-005 0.161903 0.0178702 0.0319737 9.9982E-005 0.0709464 0.553818 0.163288
0.10869 0.283964 0.0672539 0.0124446 9.9982E-005 0.254958 0.27249 9.9982E-005
9.994E-005 9.994E-005 9.994E-005 9.994E-005 9.994E-005 9.994E-005 9.994E-005 0.9993
9.9982E-005 0.0362732 0.0164072 0.12833 9.9982E-005 0.112134 0.503418 0.203238
0.0342785 0.548147 0.0147862 9.9982E-005 9.9982E-005 0.236191 0.151024 0.0153729
0.155574 0.116546 0.0103303 0.268419 9.9991E-005 0.181462 0.263299 0.00426938
0.200011 0.168808 0.0281112 9.9973E-005 9.9973E-005 0.353168 0.249602 9.9973E-005
0.094068 0.0561323 0.0554874 0.0378542 9.9991E-005 0.463972 0.118287 0.174099
0.107918 9.9964E-005 9.9964E-005 0.0770422 9.9964E-005 0.118568 0.696071 9.9964E-005
0.0467059 0.299935 0.110177 0.0124065 0.0238422 0.153615 0.266409 0.0869093
9.9982E-005 0.289653 0.0167169 0.0613466 9.9982E-005 0.415053 0.15287 0.0641598
0.412994 0.158436 0.131959 0.000264076 9.9982E-005 0.177642 9.9982E-005 0.118506
0.0798684 0.412433 0.186964 0.194239 9.9973E-005 9.9973E-005 9.9973E-005 0.126196
0.135422 0.354708 0.057758 0.0427096 0.12942 0.159804 9.9991E-005 0.120078
9.9955E-005 0.245998 0.201246 9.9955E-005 9.9955E-005 0.552256 9.9955E-005 9.9955E-005
0.152776 0.391379 9.9973E-005 9.9973E-005 0.0307784 0.130604 0.294164 9.9973E-005
9.9973E-005 0.0388217 0.0176571 0.0702717 9.9973E-005 0.147121 0.725829 9.9973E-005
0.0403304 0.21206 0.126124 0.0165907 0.0651844 0.149628 0.386993 0.00308986
0.336366 0.0857023 0.0624014 0.0585548 9.9982E-005 0.295446 9.9982E-005 0.161329
0.253624 0.229825 0.0105585 0.024892 0.0503094 0.300718 9.9991E-005 0.129973
9.9973E-005 9.9973E-005 0.00257055 9.9973E-005 0.0123996 0.107476 0.804728 0.0725264
0.328359 0.31233 0.0335648 9.9982E-005 0.00186729 0.258427 9.9982E-005 0.0652512
0.221954 0.306016 0.0102894 0.192256 9.9982E-005 0.104388 9.9982E-005 0.164896
9.9982E-005 0.361336 0.103624 0.100721 9.9982E-005 0.186483 0.20048 0.0471561
0.0135845 0.311397 0.272703 9.9973E-005 9.9973E-005 0.216841 9.9973E-005 0.185174
0.452138 0.0835948 9.9973E-005 9.9973E-005 9.9973E-005 0.213557 0.16579 0.0846199
0.308636 9.9982E-005 0.0748049 0.120883 9.9982E-005 0.34531 0.0362351 0.113932
9.9991E-005 0.467405 0.00874063 0.144339 0.00306796 0.176025 0.0290864 0.171236
0.259805 0.538562 0.0928987 9.9973E-005 9.9973E-005 0.054697 9.9973E-005 0.0537374
0.0883218 0.614652 0.0480015 0.101223 9.9973E-005 9.9973E-005 9.9973E-005 0.147501
0.375899 0.00799776 9.9973E-005 9.9973E-005 9.9973E-005 0.44247 0.105601 0.0677321
9.9991E-005 0.0672735 0.024274 0.0376988 0.00737318 0.352023 0.42033 0.0909277
0.092348 0.175015 0.0314542 9.9982E-005 9.9982E-005 0.23688 0.229748 0.234355
0.0484764 0.126287 0.138532 9.9982E-005 0.0816344 0.36221 9.9982E-005 0.24266
9.9982E-005 0.213304 9.9982E-005 0.21965 0.0482842 0.265353 0.100744 0.152464
0.0786445 0.358996 9.9982E-005 0.0541929 9.9982E-005 0.378806 0.0674907 0.0616693
9.99461E-005 9.99461E-005 9.99461E-005 9.99461E-005 9.99461E-005 9.99461E-005 0.956734 0.0426658
0.0471227 0.133636 9.9973E-005 0.108929 9.9973E-005 0.595446 9.9973E-005 0.114566
9.9973E-005 0.207539 0.0212824 9.9973E-005 9.9973E-005 0.305705 0.258255 0.206918
0.321052 0.147722 9.9991E-005 0.0678164 0.0655781 0.134213 0.009595 0.253923
9.9982E-005 0.214625 0.0213846 0.120625 9.9982E-005 0.47801 0.135645 0.0295103
0.11604 9.9973E-005 0.0101375 0.0354035 9.9973E-005 0.340757 0.497362 9.9973E-005
0.0740019 0.219951 0.0234618 9.9991E-005 0.0219096 0.175099 0.392325 0.0931509
9.9973E-005 0.260853 0.0569939 0.119992 9.9973E-005 0.0691603 0.492701 9.9973E-005
0.00110683 0.60788 9.9973E-005 0.00341123 9.9973E-005 0.376076 9.9973E-005 0.0112267
9.9955E-005 9.9955E-005 0.0320227 9.9955E-005 9.9955E-005 0.340271 0.627207 9.9955E-005
9.9991E-005 0.287327 0.0554026 0.0195485 0.0256472 0.282505 0.304109 0.0253606
0.494621 0.166955 0.065542 0.054774 9.9973E-005 0.217808 9.9973E-005 9.9973E-005
9.99461E-005 9.99461E-005 9.99461E-005 9.99461E-005 9.99461E-005 0.0882536 0.911147 9.99461E-005
0.0214788 9.9964E-005 9.9964E-005 0.103729 9.9964E-005 0.444379 0.430013 9.9964E-005
0.427565 0.20008 9.9982E-005 0.00278744 9.9982E-005 0.179481 0.0211378 0.168748
0.21137 0.188796 9.9982E-005 0.0675755 9.9982E-005 0.141485 0.370642 0.0199311
0.0134257 0.497779 0.0900049 0.00516652 9.9991E-005 0.0466019 0.163505 0.183417
0.0963433 0.505047 0.124531 9.9973E-005 0.00285875 0.270921 9.9973E-005 9.9973E-005
9.9973E-005 0.181567 0.235282 0.0583828 9.9973E-005 0.232243 0.292225 9.9973E-005
0.295 0.597779 9.9964E-005 9.9964E-005 9.9964E-005 9.9964E-005 0.00456725 0.102254
0.0440504 0.638993 9.9964E-005 9.9964E-005 9.9964E-005 0.245166 9.9964E-005 0.0713902
0.130258 0.374383 0.0350163 9.9982E-005 0.115353 0.170022 9.9982E-005 0.174768
0.0705387 9.9991E-005 0.180004 0.0104693 0.0120862 0.366865 0.200233 0.159704
0.0249758 0.582293 0.116302 0.00275484 9.9973E-005 9.9973E-005 0.273375 9.9973E-005
0.276517 0.440012 0.0493598 0.00921676 0.00859124 0.125492 9.9991E-005 0.0907109
0.0379939 0.562773 0.0295437 9.9991E-005 0.0491343 0.0619411 0.109534 0.14898
0.359645 0.225349 9.9982E-005 0.0817116 0.0903936 0.0923359 9.9982E-005 0.150364
0.390665 0.178651 0.0554403 9.9973E-005 9.9973E-005 0.314155 9.9973E-005 0.0607882
0.06082 0.176241 0.162686 9.9982E-005 9.9982E-005 0.202051 0.302042 0.0959607
0.00973957 0.688619 9.9982E-005 0.0213321 0.0598209 0.119005 9.9982E-005 0.101283
0.0915315 0.23619 0.237019 0.0229893 0.0078613 0.341335 0.0438838 0.0191903
0.092277 0.213506 0.167515 0.0552352 0.155748 0.262628 9.9991E-005 0.0529904
0.481096 0.241542 9.9973E-005 0.0249006 0.154733 9.9973E-005 9.9973E-005 0.0974282
0.15437 0.0931769 0.0923794 0.0630831 0.0222189 0.205197 0.23851 0.131065
9.9982E-005 0.723774 0.0869614 0.0793526 0.0647295 9.9982E-005 0.00950776 0.0354743
0.230185 0.0520416 9.9973E-005 9.9973E-005 9.9973E-005 0.451615 0.0896538 0.176205
0.32503 0.384281 0.0841564 9.9982E-005 9.9982E-005 0.098245 0.0241211 0.0839669
0.0428366 0.685629 0.115576 9.9973E-005 0.104906 9.9973E-005 9.9973E-005 0.0507519
0.266603 0.373601 0.0460266 9.9991E-005 0.0813456 0.186074 0.0111878 0.0350617
0.0112 0.207459 0.0909622 0.24358 9.9982E-005 0.052607 0.393992 9.9982E-005
9.9982E-005 0.184231 0.018822 0.0151264 0.0723713 0.35644 0.35281 9.9982E-005
0.104545 0.789471 0.0269034 9.9964E-005 9.9964E-005 9.9964E-005 9.9964E-005 0.0786809
0.0894739 0.455773 0.22249 9.9982E-005 0.0618709 9.9982E-005 0.0270057 0.143187
0.250683 0.481467 9.9982E-005 0.0661612 0.0583109 0.106696 9.9982E-005 0.036481
0.294532 0.207672 9.9973E-005 0.0343124 9.9973E-005 0.338038 9.9973E-005 0.125146
0.0290626 0.134466 0.0483078 9.9982E-005 9.9982E-005 0.245924 0.228024 0.314016
0.058439 0.160432 0.0443474 0.0526219 9.9991E-005 0.467238 0.0782875 0.138534
0.234635 0.217682 9.9982E-005 0.197722 0.0614255 0.21898 9.9982E-005 0.0693554
0.170409 0.000672566 0.0871587 0.028054 9.9982E-005 9.9982E-005 0.558994 0.154512
0.106865 0.434512 9.9964E-005 9.9964E-005 9.9964E-005 0.277171 0.181053 9.9964E-005
0.205337 0.141311 9.9991E-005 0.00827537 0.0907398 0.178802 0.0842906 0.291144
9.9955E-005 9.9955E-005 9.9955E-005 0.122544 9.9955E-005 0.202464 0.674492 9.9955E-005
0.533982 9.9955E-005 9.9955E-005 9.9955E-005 9.9955E-005 0.409809 9.9955E-005 0.0557094
0.140046 0.41795 0.0266676 9.9991E-005 0.00496471 0.187863 0.0189418 0.203466
0.132409 0.627195 9.9973E-005 9.9973E-005 9.9973E-005 0.00883731 0.103275 0.127983
0.215806 0.358504 0.158668 0.0435673 9.9982E-005 0.1833 9.9982E-005 0.0399539
0.221775 0.197696 0.0890748 0.0698061 9.9982E-005 0.278211 9.9982E-005 0.143237
0.0457083 0.349271 0.0620903 9.9982E-005 0.0223712 0.321269 9.9982E-005 0.19909
0.0751604 0.688899 0.103126 0.0108733 9.9982E-005 0.106388 9.9982E-005 0.0153536
0.149715 0.561078 0.0135083 0.103228 9.9982E-005 0.0269535 9.9982E-005 0.145318
0.28517 0.0483796 0.146933 9.9982E-005 9.9982E-005 0.354697 0.110781 0.0538405
9.9973E-005 0.518417 0.0161291 0.144886 9.9973E-005 0.154294 9.9973E-005 0.165974
0.0666377 0.583172 0.210214 9.9964E-005 9.9964E-005 9.9964E-005 9.9964E-005 0.139577
0.00489211 9.9964E-005 9.9964E-005 9.9964E-005 9.9964E-005 0.805997 0.0208322 0.167879
9.9964E-005 0.433528 9.9964E-005 0.204452 9.9964E-005 0.319271 9.9964E-005 0.0423487
0.163637 0.408382 9.9973E-005 0.150091 9.9973E-005 0.172725 9.9973E-005 0.104865
0.0956461 0.478626 9.9964E-005 9.9964E-005 9.9964E-005 9.9964E-005 0.364676 0.0606529
0.179798 0.211391 9.9982E-005 0.0972275 9.9982E-005 0.15122 0.265373 0.0947902
0.0473359 0.537146 0.102944 9.9973E-005 9.9973E-005 0.241906 9.9973E-005 0.0703681
0.145651 0.160462 0.0252815 0.0337037 9.9991E-005 0.107288 0.495954 0.0315595
9.9982E-005 0.381237 0.0703305 0.00521649 0.0759622 0.389305 9.9982E-005 0.0777484
9.9964E-005 0.475871 9.9964E-005 9.9964E-005 9.9964E-005 0.213358 0.308246 0.002125
0.112824 0.575306 0.0925889 9.9991E-005 0.0629186 0.129648 0.00359833 0.0230159
0.101253 9.9973E-005 9.9973E-005 0.167817 9.9973E-005 0.457606 0.0458542 0.22717
0.16212 0.235956 9.9982E-005 9.9982E-005 0.105109 0.170963 0.249921 0.0757316
9.9982E-005 0.0613621 0.144896 0.00934208 9.9982E-005 0.113671 0.434296 0.236233
0.0605346 0.445957 0.0528972 0.0285304 9.9982E-005 0.36867 0.0432113 9.9982E-005
0.207205 0.456904 9.9973E-005 0.094749 9.9973E-005 0.0472977 9.9973E-005 0.193544
0.0946998 0.277645 9.9973E-005 9.9973E-005 9.9973E-005 0.202239 0.290058 0.135059
9.9991E-005 0.447162 0.0977757 0.0843128 0.067011 0.250366 0.00416701 0.0491057
9.9982E-005 0.690538 0.073142 0.0249449 0.0226544 0.131358 9.9982E-005 0.0571619
0.0854254 9.9955E-005 9.9955E-005 0.0332893 9.9955E-005 9.9955E-005 0.880786 9.9955E-005
9.9982E-005 0.472003 0.0608676 0.0196084 0.0501624 0.246913 9.9982E-005 0.150245
0.0533265 0.573997 0.000254255 0.0936318 9.9973E-005 0.278491 9.9973E-005 9.9973E-005
9.9973E-005 0.540403 0.0302407 0.0382945 9.9973E-005 0.316696 9.9973E-005 0.0740659
0.0243305 0.369767 0.144446 0.0962529 9.9991E-005 0.208478 0.00562315 0.151003
0.154456 0.589039 9.9982E-005 0.0954923 9.9982E-005 0.064085 0.0176253 0.0791028
0.142757 0.517239 9.9964E-005 9.9964E-005 9.9964E-005 0.242309 9.9964E-005 0.0972961
9.9964E-005 0.714489 0.111479 9.9964E-005 9.9964E-005 9.9964E-005 0.0664826 0.10715
0.23085 0.409526 0.0366624 0.0694742 9.9982E-005 0.128956 0.124331 9.9982E-005
9.9991E-005 0.0911545 0.023854 0.0256005 0.0599072 0.193167 0.493888 0.112328
0.0601695 0.479498 9.9973E-005 0.108787 9.9973E-005 0.310072 9.9973E-005 0.0411735
0.209079 0.677332 9.9964E-005 0.0543071 9.9964E-005 9.9964E-005 9.9964E-005 0.0588824
0.314401 0.0111369 9.9982E-005 0.096269 9.9982E-005 0.334703 0.116973 0.126317
0.171109 0.0961104 9.9973E-005 0.0691672 9.9973E-005 9.9973E-005 0.453827 0.209486
0.166485 0.42126 0.175055 0.0599713 0.0435944 0.088757 9.9991E-005 0.0447777
9.9973E-005 0.387106 0.164344 9.9973E-005 9.9973E-005 0.163241 0.206365 0.0786442
0.367807 0.489609 0.0208971 9.9982E-005 9.9982E-005 0.105014 0.00526658 0.011207
0.08321 0.269624 0.000481302 0.0228233 0.00560747 0.214296 0.283307 0.120651
9.9991E-005 0.310651 0.0397276 0.0022085 0.12227 0.323403 0.0446507 0.156989
0.0611805 0.0276666 9.9991E-005 0.0354833 0.0508514 0.29583 0.382216 0.146672
9.9973E-005 0.550803 0.0506907 0.0966447 9.9973E-005 0.0764509 0.225111 9.9973E-005
0.311541 0.142954 0.124666 0.0797412 9.9982E-005 0.230525 9.9982E-005 0.110373
9.9973E-005 0.425373 0.0305444 0.102479 9.9973E-005 0.205972 0.235332 9.9973E-005
0.0982321 0.428267 0.053006 0.0292443 9.9982E-005 0.306181 9.9982E-005 0.0848691
0.271506 0.344604 0.0672291 0.0793428 9.9991E-005 0.138514 0.0603195 0.0383852
0.126145 0.148957 0.0739601 0.075147 9.9982E-005 0.372984 9.9982E-005 0.202607
9.9982E-005 0.313175 0.0147186 0.101122 9.9982E-005 0.192655 0.244655 0.133476
0.035833 0.328478 0.0303127 9.9982E-005 0.00518397 0.52441 9.9982E-005 0.0755824
0.26229 0.265551 0.164102 9.9982E-005 0.0495919 0.231338 9.9982E-005 0.0269262
0.140747 0.676215 9.9964E-005 9.9964E-005 0.0543375 9.9964E-005 9.9964E-005 0.128301
0.285057 0.118254 9.9964E-005 9.9964E-005 9.9964E-005 0.0258425 0.570447 9.9964E-005
9.9973E-005 0.0548793 0.026976 0.0180642 0.0262773 9.9973E-005 0.873503 9.9973E-005
0.0814589 0.458655 0.0781076 0.100271 0.0271266 0.0815928 0.0926085 0.0801796
0.16209 0.363125 9.9982E-005 9.9982E-005 0.0656407 0.206629 0.0703227 0.131992
0.180113 0.147738 0.0203167 0.0810018 0.0988965 0.366568 0.0430459 0.0623195
0.0814228 0.261192 0.00706699 9.9991E-005 0.00848537 0.458264 0.116611 0.0668575
0.0104306 0.312117 0.132653 0.0314725 0.0365918 0.249404 0.220341 0.00698995
0.237094 0.37139 0.203056 0.0639975 9.9982E-005 0.0103956 0.113867 9.9982E-005
0.188306 0.289788 0.133637 0.0666336 9.9982E-005 0.11911 9.9982E-005 0.202327
0.173202 0.487582 9.9982E-005 9.9982E-005 0.115185 0.132041 0.0039237 0.0878664
0.297917 0.502936 0.0943451 0.0299505 9.9991E-005 0.0112938 0.0158228 0.0476345
0.0685199 0.577553 0.165792 9.9982E-005 0.0947106 0.031103 9.9982E-005 0.0621215
0.161614 0.665336 0.0793997 9.9982E-005 9.9982E-005 0.0332172 0.0187813 0.0414521
0.312579 0.462438 0.0558627 0.0066587 9.9982E-005 0.117806 9.9982E-005 0.0444553
0.208245 0.0628729 0.0968987 0.135321 9.9982E-005 0.292699 9.9982E-005 0.203764
0.000854514 0.638711 9.9982E-005 0.0563296 0.176429 0.0356791 9.9982E-005 0.0917972
0.0734739 0.535667 0.0938611 0.0870071 9.9991E-005 0.0938175 0.00147587 0.114597
0.0725152 0.312744 0.0736414 9.9982E-005 0.0971377 0.252311 9.9982E-005 0.191451
0.143927 0.355445 0.0993503 9.9964E-005 9.9964E-005 0.400878 9.9964E-005 9.9964E-005
0.0575912 0.483331 0.0747843 0.0386407 0.00691264 9.9991E-005 0.19234 0.1463
0.0832625 0.0478873 0.119416 0.109249 0.0328559 9.9991E-005 0.558507 0.0487217
0.164384 0.190139 0.0172471 9.9982E-005 9.9982E-005 0.168299 0.390045 0.069686
9.9964E-005 0.122149 9.9964E-005 0.077512 9.9964E-005 9.9964E-005 0.747334 0.0526052
0.166627 0.378376 0.179852 9.9973E-005 9.9973E-005 0.274514 9.9973E-005 0.000331184
0.116119 0.045076 0.0655339 9.9973E-005 9.9973E-005 9.9973E-005 0.739823 0.0331489
0.0814284 9.9973E-005 0.0502308 0.129412 9.9973E-005 0.110081 0.628548 9.9973E-005
0.181651 0.327447 9.9973E-005 0.0541574 9.9973E-005 0.296735 9.9973E-005 0.13971
0.120899 0.428097 0.16421 0.102716 9.9991E-005 0.0640323 0.0202517 0.0996939
0.116075 0.351246 0.037584 0.0554305 0.0688757 0.234693 9.9991E-005 0.135996
9.9973E-005 0.0998465 9.9973E-005 9.9973E-005 0.00830442 0.152176 0.66383 0.0755432
0.249259 0.536174 0.0153512 9.9973E-005 9.9973E-005 0.135161 9.9973E-005 0.0637554
0.0780337 0.0736905 9.9982E-005 0.0441872 9.9982E-005 0.290672 0.364148 0.149069
0.00597338 0.441269 0.236849 9.9973E-005 9.9973E-005 0.0634589 9.9973E-005 0.252149
9.9964E-005 9.9964E-005 0.0962521 9.9964E-005 0.0138713 0.149011 0.740466 9.9964E-005
0.0489367 0.309253 0.134791 0.0593301 0.0270871 0.217538 0.1287 0.0743638
0.201188 0.617658 0.0174088 0.0133285 9.9991E-005 0.0610453 0.0117211 0.0775502
0.188731 0.643108 0.0412212 0.0626289 9.9982E-005 0.0217197 9.9982E-005 0.0423913
0.0875805 0.422686 0.0534663 9.9982E-005 0.0580241 0.233228 9.9982E-005 0.144815
9.9973E-005 0.197838 0.00010536 0.102444 9.9973E-005 9.9973E-005 0.658255 0.0410575
0.130356 0.243434 0.0473448 0.124046 9.9982E-005 0.29693 0.157689 9.9982E-005
0.242165 0.0328683 0.190338 0.0298392 9.9991E-005 0.0796115 0.356572 0.0685062
0.437334 0.228305 0.0603923 0.0313604 9.9973E-005 9.9973E-005 9.9973E-005 0.242308
9.9964E-005 0.00643413 0.109953 9.9964E-005 9.9964E-005 0.193844 0.689369 9.9964E-005
0.209418 0.11931 0.0119228 0.00393877 0.228115 0.290458 0.0620592 0.0747774
0.221368 9.9964E-005 9.9964E-005 0.0790028 9.9964E-005 0.428752 0.270477 9.9964E-005
0.224884 0.369291 0.0705162 9.9982E-005 0.0539857 0.198139 9.9982E-005 0.0829844
0.146814 0.0716082 0.0565741 0.0886679 9.9991E-005 0.47055 0.152156 0.0135302
0.34981 0.0630703 9.9964E-005 9.9964E-005 9.9964E-005 0.0655533 0.521167 9.9964E-005
0.258803 0.368388 0.138526 0.0267579 0.0752513 0.0132499 9.9991E-005 0.118925
0.162535 0.341364 0.0574302 0.13506 9.9982E-005 0.162185 9.9982E-005 0.141226
0.323791 0.24974 0.0638408 0.0404677 9.9982E-005 0.310937 9.9982E-005 0.0110234
0.213569 0.36689 0.150278 9.9973E-005 0.053577 0.215386 9.9973E-005 9.9973E-005
9.9973E-005 0.135716 0.0971445 9.9973E-005 9.9973E-005 0.293027 0.329565 0.144248
0.0673147 0.348018 0.112473 9.9982E-005 0.0828927 0.332586 9.9982E-005 0.0565163
0.223351 0.648824 0.0887313 0.00871111 0.0300817 9.9973E-005 9.9973E-005 9.9973E-005
9.9982E-005 0.76475 0.0512181 9.9982E-005 0.0270834 0.049466 0.0378231 0.0694599
9.9982E-005 0.194605 0.051737 0.186487 9.9982E-005 0.0815014 0.434012 0.0514576
9.9982E-005 0.240514 0.0782716 0.0749708 9.9982E-005 0.296637 0.202911 0.106495
0.457529 0.442248 0.038153 9.9982E-005 9.9982E-005 0.00814483 0.0515362 0.00218841
0.0201855 9.9991E-005 0.0734468 0.0204899 0.0944085 0.528107 0.040727 0.222535
0.0845041 0.250028 0.00611065 0.0489848 9.9991E-005 0.363715 0.152175 0.0943825
0.0323916 0.318386 0.0616445 0.11521 0.0165687 0.428436 9.9991E-005 0.0272628
9.9991E-005 0.14273 0.108668 0.0510768 0.0113238 0.339381 0.273854 0.0728668
0.143915 0.0268325 0.0762807 9.9991E-005 0.00562975 0.394593 0.041871 0.310778
0.0623411 0.128779 0.0310249 0.0217688 9.9982E-005 0.379473 0.376413 9.9982E-005
0.178194 0.623877 9.9973E-005 0.181967 0.0045266 9.9973E-005 9.9973E-005 0.0111347
9.9964E-005 0.659025 0.220678 9.9964E-005 9.9964E-005 0.0773112 9.9964E-005 0.0425864
0.11411 0.5836 0.0646526 0.0556737 9.9982E-005 0.141289 9.9982E-005 0.0404752
0.0530941 0.616126 0.128188 0.0605784 9.9991E-005 0.0232664 0.00758534 0.111061
0.439557 0.226356 0.0618681 0.0808041 9.9973E-005 9.9973E-005 9.9973E-005 0.191115
0.234865 0.397218 0.173379 9.9982E-005 0.0340048 9.9982E-005 0.0100149 0.150318
9.9982E-005 0.267258 0.0317122 0.0135677 0.00963427 0.391658 0.28597 9.9982E-005
0.0725554 0.234618 9.9973E-005 0.0314677 9.9973E-005 0.593049 9.9973E-005 0.0680095
0.132292 0.601714 0.0815725 9.9973E-005 9.9973E-005 0.14377 9.9973E-005 0.0403523
0.0878543 0.694391 9.9973E-005 0.0761736 9.9973E-005 9.9973E-005 0.0582071 0.0830739
0.02252 0.329051 9.9982E-005 9.9982E-005 0.0989718 0.317156 0.0659677 0.166133
0.131986 0.0523386 9.9982E-005 9.9982E-005 0.0991028 0.458515 0.193516 0.0643415
0.342785 0.239185 0.0605257 9.9982E-005 0.0532678 0.149715 9.9982E-005 0.154321
0.156371 0.523885 0.108267 0.108702 0.0214139 0.013852 0.0354854 0.0320244
0.0622035 9.9973E-005 9.9973E-005 0.0782955 9.9973E-005 0.0416545 0.763825 0.0537221
0.0472072 0.130513 0.11587 0.0102685 9.9991E-005 0.0555752 0.598614 0.0418526
0.0637866 0.437164 0.182292 0.0922741 9.9982E-005 0.0919934 9.9982E-005 0.13229
0.251761 0.275267 0.090176 0.0790609 0.26738 9.9982E-005 9.9982E-005 0.0361554
0.267255 9.9973E-005 9.9973E-005 0.104291 0.41607 0.210877 0.00120763 9.9973E-005
0.0342396 0.412113 0.0369071 0.138047 0.336175 0.0423183 9.9982E-005 9.9982E-005
0.178938 0.4866 0.116089 0.0794532 0.0347996 0.100466 0.00333227 0.000322177
0.403321 0.0936961 0.0180615 0.0355016 0.449119 9.9973E-005 9.9973E-005 9.9973E-005
0.335692 0.101481 0.0709209 0.11315 0.327076 9.9982E-005 0.0514803 9.9982E-005
9.9982E-005 0.264753 0.0239139 0.016393 0.559345 0.106359 0.0290364 9.9982E-005
0.316633 9.9973E-005 0.195918 0.0713463 0.39425 9.9973E-005 0.0215531 9.9973E-005
0.31464 0.0650025 0.08303 0.0797149 0.289217 0.147165 0.0211306 9.9991E-005
0.103436 0.23585 0.0689647 0.214809 0.26846 0.0257618 9.9991E-005 0.082619
0.170583 0.23229 0.020979 0.189097 0.154127 0.134622 9.9991E-005 0.098202
0.317288 0.134969 9.9973E-005 0.0423484 0.424907 0.0801879 9.9973E-005 9.9973E-005
0.220194 0.376 0.0839416 9.9991E-005 0.182794 0.0728875 0.00702452 0.0570583
0.49801 0.0273663 0.157596 0.0423052 0.227561 9.9991E-005 0.00549011 0.041571
0.302577 0.186822 0.0682108 0.0674673 0.359503 9.9982E-005 9.9982E-005 0.0152201
0.253605 0.0329495 9.9982E-005 0.0576608 0.435881 0.196522 0.0231822 9.9982E-005
0.129505 0.328531 0.134707 0.102377 0.270347 0.0343326 9.9982E-005 9.9982E-005
0.259063 0.157974 0.0538567 0.0930003 0.231627 0.180563 9.9991E-005 0.0238165
9.9991E-005 0.00743107 0.106652 0.0575811 0.0115654 0.00169022 0.718724 0.0962556
0.478347 0.0662681 0.191884 0.0815769 0.129762 9.9991E-005 0.00592139 0.0461412
0.431155 0.136828 0.0451033 0.0517856 0.197493 0.0630813 9.9991E-005 0.0744536
0.214085 0.341637 9.9982E-005 0.100695 9.9982E-005 0.18917 0.0882007 0.0660127
0.182632 0.0704773 0.0129205 0.177497 0.549563 9.9982E-005 0.00670929 9.9982E-005
0.271862 9.9973E-005 0.0913748 0.158704 0.316714 9.9973E-005 9.9973E-005 0.161045
9.9982E-005 0.115549 0.19757 0.0632861 0.107157 0.402661 9.9982E-005 0.113578
0.279004 0.147803 0.0631304 0.125042 0.380573 9.9982E-005 0.00424807 9.9982E-005
0.290556 0.203809 9.9973E-005 0.124779 0.219928 0.160628 9.9973E-005 9.9973E-005
0.276465 0.025088 0.110221 0.073596 0.300611 0.163663 9.9991E-005 0.0502563
0.164503 0.0962497 0.0829709 0.219519 0.298386 0.10364 0.0346308 9.9991E-005
0.113372 9.9991E-005 0.0997967 0.142564 0.451563 0.0943296 0.0154303 0.0828441
0.185953 0.0736993 0.153771 0.136842 0.422666 9.9982E-005 9.9982E-005 0.0268684
9.994E-005 9.994E-005 9.994E-005 0.9993 9.994E-005 9.994E-005 9.994E-005 9.994E-005
0.295461 0.105261 0.159887 0.111301 0.264738 9.9991E-005 0.0210975 0.0421536
0.145611 0.233569 0.169612 0.0923955 0.358513 9.9973E-005 9.9973E-005 9.9973E-005
0.186708 0.00710929 9.9991E-005 0.0890829 0.434881 0.201441 0.0481855 0.0324924
0.0443662 0.0128704 0.111961 0.0286043 0.518116 0.250183 9.9991E-005 0.0337984
0.107325 0.106653 0.140921 9.9991E-005 0.436403 0.0373584 0.0839911 0.0872493
0.213772 0.404402 0.17845 0.0979255 9.9982E-005 0.0743648 9.9982E-005 0.0308856
0.300733 0.0835477 0.0513925 0.11743 0.437607 9.9982E-005 9.9982E-005 0.00909021
0.366533 0.241404 0.0281539 0.00511437 0.306988 9.9991E-005 0.026239 0.0254678
0.22675 0.191166 9.9982E-005 0.0522542 0.354704 0.0445159 9.9982E-005 0.13041
9.9973E-005 0.23637 0.0679673 9.9973E-005 0.392033 0.262882 9.9973E-005 0.0404476
9.994E-005 9.994E-005 9.994E-005 0.9993 9.994E-005 9.994E-005 9.994E-005 9.994E-005
0.245583 0.350311 0.18779 0.0560534 9.9991E-005 0.124183 0.0243371 0.011643
0.144237 0.144941 0.198361 0.192807 0.319355 9.9973E-005 9.9973E-005 9.9973E-005
0.0772459 0.196197 9.9991E-005 0.00848602 0.0169075 0.389474 0.197701 0.113888
0.23486 0.21459 0.0650674 0.160884 0.0614307 0.194025 9.9991E-005 0.0690439
0.284635 0.325498 9.9982E-005 9.9982E-005 0.0852333 0.201896 0.01727 0.0852674
0.345719 0.128355 0.13426 0.0646835 0.291555 9.9982E-005 0.0352287 9.9982E-005
0.461716 0.133533 0.0913031 0.0280289 0.267669 9.9991E-005 0.013049 0.00460154
0.294302 9.9973E-005 0.206816 0.145177 0.327782 9.9973E-005 0.0256236 9.9973E-005
0.132409 0.191001 9.9982E-005 0.176492 0.330754 0.120133 9.9982E-005 0.0490108
0.0290089 0.177009 0.127067 0.105155 0.368156 0.164388 9.9991E-005 0.0291167
0.320749 0.164186 9.9982E-005 0.0207234 0.434607 0.0356567 0.0238771 9.9982E-005
0.230761 0.261451 9.9973E-005 0.00853326 0.425248 9.9973E-005 9.9973E-005 0.0737062
0.104905 0.128766 9.9973E-005 0.22809 0.450209 0.0877304 9.9973E-005 9.9973E-005
0.244819 0.200055 0.0164352 0.309148 0.229242 9.9973E-005 9.9973E-005 9.9973E-005
9.9973E-005 0.106696 0.575409 0.142936 9.9973E-005 0.147203 0.0274565 9.9973E-005
0.0708261 0.25605 9.9973E-005 0.135381 0.503598 0.0338449 9.9973E-005 9.9973E-005
9.9973E-005 0.261346 0.06709 0.108486 0.538335 9.9973E-005 0.0244433 9.9973E-005
0.308261 0.0193755 0.110477 0.115498 0.392035 9.9991E-005 0.0536952 0.000557984
0.460545 9.9964E-005 0.0300226 9.9964E-005 0.442781 9.9964E-005 9.9964E-005 0.0662514
0.257991 0.371581 0.00655363 0.0477341 0.0267005 0.11787 9.9991E-005 0.17147
9.9982E-005 0.274754 0.0511621 0.044632 0.501155 0.117066 9.9982E-005 0.0110307
0.0677875 0.352758 9.9991E-005 0.0573771 0.0728807 0.241788 0.140021 0.0672871
0.386163 0.0186922 0.185411 0.0400088 0.331855 9.9982E-005 0.0376704 9.9982E-005
9.9982E-005 0.178337 0.0244333 0.0893609 0.534581 0.125692 0.0473959 9.9982E-005
0.135067 0.234887 0.111245 0.0732594 9.9991E-005 0.282545 0.0884372 0.0744599
0.193814 0.18853 0.114105 0.0477182 0.37873 9.9982E-005 0.0769025 9.9982E-005
0.149754 0.148544 9.9982E-005 0.125689 0.404655 0.166481 0.00467644 9.9982E-005
9.9955E-005 9.9955E-005 0.604648 0.159982 0.23487 9.9955E-005 9.9955E-005 9.9955E-005
0.240472 0.0342378 0.193922 9.9973E-005 0.394573 0.136495 9.9973E-005 9.9973E-005
0.0895318 0.144633 0.0893948 0.136638 0.27213 0.132248 0.0215765 0.113847
0.0908952 0.14343 0.0010754 0.0699101 0.461183 0.233306 9.9982E-005 9.9982E-005
0.181952 0.237743 0.053769 0.0579721 0.439843 9.9982E-005 0.0285213 9.9982E-005
0.170456 0.258143 0.0490464 0.139953 0.27086 9.9991E-005 0.0050628 0.106378
0.188585 0.321763 0.0771893 0.114661 0.156096 0.092279 0.00157316 0.0478546
0.366408 0.111809 0.0650689 0.131651 0.290492 9.99837E-005 9.99837E-005 0.0343709
0.167053 0.160581 0.0529185 0.0934348 0.266485 0.185626 0.00405584 0.0698465
9.9955E-005 9.9955E-005 9.9955E-005 9.9955E-005 0.0168691 0.266963 0.715668 9.9955E-005
0.37235 0.131383 0.105333 9.9982E-005 0.267333 0.106745 0.0166565 9.9982E-005
0.114717 0.462296 0.0915972 0.0553808 0.0465513 0.0325604 0.137365 0.0595322
0.0889484 9.9991E-005 0.132778 0.181808 0.456685 0.100089 0.00439932 0.035192
0.437544 9.9973E-005 0.254323 9.9973E-005 0.160992 0.0602479 9.9973E-005 0.086593
0.182027 0.419294 0.0953821 9.9982E-005 0.258666 0.0435523 0.000879211 9.9982E-005
0.281667 0.60242 0.0354766 0.0800374 9.9964E-005 9.9964E-005 9.9964E-005 9.9964E-005
0.302618 0.159742 0.0135242 0.24522 0.224616 0.0502077 9.9991E-005 0.00397213
0.276605 0.231479 0.0453979 0.0278271 0.397437 9.9991E-005 0.000661128 0.0204921
0.253994 0.160185 9.9982E-005 0.108963 0.378597 0.0692172 9.9982E-005 0.0288442
0.132709 0.173102 0.0226084 0.281424 0.351883 0.00485744 0.02647 0.006946
0.0522532 0.32181 0.146679 0.109766 0.0586276 0.175437 9.9991E-005 0.135327
0.0929952 9.9982E-005 0.142184 0.220496 0.334088 0.167423 9.9982E-005 0.0426139
0.0367669 0.0481958 0.0401719 0.152007 0.309913 0.412746 9.9982E-005 9.9982E-005
0.166726 0.198846 9.9973E-005 0.166767 0.248751 0.218609 9.9973E-005 9.9973E-005
0.0293814 0.621182 0.0960342 9.9991E-005 0.0337181 0.117145 0.0451603 0.0572785
0.20124 0.0788252 0.0281389 0.117929 0.40939 0.134776 9.9991E-005 0.0296025
0.240516 0.0169468 0.0359754 0.0946812 0.36457 0.177909 9.9991E-005 0.0693009
0.208331 0.186041 0.0762868 0.281816 0.247225 9.9973E-005 9.9973E-005 9.9973E-005
0.226746 0.191418 0.159672 0.0311888 0.277373 0.113403 9.9982E-005 9.9982E-005
0.0841599 0.281959 0.0372608 9.9973E-005 9.9973E-005 0.333767 9.9973E-005 0.262553
9.9964E-005 9.9964E-005 9.9964E-005 0.00532922 0.00970741 0.173753 0.810811 9.9964E-005
9.9973E-005 0.123015 0.136054 0.162705 0.357761 0.220165 9.9973E-005 9.9973E-005
0.453475 0.1974 0.0702408 0.0948697 0.172 9.9982E-005 9.9982E-005 0.0118135
9.9973E-005 0.32976 0.190285 0.178409 0.236553 9.9973E-005 9.9973E-005 0.0646946
0.294646 9.9982E-005 0.160726 0.1291 0.278856 0.0794164 9.9982E-005 0.0570557
0.475702 9.9964E-005 0.0965913 9.9964E-005 0.38795 9.9964E-005 0.0393566 9.9964E-005
0.307412 0.0689086 0.057425 0.124531 0.296141 0.130237 9.9991E-005 0.015245
0.289055 9.9973E-005 0.0736715 0.0942845 0.41879 0.123899 9.9973E-005 9.9973E-005
9.9973E-005 0.215382 9.9973E-005 0.203248 0.505042 9.9973E-005 0.0595299 0.0164983
0.225395 0.151738 0.0298077 0.0221335 0.46524 0.0772901 0.0282967 9.9991E-005
0.405681 0.111007 0.0870253 0.187961 0.12204 0.0723127 9.9991E-005 0.0138732
0.0061406 0.352758 0.106191 0.059193 0.108021 0.166223 9.9991E-005 0.201374
0.0732482 0.0783639 0.211988 0.107899 0.48481 0.043491 9.9982E-005 9.9982E-005
0.119591 0.169157 0.142644 0.290214 0.235833 9.9982E-005 9.9982E-005 0.0423607
0.101382 0.623228 0.114071 0.00324759 0.0160435 9.9982E-005 9.9982E-005 0.141828
0.150477 9.9991E-005 0.158693 0.0781134 0.353689 0.170369 0.0251119 0.0634467
0.0899805 0.339469 0.0547469 0.00474851 9.9982E-005 0.302439 9.9982E-005 0.208416
0.0115654 0.275702 0.0804164 0.151419 0.32903 9.9991E-005 0.0026162 0.149151
0.132106 0.209053 0.0627117 9.9973E-005 0.466117 0.129713 9.9973E-005 9.9973E-005
0.179174 0.211975 0.16699 0.134137 9.9982E-005 0.270138 9.9982E-005 0.0373856
0.326533 0.0200441 0.0830914 0.00356164 0.360398 0.153212 9.9991E-005 0.0530596
0.378008 0.179431 9.9973E-005 0.00275801 0.241157 9.9973E-005 9.9973E-005 0.198346
0.736942 9.9955E-005 0.0397562 9.9955E-005 0.222802 9.9955E-005 9.9955E-005 9.9955E-005
0.529937 9.9946E-005 9.9946E-005 9.9946E-005 9.9946E-005 9.9946E-005 0.469463 9.9946E-005
0.344657 0.0683083 0.100893 0.0591371 0.386268 9.9982E-005 0.0405369 9.9982E-005
0.325677 0.129726 0.0425315 0.168341 0.313209 0.0203165 9.9982E-005 9.9982E-005
0.157628 0.0691948 0.120201 0.100185 0.411718 0.140873 9.9982E-005 9.9982E-005
0.147866 0.138522 0.00873833 0.0312116 0.41958 0.192634 0.0220899 0.039359
