0.412266 9.9973E-005 9.9973E-005 9.9973E-005 0.244769 0.0801377 0.181039 0.0814881
0.304363 0.0868441 0.153494 0.0348651 0.0536728 9.9991E-005 0.159628 0.207033
0.207431 9.9982E-005 9.9982E-005 0.0624031 0.0245109 0.0244925 0.225608 0.455354
0.447388 0.0912287 0.0894445 0.058634 9.9982E-005 9.9982E-005 0.0349617 0.278143
0.497427 0.00909123 0.0231888 9.9991E-005 0.0867063 0.0336585 0.110453 0.239375
9.9955E-005 9.9955E-005 9.9955E-005 0.791446 9.9955E-005 0.0343124 9.9955E-005 0.173742
0.366866 0.0288396 9.9982E-005 9.9982E-005 0.102178 0.145702 0.0747023 0.281513
0.0237919 0.0884694 0.0254099 0.85703 0.00499835 9.9973E-005 9.9973E-005 9.9973E-005
0.234861 9.9982E-005 0.00514433 9.9982E-005 0.221653 0.0719416 0.0938582 0.372342
0.0820336 9.9982E-005 0.107904 9.9982E-005 0.104136 0.0933718 0.227647 0.384707
0.342896 9.9973E-005 0.0752182 9.9973E-005 0.104326 9.9973E-005 0.0675761 0.409684
0.260725 9.9982E-005 0.146717 0.184337 0.0734753 9.9982E-005 0.0067729 0.327773
0.163055 9.9964E-005 9.9964E-005 9.9964E-005 0.528109 9.9964E-005 0.148937 0.159499
0.234171 9.9991E-005 0.0498927 0.0349596 0.135309 0.0298954 0.029244 0.486428
9.9955E-005 9.9955E-005 0.0705062 0.540323 9.9955E-005 9.9955E-005 9.9955E-005 0.388671
0.214327 0.026397 9.9982E-005 0.00543736 0.164302 9.9982E-005 0.259443 0.329894
0.293829 9.9973E-005 0.0355092 0.158728 0.229145 9.9973E-005 9.9973E-005 0.282489
0.410641 0.0895619 0.0422924 9.9991E-005 0.25007 0.0486588 0.105205 0.0534706
0.310698 0.0929532 0.0731477 0.0500818 0.193469 9.9982E-005 9.9982E-005 0.27945
0.568673 9.9955E-005 9.9955E-005 9.9955E-005 9.9955E-005 9.9955E-005 0.218861 0.211966
0.507476 0.172896 9.9964E-005 9.9964E-005 0.185963 9.9964E-005 9.9964E-005 0.133266
0.325734 9.9982E-005 0.0747051 0.081212 0.250599 9.9982E-005 0.0827647 0.184786
0.287005 9.9973E-005 0.11009 9.9973E-005 0.0578456 9.9973E-005 0.0654311 0.479328
9.99706E-005 9.99706E-005 0.031008 0.562802 9.99706E-005 9.99706E-005 0.136201 0.269589
0.362464 0.17034 9.9973E-005 9.9973E-005 0.308742 9.9973E-005 0.119505 0.0386489
0.0695174 9.9964E-005 0.0943137 0.633146 9.9964E-005 9.9964E-005 9.9964E-005 0.202623
0.240013 0.113537 9.9973E-005 0.472978 9.9973E-005 0.0106249 9.9973E-005 0.162547
0.44359 0.0694919 9.9964E-005 0.271143 9.9964E-005 9.9964E-005 9.9964E-005 0.215375
9.9964E-005 9.9964E-005 9.9964E-005 0.603958 9.9964E-005 0.0393879 0.0675034 0.288751
0.345238 9.9973E-005 9.9973E-005 0.0872274 0.106532 0.0103891 9.9973E-005 0.450313
0.0906222 9.9982E-005 9.9982E-005 0.436483 0.248112 0.116733 0.0794253 0.0284246
0.335473 9.9982E-005 0.00994627 9.9982E-005 0.112637 0.103329 0.0927064 0.345708
0.0557156 0.068031 9.9982E-005 0.137416 0.0422218 9.9982E-005 0.0256832 0.670732
0.0823412 9.9964E-005 9.9964E-005 0.782194 9.9964E-005 0.0391012 9.9964E-005 0.095964
9.9955E-005 0.0901876 9.9955E-005 0.862976 9.9955E-005 0.0463368 9.9955E-005 9.9955E-005
0.202708 9.9982E-005 9.9982E-005 0.125065 0.125274 0.101967 0.129449 0.315338
0.358225 9.9973E-005 0.0611874 0.121317 0.233961 9.9973E-005 9.9973E-005 0.225009
0.242841 0.13303 9.9973E-005 9.9973E-005 0.355138 9.9973E-005 0.0418684 0.226823
9.9964E-005 9.9964E-005 9.9964E-005 0.698043 9.9964E-005 0.0562641 0.229764 0.0155296
0.116123 0.0668153 0.008102 0.411154 0.0961429 9.9991E-005 0.225849 0.0757141
0.0519437 0.104767 0.0809871 0.196008 0.251584 9.9982E-005 9.9982E-005 0.314511
0.218266 0.0732764 9.9964E-005 9.9964E-005 0.0968035 9.9964E-005 9.9964E-005 0.611254
0.491155 0.00577787 9.9982E-005 0.13139 0.105699 9.9982E-005 0.135902 0.129876
0.0707023 0.0135894 0.0514289 0.53052 0.128273 9.9991E-005 0.12618 0.0792066
0.280346 9.9973E-005 9.9973E-005 9.9973E-005 0.244117 0.295921 0.0125746 0.166742
0.108799 0.0131739 0.0378906 9.9982E-005 0.563383 9.9982E-005 0.25564 0.0209136
0.431671 0.0877571 0.0399512 0.0247759 0.0699904 9.9991E-005 0.144239 0.201515
0.2228 0.0637076 0.0662511 0.0532292 0.00615811 9.9991E-005 0.0947156 0.493039
0.12864 9.9982E-005 9.9982E-005 0.0121962 0.354005 0.0993274 0.176777 0.228855
0.107823 9.9973E-005 9.9973E-005 0.481817 0.0753547 0.00514051 9.9973E-005 0.329564
0.309923 0.0381422 0.0522463 9.9982E-005 9.9982E-005 0.0134988 0.1075 0.47849
0.0916043 9.9982E-005 0.0416938 0.394443 9.9982E-005 0.108554 0.173802 0.189703
0.0753974 9.9973E-005 0.1258 9.9973E-005 0.369916 9.9973E-005 0.196858 0.23173
9.9955E-005 0.0662491 9.9955E-005 0.834267 9.9955E-005 9.9955E-005 0.0989841 9.9955E-005
9.9982E-005 9.9982E-005 0.00650796 0.311457 0.032178 0.0660937 0.15372 0.429843
0.50992 9.9973E-005 9.9973E-005 9.9973E-005 0.146363 0.0810827 0.146614 0.11572
0.494148 9.9973E-005 9.9973E-005 9.9973E-005 0.121126 0.0421814 0.195598 0.146646
0.353545 9.9982E-005 0.0531778 0.134602 0.139985 9.9982E-005 0.0495692 0.26892
0.175997 9.9982E-005 9.9982E-005 0.263382 0.0842 0.0360169 0.143409 0.296795
0.359547 9.9964E-005 9.9964E-005 0.34508 0.140182 9.9964E-005 9.9964E-005 0.15479
9.9973E-005 0.0371976 9.9973E-005 0.815938 0.0667606 0.0790569 0.000747255 9.9973E-005
9.9964E-005 0.0488774 9.9964E-005 0.831577 9.9964E-005 9.9964E-005 0.0235673 0.095578
0.457502 0.191161 9.9982E-005 0.0573982 0.236938 9.9982E-005 0.00217313 0.0546274
9.9946E-005 9.9946E-005 9.9946E-005 0.972944 9.9946E-005 9.9946E-005 0.0264567 9.9946E-005
0.179719 9.9982E-005 0.0882384 0.00256919 0.30841 0.0254687 9.9982E-005 0.395394
0.0715066 0.0158912 0.0215381 0.81732 0.0698474 9.9982E-005 9.9982E-005 0.00369674
0.200701 9.9982E-005 0.00551573 9.9982E-005 0.307889 0.107387 0.129392 0.248915
0.178608 9.9991E-005 0.161062 0.155832 0.112771 0.00166789 0.00679435 0.383164
0.380277 0.0251046 0.0365775 9.9982E-005 0.37913 9.9982E-005 0.0701429 0.108568
9.9955E-005 9.9955E-005 0.00350537 0.652429 9.9955E-005 9.9955E-005 9.9955E-005 0.343566
0.398248 9.9982E-005 0.164451 0.0127159 0.139729 0.0835977 0.201057 9.9982E-005
0.350303 9.9982E-005 0.0482149 0.0538031 0.352407 9.9982E-005 0.140222 0.0548501
0.201921 0.00739639 0.00403529 0.200774 0.157924 0.0511019 0.0782598 0.298587
0.0936905 9.9982E-005 0.0373124 9.9982E-005 0.21522 0.263042 0.0234104 0.367125
0.499691 9.9982E-005 0.0638078 0.0813646 9.9982E-005 0.102466 0.103222 0.149249
0.27268 9.9982E-005 9.9982E-005 0.380203 0.107405 0.123783 0.0416221 0.074107
0.255458 0.000716545 0.0492457 9.9982E-005 0.0388858 9.9982E-005 0.231724 0.42377
0.0952066 0.117335 0.00557317 0.142692 0.130454 9.9991E-005 0.22709 0.281549
0.00873053 9.9991E-005 0.000417825 0.0929542 0.292944 0.0714598 0.0465539 0.48684
0.394754 0.196031 9.9982E-005 0.0263501 0.110056 9.9982E-005 0.099703 0.172906
0.204621 9.9973E-005 0.126453 9.9973E-005 0.256811 9.9973E-005 0.192915 0.2189
0.33331 0.0110536 0.0259331 9.9991E-005 0.0188303 0.0291282 0.138295 0.44335
0.432131 9.9991E-005 0.114681 0.0545256 0.135013 0.0074724 0.167674 0.088403
0.550315 9.9982E-005 0.0332274 9.9982E-005 0.0512317 0.155624 0.0853274 0.124074
0.21176 9.9982E-005 0.00334036 9.9982E-005 0.119471 0.0282896 0.15276 0.48418
0.0644613 9.9982E-005 0.0847993 0.0983984 0.281009 9.9982E-005 0.162947 0.308184
0.0877614 0.0382971 9.9973E-005 0.208754 9.9973E-005 9.9973E-005 0.100514 0.564374
0.0351806 0.00280046 9.9973E-005 0.162871 9.9973E-005 9.9973E-005 0.165617 0.633231
0.0282432 9.99551E-005 9.99551E-005 0.895676 9.99551E-005 9.99551E-005 0.0755815 9.99551E-005
0.110688 9.9991E-005 0.0103125 0.1961 0.173334 0.0240709 0.0953239 0.39007
9.9982E-005 0.0731239 0.116194 0.029022 0.319337 9.9982E-005 0.0834537 0.378669
9.9973E-005 0.0261383 9.9973E-005 0.477381 0.217462 9.9973E-005 0.00767311 0.271046
0.309613 0.0151747 0.0741368 0.0510602 0.193567 9.9991E-005 0.0719699 0.284379
0.538605 9.9973E-005 9.9973E-005 0.231911 0.0213565 9.9973E-005 0.0415288 0.166299
0.195538 9.99641E-005 0.0654335 0.427941 9.99641E-005 9.99641E-005 9.99641E-005 0.310687
9.9955E-005 9.9955E-005 0.111188 0.866232 9.9955E-005 9.9955E-005 0.0220801 9.9955E-005
0.16505 9.9982E-005 0.0625536 0.0831687 0.208226 9.9982E-005 0.17542 0.305382
0.0109845 9.9982E-005 9.9982E-005 0.014361 0.272513 0.138541 0.111054 0.452347
0.507511 9.9982E-005 0.0639012 0.0841584 0.120953 9.9982E-005 0.146336 0.0769412
0.608683 0.0227803 9.9964E-005 0.203851 9.9964E-005 9.9964E-005 9.9964E-005 0.164286
0.0494804 9.9982E-005 0.082394 0.483855 0.290724 9.9982E-005 0.00323004 0.0901164
0.363466 0.0282211 0.0988633 0.0341671 0.039569 9.9991E-005 0.0625726 0.373041
0.217117 9.9973E-005 9.9973E-005 9.9973E-005 0.247047 0.0654396 0.248884 0.221213
0.546547 9.9973E-005 0.197784 9.9973E-005 0.0885601 9.9973E-005 0.0453125 0.121496
0.263088 0.029673 0.0202151 9.9991E-005 0.151812 0.034694 0.203701 0.296717
9.9964E-005 9.9964E-005 0.00901352 0.695474 9.9964E-005 9.9964E-005 0.102621 0.192492
0.109728 0.0081192 0.120326 0.464572 9.9982E-005 0.101135 9.9982E-005 0.19592
0.496333 9.9964E-005 9.9964E-005 9.9964E-005 9.9964E-005 0.0268902 0.242383 0.233993
0.275303 9.9973E-005 0.0514451 9.9973E-005 0.287606 9.9973E-005 0.100011 0.285335
0.392824 0.00141464 0.0177547 9.9982E-005 0.1563 9.9982E-005 0.0422405 0.389266
0.00396043 9.9973E-005 9.9973E-005 0.432134 0.143829 0.0992436 9.9973E-005 0.320533
0.0401371 9.9946E-005 9.9946E-005 0.959263 9.9946E-005 9.9946E-005 9.9946E-005 9.9946E-005
0.200828 9.9955E-005 9.9955E-005 0.346941 9.9955E-005 9.9955E-005 9.9955E-005 0.451731
0.476877 0.143792 9.9964E-005 9.9964E-005 0.0283775 9.9964E-005 9.9964E-005 0.350553
0.600067 9.9973E-005 0.0979342 0.119347 0.167538 9.9973E-005 9.9973E-005 0.0148144
0.522564 9.9973E-005 9.9973E-005 0.0115853 0.1911 0.0918503 0.1826 9.9973E-005
0.418566 0.0353794 0.052404 9.9982E-005 0.122757 9.9982E-005 0.147659 0.223035
9.9946E-005 0.100277 9.9946E-005 0.899123 9.9946E-005 9.9946E-005 9.9946E-005 9.9946E-005
0.649505 0.0309321 0.142611 9.9982E-005 0.0127612 0.0101156 9.9982E-005 0.153875
0.349709 0.0144915 9.9973E-005 9.9973E-005 0.150703 9.9973E-005 0.255809 0.228988
0.493641 9.9973E-005 9.9973E-005 0.0764206 0.146869 9.9973E-005 0.16926 0.113509
9.9955E-005 9.9955E-005 0.0761676 0.532384 9.9955E-005 9.9955E-005 9.9955E-005 0.390948
0.257717 0.141649 9.9973E-005 9.9973E-005 0.147918 9.9973E-005 0.0115057 0.440911
0.232189 9.9973E-005 9.9973E-005 9.9973E-005 0.104487 0.0594675 0.108403 0.495154
0.477434 0.00933004 0.0406793 9.9982E-005 0.261338 9.9982E-005 0.119896 0.0911229
0.2328 9.9982E-005 0.147723 0.0514786 0.18251 9.9982E-005 0.0888203 0.296468
0.0615902 9.9982E-005 0.121983 0.616029 0.0181529 0.00801174 9.9982E-005 0.174034
9.9964E-005 9.9964E-005 9.9964E-005 0.757858 9.9964E-005 0.0229745 0.0314798 0.187288
0.187091 9.9982E-005 0.0155551 9.9982E-005 0.182239 0.161301 0.216673 0.236942
0.336804 0.0573821 9.9991E-005 0.0674186 0.0787905 0.0688814 0.389319 0.0013046
0.346917 0.039803 9.9982E-005 0.0593034 0.32918 9.9982E-005 0.118098 0.106499
0.0377015 0.157402 0.0417121 9.9982E-005 0.346208 9.9982E-005 0.0180592 0.398717
0.18401 9.9973E-005 0.034063 0.344037 9.9973E-005 9.9973E-005 0.135927 0.301662
0.361691 0.155669 0.0106453 0.0699287 9.9991E-005 0.105687 0.000411874 0.295868
0.415474 0.0120186 0.0373918 0.221535 0.0979116 0.00940945 0.0461691 0.16009
9.9955E-005 9.9955E-005 0.0820591 9.9955E-005 9.9955E-005 9.9955E-005 0.606717 0.310724
0.0985165 9.9973E-005 0.0598364 0.526221 9.9973E-005 9.9973E-005 0.139173 0.175953
0.146008 0.144318 9.9973E-005 0.218358 9.9973E-005 9.9973E-005 0.0374692 0.453547
9.9964E-005 9.9964E-005 0.0724173 0.0847685 9.9964E-005 9.9964E-005 0.55857 0.283845
0.101338 9.9973E-005 0.144264 0.540474 9.9973E-005 9.9973E-005 0.143251 0.0703727
0.392403 0.042704 9.9973E-005 0.142279 0.13181 9.9973E-005 9.9973E-005 0.290504
0.315607 0.00965494 0.160523 0.401889 9.9982E-005 9.9982E-005 0.0611505 0.0509754
0.00371355 0.0998558 9.9982E-005 0.281996 0.329094 9.9982E-005 0.0766149 0.208526
0.0134143 0.0291109 9.9982E-005 0.174813 0.313063 9.9982E-005 0.132898 0.336501
0.0824356 0.0775146 9.9973E-005 0.670508 0.115225 9.9973E-005 9.9973E-005 0.0540169
0.230212 0.0483958 0.0443643 0.235876 0.21692 9.9991E-005 0.0406389 0.183493
0.103383 9.9991E-005 0.0960399 0.188495 0.0670699 0.122044 0.115783 0.307085
0.325183 0.0697625 0.0172005 9.9982E-005 0.171957 9.9982E-005 0.198522 0.217175
0.685857 9.9964E-005 0.0855947 9.9964E-005 0.0621223 9.9964E-005 0.166026 9.9964E-005
0.321805 0.0300938 0.0978334 9.9991E-005 0.160048 0.107487 0.0486591 0.233974
0.133961 0.0565281 9.9973E-005 9.9973E-005 0.144727 9.9973E-005 0.121287 0.543198
0.238228 9.9991E-005 0.0748995 0.25776 0.084504 0.0228999 0.0679806 0.253629
0.0487203 0.0769066 0.0135956 0.705385 0.0756473 9.9991E-005 0.0333112 0.0463336
0.254997 0.031323 0.0196475 0.372548 9.9991E-005 0.0384686 0.187268 0.0956481
0.054884 9.9982E-005 0.0284181 9.9982E-005 0.358196 0.0541764 0.225459 0.278666
0.215676 0.170255 9.9973E-005 9.9973E-005 0.291353 9.9973E-005 0.0494041 0.273012
9.9973E-005 0.0787226 9.9973E-005 0.866555 0.014099 9.9973E-005 0.0330553 0.00726797
0.067133 0.0324666 9.9973E-005 9.9973E-005 0.443578 9.9973E-005 0.132597 0.323926
0.446729 9.9991E-005 0.0277155 0.0179064 0.298024 0.0229399 0.1151 0.071485
0.268108 0.0699937 0.0705491 0.148976 0.139958 9.9991E-005 0.118724 0.183592
0.216657 9.9973E-005 9.9973E-005 9.9973E-005 0.177193 0.0587902 0.221577 0.325483
0.0602619 9.9982E-005 9.9982E-005 0.0961355 0.607598 0.016706 0.00670832 0.212391
0.120781 9.9982E-005 0.199745 0.0244371 0.000167768 9.9982E-005 0.198883 0.455786
0.262751 9.9973E-005 0.15893 9.9973E-005 0.239716 9.9973E-005 0.111435 0.226869
0.37226 9.9973E-005 9.9973E-005 9.9973E-005 0.237766 0.104404 0.139571 0.145699
0.541435 9.9982E-005 0.0830935 9.9982E-005 0.17499 0.0480765 0.0574757 0.094729
0.035433 0.0799834 9.9982E-005 0.15113 0.399742 9.9982E-005 0.0248691 0.308642
9.9973E-005 9.9973E-005 0.0453857 0.474071 9.9973E-005 0.0239447 0.0663701 0.389928
0.0230899 9.9982E-005 0.00100473 0.217658 0.240818 9.9982E-005 0.0945691 0.422661
0.128439 0.135561 9.9991E-005 0.0556406 0.149518 0.0650507 0.14008 0.325611
0.24496 0.140216 0.118409 0.105261 0.00433523 9.9982E-005 9.9982E-005 0.386619
0.262706 9.9973E-005 0.0702195 0.0699083 0.029878 9.9973E-005 9.9973E-005 0.566989
9.9955E-005 9.9955E-005 0.036492 0.940006 9.9955E-005 0.023002 9.9955E-005 9.9955E-005
0.0737364 0.0490737 0.0127197 0.0207711 0.158848 9.9991E-005 0.0444673 0.640284
0.164669 9.9973E-005 9.9973E-005 0.275175 9.9973E-005 0.0706101 0.118764 0.370482
0.207733 9.9973E-005 0.0880051 9.9973E-005 0.297956 0.192055 9.9973E-005 0.21395
0.265215 0.00978061 9.9982E-005 0.195942 9.9982E-005 0.0633016 0.136956 0.328604
0.0653163 0.0325167 0.0171541 0.477029 0.081021 9.9991E-005 0.0300321 0.296831
0.302345 0.0468251 0.0270509 0.450554 0.172925 9.9973E-005 9.9973E-005 9.9973E-005
0.20153 9.9964E-005 0.111946 0.445114 9.9964E-005 9.9964E-005 9.9964E-005 0.24101
0.337142 9.9964E-005 9.9964E-005 9.9964E-005 0.068061 0.0764849 9.9964E-005 0.517912
9.99461E-005 9.99461E-005 9.99461E-005 0.691332 9.99461E-005 9.99461E-005 9.99461E-005 0.308068
0.436117 0.0484429 0.000247532 0.404019 9.9973E-005 9.9973E-005 9.9973E-005 0.110874
0.183304 9.9982E-005 0.0392437 9.9982E-005 0.470831 0.0797437 0.0340624 0.192616
9.994E-005 9.994E-005 9.994E-005 0.9993 9.994E-005 9.994E-005 9.994E-005 9.994E-005
0.00093914 9.9964E-005 9.9964E-005 0.461741 0.0893075 9.9964E-005 9.9964E-005 0.447612
0.034294 9.9982E-005 0.0702194 0.00652695 0.386985 9.9982E-005 0.0941933 0.407581
0.229273 9.9973E-005 9.9973E-005 0.396247 0.121802 0.0782486 9.9973E-005 0.174129
0.375605 9.9973E-005 9.9973E-005 0.121487 0.19553 9.9973E-005 0.106061 0.201017
0.4099 0.054529 0.00531388 9.9982E-005 9.9982E-005 0.115122 0.040185 0.374751
0.105602 9.9991E-005 0.00697376 0.288566 0.146258 0.00769089 0.162639 0.282169
0.608245 9.9964E-005 0.00743422 9.9964E-005 0.0975035 9.9964E-005 9.9964E-005 0.286418
0.290602 9.9955E-005 9.9955E-005 9.9955E-005 0.292486 9.9955E-005 9.9955E-005 0.416412
0.284034 0.160287 0.00552874 0.0132076 0.216693 0.01221 0.0688087 0.239232
9.9973E-005 9.9973E-005 0.0517203 0.197031 0.0745053 9.9973E-005 0.294534 0.38191
0.455348 9.9973E-005 9.9973E-005 0.243866 9.9973E-005 0.0245068 0.148633 0.127346
0.355114 0.121495 9.9982E-005 9.9982E-005 0.159144 0.0602442 0.0502528 0.25355
0.307272 0.0139984 9.9991E-005 0.120362 0.0475334 0.0156082 0.141791 0.353335
9.9973E-005 0.0462588 0.072085 9.9973E-005 0.341619 0.159272 9.9973E-005 0.380465
0.140912 0.132814 9.9982E-005 9.9982E-005 0.18761 0.0395173 0.138499 0.360447
0.237571 9.9982E-005 0.0347376 0.228836 0.204965 9.9982E-005 0.168854 0.124836
0.332766 9.9982E-005 0.0190428 9.9982E-005 0.161858 0.046396 0.12169 0.318047
0.16141 0.00660484 9.9991E-005 0.0197242 0.263018 0.0530889 0.228522 0.267532
0.0977599 0.0255333 9.9982E-005 9.9982E-005 0.149429 0.224323 0.228796 0.273959
0.282146 0.0616492 0.0114521 9.9973E-005 0.345414 0.299038 9.9973E-005 9.9973E-005
0.121044 9.9991E-005 0.10283 0.265178 0.11072 0.142264 0.0820448 0.175819
0.422383 9.9982E-005 9.9982E-005 0.0159473 0.160336 0.280871 0.0194281 0.100834
0.110048 0.184676 9.9982E-005 0.117169 0.00104722 9.9982E-005 0.024801 0.562059
0.155992 0.0350924 0.0086184 9.9991E-005 0.382029 0.00357777 0.139996 0.274594
0.424194 0.0340881 0.0819675 9.9991E-005 0.118513 0.00111331 0.129436 0.210588
0.291026 0.0884998 0.00884232 9.9982E-005 0.382565 9.9982E-005 0.0744099 0.154458
0.300792 0.0649329 0.150038 0.351402 0.0545311 9.9991E-005 0.0388385 0.0393661
0.212435 0.00742943 0.015143 0.447651 0.0359829 0.085362 9.9991E-005 0.195897
0.605903 0.00771886 9.9973E-005 9.9973E-005 0.0491452 9.9973E-005 0.0587803 0.278153
0.463748 0.00805344 9.9982E-005 9.9982E-005 0.167957 0.11581 0.22627 0.0179624
0.436154 0.0747078 0.0317502 9.9991E-005 0.0590314 0.0205964 0.0775551 0.300105
0.246589 9.9991E-005 0.0633793 0.00613325 0.252325 0.0711475 0.0392421 0.321084
0.101322 9.9982E-005 0.000276333 0.254114 0.0220085 9.9982E-005 0.112978 0.509102
0.198291 0.0673684 0.018887 0.187278 9.9982E-005 9.9982E-005 0.0913638 0.436612
0.229087 0.100923 0.0701349 9.9991E-005 0.205162 0.14572 0.0804539 0.168418
9.9973E-005 9.9973E-005 0.000712558 0.520482 0.130956 9.9973E-005 0.266768 0.0807814
0.161122 9.9982E-005 0.02204 0.127605 0.223609 9.9982E-005 0.104779 0.360645
0.170553 0.00942616 0.0767695 0.147718 0.0659568 0.153295 0.0660136 0.310268
0.00438244 9.9964E-005 9.9964E-005 0.726777 0.131868 0.136573 9.9964E-005 9.9964E-005
0.042664 0.138995 0.0310191 0.00764785 0.293688 9.9991E-005 0.10118 0.384706
0.102464 9.9991E-005 0.0332386 0.0376153 0.268492 0.0537434 0.168444 0.335903
0.429731 9.9973E-005 0.0151197 9.9973E-005 0.0994967 9.9973E-005 0.0300712 0.425281
0.27198 0.00679808 0.128451 9.9982E-005 0.0760732 9.9982E-005 0.210409 0.306089
0.219963 0.14945 0.0301527 9.9991E-005 0.0889938 0.075015 0.169802 0.266523
0.0833409 0.0557896 0.015909 0.0102541 0.0662203 9.9991E-005 0.230411 0.537975
0.410447 0.072982 9.9973E-005 9.9973E-005 0.110079 9.9973E-005 0.20773 0.198462
0.550262 9.9973E-005 0.0496741 9.9973E-005 9.9973E-005 0.00924873 0.189587 0.200929
0.0343074 0.0350031 9.9982E-005 0.22383 0.324154 9.9982E-005 0.166534 0.215972
0.322216 9.9982E-005 0.0599185 9.9982E-005 0.239089 0.1416 0.020123 0.216853
0.47441 9.9964E-005 9.9964E-005 9.9964E-005 0.152609 9.9964E-005 0.267776 0.104805
9.9973E-005 0.144688 9.9973E-005 0.109709 0.106702 9.9973E-005 0.0523355 0.586266
0.463481 9.9973E-005 0.083544 9.9973E-005 0.0684286 9.9973E-005 0.133443 0.250803
0.426238 9.9982E-005 0.0170907 9.9982E-005 0.280307 0.013795 0.0441622 0.218207
0.331703 0.00800666 9.9973E-005 0.377325 0.152163 9.9973E-005 9.9973E-005 0.130502
0.313279 0.0551529 9.9982E-005 0.261966 0.056061 9.9982E-005 0.026256 0.287085
0.415283 0.0811073 9.9964E-005 9.9964E-005 9.9964E-005 9.9964E-005 0.0851568 0.418054
0.215368 9.9973E-005 0.0385548 0.533802 0.211678 9.9973E-005 0.000296401 9.9973E-005
0.209225 9.9982E-005 0.123511 9.9982E-005 0.0878357 0.0194384 0.0275007 0.532288
0.342804 9.9955E-005 9.9955E-005 0.2712 9.9955E-005 9.9955E-005 9.9955E-005 0.385496
0.409097 9.9982E-005 0.000714527 0.00834673 0.115001 0.161325 9.9982E-005 0.305316
9.9973E-005 9.9973E-005 0.11703 0.114671 0.0767695 9.9973E-005 0.126606 0.564623
0.180411 0.102499 0.0403374 0.215177 9.9982E-005 0.0993515 9.9982E-005 0.362023
0.148836 0.0939526 0.000935671 0.483893 9.9982E-005 9.9982E-005 0.230595 0.0415875
0.209625 0.034994 9.9982E-005 0.00259929 0.250526 9.9982E-005 0.0477681 0.454287
0.526248 9.9973E-005 0.0989619 9.9973E-005 0.258721 9.9973E-005 0.060374 0.055395
0.209766 9.9964E-005 9.9964E-005 0.209363 0.236036 9.9964E-005 9.9964E-005 0.344435
0.389686 0.0572127 0.0763076 0.00857699 0.167657 9.9991E-005 0.151016 0.149444
0.467715 9.9973E-005 9.9973E-005 9.9973E-005 0.0392052 0.12563 0.0662794 0.300871
9.9955E-005 9.9955E-005 0.0734589 0.808887 0.117154 9.9955E-005 9.9955E-005 9.9955E-005
0.346353 9.9982E-005 0.0158244 9.9982E-005 0.137263 0.118235 0.100517 0.281607
0.403569 9.9973E-005 9.9973E-005 9.9973E-005 0.0911523 0.0674154 0.161137 0.276427
0.507888 9.9964E-005 0.086453 9.9964E-005 0.0818313 9.9964E-005 9.9964E-005 0.323428
0.268331 0.0499503 0.0920448 0.0027931 0.0446371 9.9991E-005 0.171596 0.370548
0.437709 9.9973E-005 0.128559 0.0203746 0.136248 9.9973E-005 9.9973E-005 0.27681
0.151651 9.9964E-005 9.9964E-005 9.9964E-005 0.30431 9.9964E-005 0.111682 0.431956
0.438243 0.0727997 0.00629524 9.9973E-005 9.9973E-005 9.9973E-005 0.0831068 0.399255
0.338324 0.109236 9.9973E-005 0.0565067 0.160142 9.9973E-005 9.9973E-005 0.335491
9.9973E-005 9.9973E-005 0.154968 0.496172 0.0837625 9.9973E-005 0.036159 0.228639
0.421844 9.9964E-005 9.9964E-005 9.9964E-005 0.115638 0.0338475 9.9964E-005 0.42827
0.658839 9.9964E-005 9.9964E-005 9.9964E-005 0.262484 0.0572809 9.9964E-005 0.0209964
0.045748 0.0236511 0.110218 0.127749 0.238553 9.9991E-005 0.0615163 0.392464
0.161974 9.9982E-005 0.0916966 0.383451 0.0740622 9.9982E-005 0.127484 0.161131
0.453943 0.0793597 0.0348609 9.9991E-005 0.168304 0.0176539 0.126492 0.119286
0.313876 9.9964E-005 9.9964E-005 0.206429 9.9964E-005 9.9964E-005 0.195686 0.283609
0.51643 9.9982E-005 0.0220682 9.9982E-005 0.270054 0.0518095 0.0585796 0.0808584
0.230114 9.9982E-005 0.0011575 0.288945 0.122259 0.0149729 9.9982E-005 0.342352
0.171333 9.9982E-005 0.0486789 0.0959338 9.9982E-005 0.129194 0.0876452 0.467015
0.100861 9.9991E-005 0.0485676 0.392178 0.079931 0.0458055 0.0363451 0.296212
0.50198 9.9973E-005 0.0759094 0.228026 0.192489 9.9973E-005 0.00129578 9.9973E-005
0.138568 0.146988 9.9982E-005 0.0143673 0.246724 9.9982E-005 0.284381 0.168771
0.440517 9.9964E-005 0.1614 0.197952 9.9964E-005 9.9964E-005 9.9964E-005 0.199731
0.16556 9.9973E-005 0.0510514 9.9973E-005 0.380761 9.9973E-005 0.0691635 0.333164
0.460884 0.0435689 9.9982E-005 0.0478054 0.0766065 9.9982E-005 0.158276 0.21266
0.028471 9.9973E-005 0.0261111 9.9973E-005 0.0267176 9.9973E-005 0.291067 0.627333
0.091834 9.9982E-005 0.0418949 0.273116 9.9982E-005 0.0642201 0.210344 0.318391
0.0673517 0.0401638 9.9982E-005 9.9982E-005 0.137228 0.0531413 0.1295 0.572415
0.0854601 0.0842221 0.0041598 9.9982E-005 0.407954 9.9982E-005 0.196333 0.221671
0.410388 0.135156 9.9973E-005 9.9973E-005 0.100947 9.9973E-005 0.0958212 0.257388
0.261635 0.104395 0.0436223 0.586208 9.9973E-005 9.9973E-005 9.9973E-005 0.00383989
9.9964E-005 0.000811655 9.9964E-005 0.896863 0.0429179 0.0590079 9.9964E-005 9.9964E-005
0.211025 0.0280032 0.0302218 0.0286267 0.112709 0.0784605 0.137826 0.373127
0.262348 0.11689 0.111464 0.0767962 0.189495 9.9991E-005 0.00364647 0.239261
0.0725269 9.9991E-005 0.02703 0.108711 0.0812912 0.167246 0.102776 0.440319
0.128688 0.039284 9.9982E-005 0.111145 0.186525 9.9982E-005 0.0733886 0.460768
0.0927834 0.20904 0.0843682 0.138011 9.9982E-005 9.9982E-005 0.0404125 0.435185
0.359266 9.9964E-005 9.9964E-005 0.109289 0.167511 9.9964E-005 0.363534 9.9964E-005
0.264952 9.9973E-005 9.9973E-005 9.9973E-005 0.226699 0.0853351 0.24429 0.178424
0.233857 0.0148749 0.0149923 9.9982E-005 0.239713 0.147051 9.9982E-005 0.349312
0.383644 9.9991E-005 0.00486032 0.00352338 0.205499 0.081206 0.0985862 0.222581
0.547741 0.0500445 9.9982E-005 9.9982E-005 0.250239 0.0063492 0.0321904 0.113236
0.555391 9.9964E-005 9.9964E-005 9.9964E-005 0.000150299 9.9964E-005 0.146697 0.297361
0.466128 0.0427495 0.00835683 9.9982E-005 0.121221 9.9982E-005 0.0968704 0.264475
0.181774 9.9991E-005 0.0219858 0.0114532 0.0725582 0.0956386 0.232201 0.384289
0.213219 9.9973E-005 9.9973E-005 9.9973E-005 0.159986 0.228563 0.0173359 0.380596
0.287386 9.9982E-005 0.112543 0.0206272 0.0595148 9.9982E-005 0.269984 0.249745
0.35825 0.122322 0.027183 9.9982E-005 0.134611 9.9982E-005 0.0847463 0.272687
0.05016 0.137601 9.9973E-005 9.9973E-005 0.130001 9.9973E-005 0.124134 0.557803
0.337256 9.9991E-005 0.118533 0.0841683 0.0587786 0.013322 0.138784 0.249058
0.219874 9.9973E-005 0.109134 0.495312 9.9973E-005 0.0224447 0.152935 9.9973E-005
0.0505827 9.9982E-005 9.9982E-005 0.423428 0.183418 0.0348944 0.109078 0.198399
0.160251 9.9964E-005 0.0726901 0.745142 9.9964E-005 0.0215162 9.9964E-005 9.9964E-005
0.199934 0.0494605 9.9973E-005 9.9973E-005 0.15112 9.9973E-005 0.255119 0.344066
0.0718906 9.9982E-005 0.0470104 0.764505 0.0225993 9.9982E-005 0.0213155 0.0724793
0.10578 9.9973E-005 9.9973E-005 0.68008 9.9973E-005 0.105935 0.0223575 0.0855479
0.167783 0.045773 0.142273 9.9982E-005 0.256147 9.9982E-005 0.0471971 0.340627
0.398235 9.9982E-005 0.0921272 0.0232028 9.9982E-005 0.0935803 0.13233 0.260325
0.384889 0.0258669 0.0832916 0.0106699 0.159956 0.0010433 0.209822 0.124462
0.100524 9.9973E-005 0.0915209 0.699525 9.9973E-005 0.0256001 9.9973E-005 0.0825297
0.482969 9.9973E-005 9.9973E-005 9.9973E-005 0.301362 0.114969 0.0269895 0.0734116
0.00671127 9.9973E-005 0.073387 0.409666 0.108513 9.9973E-005 9.9973E-005 0.401423
0.240482 9.9991E-005 0.0411121 0.0519042 0.0809486 0.0896361 0.329404 0.166413
9.9973E-005 9.9973E-005 0.110471 0.744622 0.0329656 9.9973E-005 0.0374024 0.0742392
0.240591 9.9982E-005 9.9982E-005 0.105662 0.155349 0.182172 0.0993359 0.216691
0.455482 0.0346398 0.0487285 9.9991E-005 0.128957 0.0112247 0.02689 0.293978
0.714501 0.0627271 9.9973E-005 9.9973E-005 0.1013 9.9973E-005 0.0458014 0.075371
0.265392 9.9973E-005 9.9973E-005 9.9973E-005 0.231506 0.108184 0.0812955 0.313323
0.172276 9.9964E-005 0.0747873 0.716805 9.9964E-005 0.0357318 9.9964E-005 9.9964E-005
0.127698 9.9982E-005 9.9982E-005 0.16671 0.0237397 0.0557963 0.138169 0.487686
0.110614 0.231738 9.9973E-005 0.356065 9.9973E-005 9.9973E-005 0.167167 0.134116
0.285902 0.0659895 0.126346 9.9991E-005 0.0177898 0.057321 0.20652 0.240032
0.0969843 0.0746897 9.9973E-005 0.705139 9.9973E-005 9.9973E-005 0.0267624 0.0961243
0.100552 0.00450562 0.0573289 0.0439635 0.270366 0.253267 0.0229491 0.247067
9.9982E-005 0.0045189 9.9982E-005 0.282295 0.178583 0.0677646 0.00249386 0.464144
0.267647 0.0210147 9.9982E-005 9.9982E-005 0.102499 0.149823 0.141474 0.317342
9.9973E-005 9.9973E-005 9.9973E-005 0.137533 0.260278 0.0652132 0.134426 0.402249
0.134659 9.9982E-005 0.0542571 0.506285 0.132837 0.014538 9.9982E-005 0.157224
0.510519 0.0348563 0.115069 9.9991E-005 0.10064 0.0712076 0.111739 0.0558705
0.364978 0.0161271 0.109716 0.00557275 0.0618865 9.9991E-005 0.260529 0.181091
0.261949 9.9973E-005 0.104787 9.9973E-005 0.349572 9.9973E-005 0.122518 0.160874
0.123482 0.0837434 9.9973E-005 9.9973E-005 0.181383 9.9973E-005 0.27448 0.336612
9.9964E-005 9.9964E-005 9.9964E-005 0.324316 0.0159133 9.9964E-005 0.217098 0.442273
0.316441 0.0566837 0.0122424 9.9991E-005 0.0981963 0.0588014 0.0693249 0.388211
0.321985 0.0389594 0.054035 9.9991E-005 0.206963 0.0132229 0.176581 0.188154
0.487255 9.9991E-005 0.0462362 0.0434533 0.036007 0.117982 0.0910911 0.177876
0.215144 9.9982E-005 0.0753181 0.490269 9.9982E-005 0.0693305 0.0681907 0.081548
0.226801 0.028038 9.9991E-005 0.245263 0.00535477 0.0160993 0.185564 0.29278
0.328384 0.121359 0.00501917 0.000191978 0.268109 9.9991E-005 0.0746901 0.202147
9.9982E-005 9.9982E-005 0.155597 0.164568 0.369932 0.020321 0.166021 0.123362
9.9973E-005 9.9973E-005 0.101245 0.158463 0.196274 9.9973E-005 0.140938 0.40278
0.303729 9.9982E-005 0.0656386 9.9982E-005 0.183947 0.0165724 0.203294 0.226619
0.000272699 9.9991E-005 0.0132181 0.289572 0.0723255 0.0326873 0.192003 0.399821
0.0405306 0.110114 9.9973E-005 9.9973E-005 0.21221 9.9973E-005 0.134759 0.502085
0.152601 0.0780877 0.0349935 0.359483 9.9982E-005 9.9982E-005 0.0137688 0.360866
0.676349 9.9973E-005 9.9973E-005 9.9973E-005 0.0999435 0.0531881 0.124002 0.0462175
0.397186 9.9973E-005 9.9973E-005 9.9973E-005 0.0491727 0.0853842 0.229132 0.238825
0.349221 0.0670759 9.9982E-005 9.9982E-005 0.167625 0.0296191 0.0314158 0.354842
0.493158 9.9973E-005 9.9973E-005 9.9973E-005 0.0199484 0.100546 0.192093 0.193954
0.422738 0.133804 0.0568317 9.9982E-005 0.237213 9.9982E-005 0.0604772 0.088736
0.520435 0.0228102 9.9982E-005 9.9982E-005 0.0493987 0.135073 0.189681 0.082402
0.0528867 0.0407869 9.9982E-005 0.222627 0.206956 9.9982E-005 0.0730538 0.40349
0.103926 9.9973E-005 9.9973E-005 9.9973E-005 0.103286 0.0976007 0.120676 0.574212
0.456435 0.0188383 0.02343 9.9982E-005 0.100719 9.9982E-005 0.0862137 0.314164
0.484091 9.9973E-005 0.0741361 0.0337499 0.100889 9.9973E-005 9.9973E-005 0.306834
0.20138 9.9982E-005 0.056279 0.0518647 0.163108 9.9982E-005 0.101283 0.425885
9.9964E-005 0.119218 9.9964E-005 0.187882 0.292589 9.9964E-005 9.9964E-005 0.399911
0.0849866 0.0130716 0.0306607 9.9991E-005 0.31705 0.0699463 0.228428 0.255757
0.550222 0.0372081 0.0905952 0.0105221 0.0381491 0.0840774 0.0550911 0.134135
0.164184 9.9964E-005 9.9964E-005 0.704462 9.9964E-005 0.0418172 0.0891368 9.9964E-005
0.21078 0.0249843 9.9973E-005 0.623571 0.0223358 9.9973E-005 0.118029 9.9973E-005
0.131075 9.9973E-005 0.043159 9.9973E-005 0.0618194 9.9973E-005 0.303254 0.460392
0.199574 0.362101 0.0408168 9.9982E-005 9.9982E-005 0.0580621 0.197851 0.141395
9.9973E-005 0.337619 0.280776 0.0138053 9.9973E-005 0.192127 9.9973E-005 0.175372
0.189993 0.291909 0.0776943 0.0287138 0.138451 0.151373 0.121765 9.9991E-005
0.246454 0.0608006 9.9982E-005 9.9982E-005 0.140713 0.104341 0.238902 0.20859
0.0976344 0.46345 0.108059 9.9982E-005 0.136861 0.0846033 0.109193 9.9982E-005
0.263047 0.348878 0.040997 9.9982E-005 0.0777796 0.268536 0.000562374 9.9982E-005
0.0150602 0.140079 0.0343421 9.9973E-005 9.9973E-005 0.461775 9.9973E-005 0.348444
0.0520502 0.389594 0.162997 9.9982E-005 0.0750914 0.142913 0.177154 9.9982E-005
9.9991E-005 0.450007 0.0597096 0.0483437 0.129352 0.0784335 0.116738 0.117317
0.329814 0.299905 0.091531 9.9991E-005 0.040745 0.0863001 0.117773 0.0338322
0.0970978 0.110004 0.172493 9.9991E-005 0.0106366 0.0964609 0.159947 0.353261
0.00262568 0.268105 0.140933 0.0213387 0.0194422 0.217657 0.0528447 0.277054
0.222652 0.122734 9.9982E-005 9.9982E-005 0.277271 0.111328 0.15246 0.113356
0.00740017 0.265062 0.167946 9.99729E-005 0.354187 9.99729E-005 0.205104 9.99729E-005
0.0993261 0.242647 0.0699309 9.9991E-005 0.186707 0.30073 0.0848861 0.0156733
9.9982E-005 0.379321 0.0173616 0.0220649 0.0947837 0.343039 9.9982E-005 0.14323
0.238214 0.0716271 9.9982E-005 9.9982E-005 0.0803643 0.450214 0.121368 0.0380122
0.161698 0.189332 0.0960807 9.9982E-005 0.162124 0.240135 9.9982E-005 0.150431
9.9973E-005 9.9973E-005 0.108092 0.751606 9.9973E-005 0.0156291 0.0950539 0.0293191
0.148558 0.290799 9.9991E-005 0.017067 0.164244 0.0874511 0.191798 0.0999837
0.0480031 0.409078 0.00227728 0.000326775 0.139564 0.0142332 0.271513 0.115004
0.355634 0.108401 0.0357853 0.094507 9.9991E-005 0.0756021 0.074494 0.255477
0.10127 0.571095 0.119621 0.00435596 0.00244256 0.201015 9.9982E-005 9.9982E-005
0.0131021 0.627303 0.211632 9.9973E-005 9.9973E-005 0.011979 0.135684 9.9973E-005
0.000306039 0.0817862 9.9982E-005 9.9982E-005 0.0550665 0.131762 0.273443 0.457437
0.0177185 0.43977 0.0283016 0.0150484 0.086504 0.164775 0.0538923 0.19399
0.13226 0.306416 0.124472 9.9991E-005 0.0878313 0.0893031 0.0391389 0.220478
0.0824038 0.339442 0.178302 0.0328001 0.196932 0.0539952 0.0683198 0.0478056
0.144957 0.498193 0.0865507 0.0531575 9.9982E-005 0.207315 0.00962633 9.9982E-005
9.9982E-005 0.341657 0.220282 0.0350486 9.9982E-005 0.121876 0.230596 0.0503397
0.0788562 0.2756 0.0368435 9.9982E-005 0.0603679 0.389178 0.158955 9.9982E-005
9.994E-005 9.994E-005 0.9993 9.994E-005 9.994E-005 9.994E-005 9.994E-005 9.994E-005
0.0618055 0.349798 0.18269 0.0233013 0.0912943 0.0889309 0.19538 0.00679999
0.0552603 0.185174 0.0378243 9.9991E-005 0.0261314 0.33461 0.234419 0.126481
9.9973E-005 0.429024 0.0179014 0.0413033 9.9973E-005 0.245544 9.9973E-005 0.265927
0.0457837 0.352725 9.9991E-005 0.00432498 0.202796 0.291641 0.0803632 0.0222664
0.0556497 0.423529 0.05298 0.0282701 9.9991E-005 0.157513 0.111256 0.170703
0.207306 9.9982E-005 0.0263646 9.9982E-005 0.341088 0.0750416 0.281562 0.0684377
0.0233422 0.2705 0.107523 0.0114831 0.126858 0.358617 0.101576 9.9991E-005
0.00805391 0.175398 0.180638 9.9991E-005 0.230532 0.220179 0.0104732 0.174626
0.180202 0.366458 0.0498605 9.9982E-005 0.172475 0.133205 9.9982E-005 0.0976009
0.0126851 0.348122 0.0998013 9.9982E-005 9.9982E-005 0.0968447 0.0983525 0.343994
9.994E-005 9.994E-005 0.9993 9.994E-005 9.994E-005 9.994E-005 9.994E-005 9.994E-005
0.380705 0.0875026 9.9991E-005 0.0102031 0.085769 0.0648165 0.263284 0.107619
0.202136 0.328602 0.0605642 0.0136296 0.0375069 0.192369 0.165092 9.9991E-005
0.179686 0.0164107 9.9991E-005 0.287597 0.0286204 0.0251231 0.159176 0.303287
0.123059 9.9982E-005 0.0731871 9.9982E-005 0.408971 0.124228 0.219591 0.0507646
0.285269 0.0449937 9.9982E-005 9.9982E-005 0.0686225 0.154689 0.0604262 0.3858
9.9991E-005 0.284875 0.0127267 0.00879749 0.16643 0.347443 0.0794444 0.100184
0.143513 0.502731 0.00107194 9.9973E-005 0.202479 9.9973E-005 0.149904 9.9973E-005
0.172504 0.476884 0.0948055 0.0333503 9.9982E-005 0.163226 0.0590302 9.9982E-005
0.156928 0.327604 0.141458 9.9982E-005 0.0158582 0.115291 9.9982E-005 0.242662
0.166652 0.382516 0.068859 0.0264441 9.9991E-005 0.14343 0.0460453 0.165954
0.194335 0.381865 9.9973E-005 0.0144547 0.164721 0.244325 9.9973E-005 9.9973E-005
0.190567 0.215319 0.0490451 9.9991E-005 0.0764803 0.276709 0.0515807 0.140199
0.146027 0.243165 0.127721 9.9973E-005 0.0172197 0.465567 9.9973E-005 9.9973E-005
0.166516 0.189049 0.0889208 9.9982E-005 0.0631539 0.312105 9.9982E-005 0.180055
0.0385483 9.9964E-005 0.221945 0.00987936 9.9964E-005 9.9964E-005 0.729227 9.9964E-005
0.159141 0.335753 0.0212333 9.9964E-005 9.9964E-005 0.483473 9.9964E-005 9.9964E-005
0.12903 0.240744 9.9973E-005 9.9973E-005 9.9973E-005 0.549716 0.0742213 0.00598859
9.9982E-005 0.312115 0.0746444 0.0118303 0.216486 0.201043 0.183681 9.9982E-005
0.0521065 0.33852 9.9973E-005 9.9973E-005 0.212812 0.288306 0.107956 9.9973E-005
0.479383 0.174356 9.9982E-005 0.0215962 0.150078 0.00949561 9.9982E-005 0.16489
9.9973E-005 0.14796 0.181162 9.9973E-005 9.9973E-005 0.435123 0.0247915 0.210663
0.184294 0.157987 0.013981 0.140237 9.9982E-005 9.9982E-005 0.0537601 0.449541
0.255833 0.476447 0.11129 0.00821118 0.128541 0.00701832 0.00364682 0.00901186
9.9982E-005 0.124563 0.0701247 0.0345132 0.0442079 0.541196 9.9982E-005 0.185196
0.0723908 9.9982E-005 9.9982E-005 0.0913285 0.200936 0.15553 0.13903 0.340584
9.9982E-005 0.292799 0.120964 0.0243958 0.232524 0.115991 0.213125 9.9982E-005
9.9973E-005 0.258026 0.0407447 9.9973E-005 0.273817 0.277978 9.9973E-005 0.149134
9.9955E-005 9.9955E-005 0.282653 9.9955E-005 9.9955E-005 0.0103503 0.706497 9.9955E-005
0.0598277 0.464726 0.0184505 9.9982E-005 9.9982E-005 0.105625 0.127165 0.224006
0.150753 0.260095 0.0558997 0.0265327 0.136636 0.0939795 0.203609 0.0724945
9.9982E-005 0.336677 0.0159945 9.9982E-005 0.0775306 0.360204 0.0258884 0.183505
0.174669 0.408481 0.190564 0.00135575 0.104597 0.120133 9.9982E-005 9.9982E-005
0.412564 0.324743 0.0336276 9.9973E-005 9.9973E-005 0.116678 0.112087 9.9973E-005
0.202835 0.119 0.11482 9.9991E-005 0.160373 0.120673 0.0471777 0.235022
9.9982E-005 0.184192 0.0082573 9.9982E-005 0.0439159 0.421419 0.188756 0.15326
0.191183 0.456515 0.0600624 9.9991E-005 0.0204104 0.0210347 0.0133328 0.237362
9.9973E-005 9.9973E-005 9.9973E-005 0.832424 0.0591619 0.0597276 0.0257213 0.022665
0.230659 0.52618 0.00230592 9.9982E-005 0.170122 0.0284084 9.9982E-005 0.0421241
0.287936 0.0103646 9.9991E-005 0.0811084 0.0178578 0.0902917 0.16057 0.351771
9.9973E-005 0.338088 0.0974705 9.9973E-005 9.9973E-005 0.369172 0.0753076 0.119662
0.0557394 0.365361 0.036774 0.0403558 0.0533605 0.0914937 0.303507 0.0534093
0.355725 0.00648942 9.9982E-005 0.00146293 0.154509 0.316205 0.165408 9.9982E-005
0.258517 9.9973E-005 9.9973E-005 9.9973E-005 0.331663 0.120497 0.180472 0.108552
0.155298 0.160515 0.123041 9.9982E-005 0.210484 0.257315 9.9982E-005 0.0931464
0.12395 0.209708 0.246692 9.9982E-005 0.0857583 0.262252 9.9982E-005 0.0714388
0.11112 0.597054 0.0603366 9.9982E-005 0.160238 0.00235324 9.9982E-005 0.0686979
0.0185471 0.0738054 0.196068 9.9991E-005 0.221516 0.397689 0.0354529 0.0568221
0.193745 0.0996178 0.0711979 9.9982E-005 0.174248 9.9982E-005 0.189391 0.271599
9.9973E-005 0.101693 0.0642893 9.9973E-005 0.304964 0.388474 0.14028 9.9973E-005
0.175746 0.417369 0.0879764 9.9973E-005 9.9973E-005 0.0890372 9.9973E-005 0.229572
0.204176 0.473245 0.051594 9.9982E-005 0.016505 0.124185 9.9982E-005 0.130095
0.3399 0.0121898 9.9973E-005 9.9973E-005 0.209612 9.9973E-005 0.0885071 0.349491
9.9973E-005 0.111154 0.0143349 9.9973E-005 0.171734 0.527101 9.9973E-005 0.175376
9.9982E-005 0.42829 0.0254493 9.9982E-005 0.0550322 0.188739 0.0166259 0.285663
0.111868 9.9973E-005 0.131774 9.9973E-005 0.161305 0.404675 0.190078 9.9973E-005
0.233982 0.200893 0.0846422 9.9982E-005 0.131657 0.193216 0.15541 9.9982E-005
0.184217 9.9982E-005 0.0238828 9.9982E-005 0.103577 0.00354996 0.0518512 0.632722
0.0647441 9.9955E-005 0.0710072 0.863749 9.9955E-005 9.9955E-005 9.9955E-005 9.9955E-005
0.0286623 0.16521 0.0871935 9.9991E-005 0.0823847 0.409463 0.00882209 0.218164
0.280623 0.236133 0.238176 9.9973E-005 0.144536 9.9973E-005 0.100233 9.9973E-005
0.251596 9.9964E-005 0.0135852 9.9964E-005 9.9964E-005 0.547561 0.186858 9.9964E-005
9.9982E-005 0.333293 0.0969801 9.9982E-005 0.018677 0.179458 0.173231 0.198161
0.0635919 0.414685 0.101795 0.024733 0.147031 0.217069 0.0309953 9.9991E-005
0.187416 0.469055 0.0338803 9.9982E-005 9.9982E-005 0.176915 0.0653804 0.067154
9.9982E-005 0.448992 0.0378441 9.9982E-005 0.139187 0.302541 0.0125405 0.0586952
0.172646 0.184217 0.0758265 0.0178308 0.15356 0.395721 9.9982E-005 9.9982E-005
0.0517011 0.427923 0.0944102 0.0146372 9.9982E-005 0.195305 9.9982E-005 0.215824
0.0421861 0.107448 0.0759565 9.9991E-005 0.212653 0.267047 0.161709 0.132899
0.16199 9.9973E-005 9.9973E-005 9.9973E-005 0.186105 0.244808 0.229797 0.177001
9.9982E-005 0.267184 0.139161 9.9982E-005 0.120866 0.271089 0.177677 0.0238236
0.31212 0.249324 0.0971303 9.9973E-005 9.9973E-005 0.201667 0.139459 9.9973E-005
0.445445 9.9973E-005 0.0681318 9.9973E-005 0.30551 0.0495644 0.131049 9.9973E-005
9.9991E-005 0.336322 0.077397 0.0024621 0.0175379 0.268103 0.135197 0.162881
0.200619 9.9982E-005 0.0391957 9.9982E-005 0.149935 0.0294347 0.159849 0.420767
0.277126 0.16289 0.217031 0.0228686 9.9982E-005 0.132164 0.187721 9.9982E-005
9.9982E-005 0.348076 0.000941984 9.9982E-005 0.201472 0.221007 0.148196 0.0801074
0.306808 0.176225 9.9973E-005 9.9973E-005 9.9973E-005 0.0457442 0.178561 0.292362
0.162766 0.517142 0.000376875 0.0312332 0.0473122 0.127391 0.00435037 0.10943
0.10901 0.352233 9.9973E-005 9.9973E-005 0.292503 0.0461311 9.9973E-005 0.199823
9.9955E-005 0.0605996 0.00653315 9.9955E-005 0.932368 9.9955E-005 9.9955E-005 9.9955E-005
9.9946E-005 9.9946E-005 9.9946E-005 0.25726 0.74214 9.9946E-005 9.9946E-005 9.9946E-005
0.172307 0.338685 0.0723833 0.00116702 0.111567 0.200108 0.103683 9.9991E-005
0.218016 0.335035 0.0732013 9.9982E-005 0.116237 0.197271 0.0600399 9.9982E-005
0.034057 0.472206 0.0336538 9.9991E-005 0.0968313 0.205101 0.0948706 0.0631805
0.0815273 0.323448 0.149364 9.9991E-005 0.101258 0.151434 0.0109 0.181968
