9.9973E-005 9.9973E-005 9.9973E-005 0.0377532 0.470504 0.110232 0.176807 0.204404
0.0421985 0.109693 9.9982E-005 9.9982E-005 0.38206 0.0889499 0.135853 0.241046
0.0261982 9.9982E-005 0.160658 9.9982E-005 0.492171 0.0316892 0.199697 0.0893864
0.0650248 0.0307038 0.141038 9.9982E-005 0.499597 9.9982E-005 0.0422362 0.2212
0.043105 0.0217185 9.9982E-005 9.9982E-005 0.565708 0.00767348 0.0493764 0.312218
0.0042707 9.9964E-005 0.74942 0.0412988 9.9964E-005 9.9964E-005 9.9964E-005 0.20461
9.9973E-005 0.0751914 9.9973E-005 0.0707384 0.644148 0.0262757 9.9973E-005 0.183346
9.9955E-005 0.0119692 0.861318 9.9955E-005 9.9955E-005 9.9955E-005 0.126213 9.9955E-005
9.9973E-005 0.0269145 9.9973E-005 9.9973E-005 0.48534 0.0666977 0.0789814 0.341766
9.9973E-005 0.0887156 9.9973E-005 0.0502735 0.43735 9.9973E-005 0.162433 0.260928
0.00921716 0.000468711 9.9982E-005 0.0134798 0.50161 9.9982E-005 0.171892 0.303132
9.9982E-005 0.132648 0.184308 9.9982E-005 0.28239 0.0178717 0.0418961 0.340686
9.9973E-005 0.125675 9.9973E-005 9.9973E-005 0.622957 0.0588813 0.0767257 0.115461
0.0490093 9.9982E-005 0.0689436 0.0221974 0.539993 9.9982E-005 0.0967097 0.222947
9.9973E-005 0.155668 0.557716 9.9973E-005 9.9973E-005 0.0304159 0.0618981 0.194003
0.105009 0.0598495 0.0281854 9.9982E-005 0.333106 9.9982E-005 0.180228 0.293422
9.9973E-005 9.9973E-005 0.0788914 9.9973E-005 0.296128 0.137677 0.0117149 0.475288
0.117784 0.0895978 9.9973E-005 9.9973E-005 0.729841 0.0465308 0.0159465 9.9973E-005
9.9964E-005 0.17516 9.9964E-005 9.9964E-005 0.457508 0.12906 9.9964E-005 0.237872
9.9964E-005 9.9964E-005 9.9964E-005 9.9964E-005 0.587413 0.0363522 0.202036 0.173798
0.0293259 0.204439 9.9964E-005 9.9964E-005 0.748038 0.017798 9.9964E-005 9.9964E-005
0.0173825 9.9991E-005 0.159438 0.0156502 0.490807 0.0538095 0.194214 0.0685983
9.9964E-005 9.9964E-005 9.9964E-005 9.9964E-005 0.545731 0.100317 0.189918 0.163634
9.9973E-005 0.00981985 0.518532 0.0252789 9.9973E-005 9.9973E-005 0.152058 0.294011
0.12482 9.9973E-005 9.9973E-005 9.9973E-005 0.606715 0.0854889 0.0188928 0.163783
0.0349922 0.0786618 0.608105 9.9982E-005 0.0466833 0.0394705 9.9982E-005 0.191887
0.0812872 9.9973E-005 0.370961 9.9973E-005 0.230178 0.0227038 9.9973E-005 0.294569
9.9973E-005 0.0411799 0.345084 9.9973E-005 0.582095 0.0127106 0.0186305 9.9973E-005
0.0278741 9.9982E-005 0.629984 0.00844617 9.9982E-005 0.0366562 0.0190708 0.277769
9.9964E-005 9.9964E-005 0.118903 0.0581664 0.636569 9.9964E-005 9.9964E-005 0.185962
9.9982E-005 9.9982E-005 0.423724 0.0159255 0.158003 0.148437 0.11445 0.139261
0.0453772 0.137801 0.0169937 0.0168404 0.61105 0.0364517 0.0520753 0.0834106
0.0781923 0.0189126 0.180888 9.9982E-005 0.267795 9.9982E-005 0.132362 0.32165
0.0584286 9.9955E-005 0.833421 9.9955E-005 0.107651 9.9955E-005 9.9955E-005 9.9955E-005
0.0420336 0.0291284 0.859755 0.0665038 9.9973E-005 9.9973E-005 9.9973E-005 0.00227932
0.0363525 0.0281125 0.0997239 9.9991E-005 0.598128 0.0669611 0.0250524 0.14557
0.0427324 0.160381 0.0918799 9.9973E-005 0.499691 9.9973E-005 9.9973E-005 0.205016
0.0903703 0.174366 9.9973E-005 9.9973E-005 0.461651 9.9973E-005 0.099037 0.174276
0.0693214 9.9973E-005 0.685739 0.076493 9.9973E-005 9.9973E-005 0.125648 0.0424992
9.9973E-005 9.9973E-005 0.336098 9.9973E-005 0.17269 0.117354 0.114827 0.25873
0.0504929 0.18222 0.20711 0.0088936 0.148143 9.9982E-005 9.9982E-005 0.402941
9.9964E-005 0.0497016 9.9964E-005 9.9964E-005 0.56418 0.0327988 9.9964E-005 0.35292
0.0398535 9.9982E-005 0.134356 9.9982E-005 0.573764 0.0893361 0.07316 0.0893306
0.104612 0.0817019 0.571825 0.039062 0.136127 9.9982E-005 0.0664722 9.9982E-005
0.000155548 0.0947553 9.9982E-005 0.0446508 0.451478 9.9982E-005 0.0230688 0.385691
0.0581134 0.251965 9.9982E-005 9.9982E-005 0.386242 0.0383746 0.180189 0.0849156
0.0604415 9.9991E-005 0.0904142 0.031575 0.504202 0.0855545 0.109074 0.118639
0.0835005 9.9982E-005 0.0302509 0.0776218 0.33213 9.9982E-005 0.0489564 0.42734
0.0269182 0.0874556 9.9982E-005 9.9982E-005 0.348301 0.0187849 0.239513 0.278827
0.0600195 0.00368183 0.362569 9.9973E-005 9.9973E-005 0.0998721 9.9973E-005 0.473558
9.9964E-005 9.9964E-005 0.0569024 0.0824385 0.66683 9.9964E-005 0.193429 9.9964E-005
9.9982E-005 9.9982E-005 0.358987 0.127618 0.0642035 0.0633422 0.203491 0.182158
0.0546414 0.237827 9.9982E-005 9.9982E-005 0.378432 0.087975 0.0876506 0.153273
0.0632443 0.00920638 0.851837 9.9973E-005 0.000247596 9.9973E-005 9.9973E-005 0.0751652
9.9973E-005 0.0257934 0.402247 9.9973E-005 0.185225 9.9973E-005 0.160888 0.225547
9.9973E-005 0.0271274 9.9973E-005 9.9973E-005 0.693115 0.0987991 0.110201 0.0704573
9.9973E-005 9.9973E-005 9.9973E-005 0.0220886 0.632337 0.00938343 0.331234 0.00465664
9.9982E-005 0.0471806 0.124671 9.9982E-005 0.292258 0.0894149 0.128755 0.317521
9.9982E-005 0.029693 0.190042 9.9982E-005 0.0345129 0.0244321 0.139261 0.581859
9.9955E-005 9.9955E-005 0.337175 9.9955E-005 0.629933 9.9955E-005 9.9955E-005 0.0323922
0.0127605 9.9982E-005 0.748863 0.0731728 9.9982E-005 0.0468865 0.0110973 0.10702
9.9964E-005 9.9964E-005 0.806663 9.9964E-005 9.9964E-005 0.0161543 0.00297056 0.173812
0.0437359 9.9982E-005 9.9982E-005 0.051182 0.627436 0.00498786 0.0121068 0.260352
9.9955E-005 0.0435424 0.917401 9.9955E-005 9.9955E-005 9.9955E-005 9.9955E-005 0.0385565
0.0646474 0.0569052 0.00530172 9.9991E-005 0.364826 0.0920866 0.0420608 0.374073
0.0880123 0.041711 0.814212 0.00688544 0.0488793 9.9973E-005 9.9973E-005 9.9973E-005
9.9973E-005 0.103067 0.00941069 0.00606449 0.62615 9.9973E-005 0.255008 9.9973E-005
0.0395136 0.0777344 0.113529 9.9982E-005 0.210836 0.0949479 9.9982E-005 0.463239
9.9973E-005 0.103425 9.9973E-005 9.9973E-005 0.375419 0.00693774 0.311391 0.202527
0.0134297 9.9973E-005 0.637158 0.000678732 9.9973E-005 0.0262952 9.9973E-005 0.322139
9.9973E-005 0.16484 9.9973E-005 9.9973E-005 0.312416 0.037833 0.327507 0.157104
0.053394 0.00659982 9.9982E-005 9.9982E-005 0.384026 0.119283 0.102171 0.334327
9.9982E-005 9.9982E-005 0.256334 0.0677489 0.299742 0.0394258 0.143111 0.193438
9.9982E-005 0.0336014 9.9982E-005 0.0591952 0.350372 0.0873028 0.0394728 0.429855
0.0515575 0.0646842 0.088138 9.9991E-005 0.477927 0.15931 0.0785155 0.0797676
9.9973E-005 9.9973E-005 0.36522 0.0319776 0.425182 9.9973E-005 0.144959 0.0323606
0.0407321 0.111066 9.9982E-005 9.9982E-005 0.595645 0.0181795 0.0895265 0.144652
0.114092 9.9982E-005 0.0883009 9.9982E-005 0.245441 0.00833315 0.119961 0.423672
0.0903797 9.9991E-005 0.0516703 0.0317396 0.297486 0.00501491 0.0244957 0.499113
0.0579985 0.0254415 0.0512693 0.00888397 0.510675 0.120322 0.156426 0.0689832
0.0022988 0.0218303 9.9982E-005 9.9982E-005 0.382782 0.190379 0.146027 0.256482
0.0977073 0.0904719 9.9973E-005 9.9973E-005 0.419071 9.9973E-005 0.0955824 0.296868
0.00713736 0.125932 0.0478644 9.9991E-005 0.390489 0.0605411 0.224779 0.143158
9.9982E-005 0.0892036 9.9982E-005 0.00144744 0.712274 0.00679872 0.0531554 0.136921
0.0476131 9.9973E-005 9.9973E-005 9.9973E-005 0.568858 0.00703262 0.0880837 0.288113
9.9982E-005 0.23256 0.100185 9.9982E-005 0.20706 0.0619135 0.218036 0.180045
0.0860076 0.0515236 0.303208 9.9991E-005 0.289059 0.0150635 0.0304062 0.224632
9.9973E-005 9.9973E-005 0.120851 0.0159283 0.24393 9.9973E-005 0.0722259 0.546765
9.99641E-005 0.000271622 0.813163 9.99641E-005 0.0453421 9.99641E-005 0.140824 9.99641E-005
0.0816208 9.9982E-005 0.16132 0.0251292 0.307634 9.9982E-005 0.140212 0.283884
0.0832847 0.0361522 9.9982E-005 9.9982E-005 0.190196 0.0241339 0.285963 0.38007
0.0912634 0.0462825 0.499911 9.9973E-005 0.0273123 9.9973E-005 9.9973E-005 0.334931
9.9973E-005 0.136301 9.9973E-005 9.9973E-005 0.487271 0.00698846 0.13786 0.23128
9.9955E-005 9.9955E-005 0.245417 9.9955E-005 0.547129 9.9955E-005 9.9955E-005 0.206954
9.9964E-005 9.9964E-005 0.378714 9.9964E-005 9.9964E-005 0.0742829 0.0258337 0.520769
9.9955E-005 9.9955E-005 0.798848 9.9955E-005 9.9955E-005 0.16232 0.0383319 9.9955E-005
0.00774982 0.190842 0.115759 9.9991E-005 0.47065 0.061126 0.0571828 0.0965903
0.00795472 0.144199 0.0252273 9.9991E-005 0.342339 0.021748 0.138745 0.319687
0.0355287 0.103395 0.0204968 9.9991E-005 0.271173 0.087717 0.228074 0.253515
9.9982E-005 0.0253367 0.239424 0.0167954 0.571001 9.9982E-005 0.0326597 0.114583
9.9973E-005 0.0642973 0.392862 9.9973E-005 9.9973E-005 0.0908792 0.0343669 0.417294
0.0288728 0.139457 0.0726128 9.9982E-005 0.596345 0.0392388 9.9982E-005 0.123273
0.0419588 0.0321182 0.0192175 0.0823633 0.517932 0.0040437 0.284097 0.01827
0.0539213 0.0279013 9.9982E-005 9.9982E-005 0.609527 0.0874607 0.0945921 0.126398
0.0305925 0.109407 0.0142823 9.9991E-005 0.544838 0.0383272 0.230284 0.0321685
9.9964E-005 0.0632426 0.746509 9.9964E-005 9.9964E-005 9.9964E-005 0.163967 0.0258818
0.0132366 0.0505555 0.495078 9.9991E-005 0.122722 0.137022 0.118438 0.0628476
0.00690083 9.9964E-005 9.9964E-005 9.9964E-005 0.531697 9.9964E-005 0.0995102 0.361492
9.9973E-005 0.0800249 9.9973E-005 9.9973E-005 0.423833 0.00544356 0.212549 0.27785
9.9973E-005 9.9973E-005 0.00892587 9.9973E-005 0.688774 0.023295 0.187852 0.0908525
0.0152452 9.9964E-005 0.413272 9.9964E-005 0.152506 9.9964E-005 9.9964E-005 0.418576
9.9955E-005 9.9955E-005 0.893642 9.9955E-005 9.9955E-005 0.0890876 9.9955E-005 0.0167711
9.9955E-005 9.9955E-005 0.349336 9.9955E-005 0.270065 9.9955E-005 9.9955E-005 0.380099
0.0779019 0.0104924 0.0256085 9.9982E-005 0.820974 0.035091 0.0297319 9.9982E-005
9.9982E-005 0.0497523 0.116038 9.9982E-005 0.617876 0.0675587 0.0560363 0.0925385
0.012284 0.139437 9.9991E-005 0.0146559 0.606851 0.0332163 0.142061 0.0513945
9.9964E-005 0.0694102 9.9964E-005 9.9964E-005 0.671125 9.9964E-005 0.187855 0.0712093
0.0142172 0.054671 0.913762 0.00114213 9.9973E-005 9.9973E-005 0.0159076 9.9973E-005
9.9973E-005 0.0503116 0.0169597 0.0221576 0.797703 0.112568 9.9973E-005 9.9973E-005
0.0741103 9.9973E-005 9.9973E-005 0.0621286 0.435317 9.9973E-005 0.239575 0.18857
9.9973E-005 0.0378711 0.134567 9.9973E-005 0.681495 0.0433405 0.102426 9.9973E-005
9.9973E-005 0.00103979 0.563534 9.9973E-005 0.110753 0.0441319 9.9973E-005 0.280241
0.0141583 9.9973E-005 9.9973E-005 0.0636762 0.697743 9.9973E-005 0.0610304 0.163092
9.9982E-005 0.00936638 0.0945304 0.0947611 0.537197 9.9982E-005 0.212711 0.0512348
0.050115 9.9973E-005 9.9973E-005 0.0515448 0.728295 0.0563186 0.113427 9.9973E-005
0.0455643 0.12558 0.0375713 9.9991E-005 0.309767 0.0789186 0.0501436 0.352355
0.00727168 0.0993672 0.598897 9.9982E-005 0.198896 0.0220959 9.9982E-005 0.0732722
9.9973E-005 0.0111865 0.814003 0.000916484 9.9973E-005 0.00683769 0.166756 9.9973E-005
0.0947478 0.191927 9.9982E-005 9.9982E-005 0.243236 0.00693376 0.139827 0.323129
0.101216 9.9982E-005 0.0159827 9.9982E-005 0.463926 0.159288 0.187538 0.0718489
0.048743 0.0529663 9.9973E-005 9.9973E-005 0.498519 0.119273 9.9973E-005 0.280199
0.0444472 0.11892 9.9973E-005 9.9973E-005 0.297868 0.13003 9.9973E-005 0.408434
0.0513116 0.000855987 0.310337 9.9982E-005 0.279006 9.9982E-005 0.110465 0.247825
0.0651398 0.111574 0.0205295 0.15232 0.295583 9.9991E-005 0.042127 0.312626
0.0531086 9.9991E-005 0.196385 0.0382244 0.633984 0.0280029 0.00145424 0.048741
9.99459E-005 0.00140947 9.99459E-005 9.99459E-005 9.99459E-005 9.99459E-005 0.997991 9.99459E-005
9.9982E-005 0.0406406 0.50638 0.0930533 0.14908 9.9982E-005 0.0620978 0.148549
0.0170819 0.0492432 0.293628 0.00676876 0.393686 9.9991E-005 0.0789088 0.160584
9.99459E-005 9.99459E-005 0.025776 9.99459E-005 9.99459E-005 9.99459E-005 0.973624 9.99459E-005
0.0430228 9.9982E-005 0.532619 9.9982E-005 0.100173 0.199615 0.0921825 0.0321882
0.0244246 9.9973E-005 0.174877 0.00307799 0.633255 9.9973E-005 9.9973E-005 0.164066
0.0682398 9.9982E-005 0.383254 9.9982E-005 0.0879032 0.249619 0.0182534 0.192531
0.0407152 0.0944139 0.230805 9.9982E-005 0.365356 0.0547145 9.9982E-005 0.213796
0.0795079 0.0823941 0.131262 0.0140127 0.0270338 9.9991E-005 0.0417598 0.62393
9.9973E-005 9.9973E-005 0.728117 0.1129 0.0781143 0.0397348 9.9973E-005 0.0408345
0.00745124 0.0986331 0.249783 9.9991E-005 0.322044 0.0422297 0.10909 0.170669
0.124911 9.9973E-005 0.149718 9.9973E-005 0.164083 0.0285502 9.9973E-005 0.532438
0.096638 0.0621096 9.9982E-005 9.9982E-005 0.488158 0.0356404 0.266812 0.0504415
0.065861 0.0491925 9.9973E-005 9.9973E-005 0.592124 0.176601 0.115922 9.9973E-005
9.9982E-005 9.9982E-005 0.0119146 0.194538 0.513591 0.0559513 0.114087 0.109719
0.0551799 0.147342 0.00482879 9.9982E-005 0.513395 9.9982E-005 0.0311294 0.247925
9.9973E-005 9.9973E-005 0.266544 0.1185 0.378295 9.9973E-005 0.0725148 0.163846
9.9982E-005 0.00842872 0.689284 9.9982E-005 0.0684101 0.0174589 0.0507372 0.165481
0.0979631 9.9982E-005 0.391076 0.058693 0.070095 9.9982E-005 0.00575787 0.376216
0.154334 0.09757 9.9982E-005 9.9982E-005 0.143507 0.05044 0.0890478 0.464902
0.0338717 0.163066 9.9991E-005 0.000976508 0.369764 0.0802885 0.140426 0.211507
0.0266594 9.9964E-005 0.809658 0.0352804 9.9964E-005 9.9964E-005 9.9964E-005 0.128003
0.0924152 0.0633678 9.9982E-005 0.0751535 0.504053 9.9982E-005 0.101656 0.163154
9.9973E-005 0.121484 9.9973E-005 9.9973E-005 0.388279 0.193522 0.145012 0.151403
0.0747432 0.00771495 0.215954 9.9991E-005 0.421215 0.123222 0.109037 0.0480146
0.0812715 9.9973E-005 9.9973E-005 0.112906 0.248768 9.9973E-005 0.21205 0.344704
0.0453541 0.0366988 0.0963239 9.9991E-005 0.176661 0.0738009 0.0922538 0.478808
0.129846 9.9982E-005 0.0299022 9.9982E-005 0.199451 0.145382 0.155186 0.340034
0.0293008 0.221072 0.0215067 9.9991E-005 0.372938 0.138135 0.0607011 0.156247
0.054316 0.0735879 9.9973E-005 9.9973E-005 0.610088 9.9973E-005 0.068332 0.193376
9.9964E-005 0.055746 9.9964E-005 0.035138 0.656682 9.9964E-005 0.252034 9.9964E-005
0.0715491 0.0543116 0.0786675 0.0066188 0.209442 0.0803293 0.0311773 0.467905
0.0993856 9.9973E-005 0.526217 9.9973E-005 0.0254991 9.9973E-005 0.128056 0.220542
0.00763618 0.0006928 0.195578 9.9991E-005 0.207028 0.0264302 0.139276 0.423258
0.102226 0.0260792 9.9991E-005 0.0165243 0.163729 0.0113758 0.202489 0.477477
0.021161 0.0943428 0.104873 9.9991E-005 0.251039 0.233455 0.0878537 0.207176
9.9973E-005 9.9973E-005 0.0206818 9.9973E-005 0.392798 0.0648314 0.0124826 0.508906
9.9955E-005 9.9955E-005 0.911006 0.0478258 9.9955E-005 9.9955E-005 9.9955E-005 0.0406686
0.0106023 0.129813 0.0607726 9.9982E-005 0.305537 9.9982E-005 0.244932 0.248143
9.9964E-005 9.9964E-005 0.179895 9.9964E-005 0.0510695 9.9964E-005 0.1762 0.592436
0.0127328 0.0908548 9.9991E-005 0.0592071 0.251431 0.0940793 0.091847 0.399748
0.0078964 9.9982E-005 0.155055 9.9982E-005 0.360391 0.051878 0.0102472 0.414332
0.0885374 0.0556402 0.537231 9.9982E-005 0.169561 9.9982E-005 0.0096192 0.139211
0.0680037 0.0125832 0.323202 9.9991E-005 0.210058 0.0114648 0.0254024 0.349187
0.0123238 9.9982E-005 0.491399 0.019294 0.314573 0.103969 9.9982E-005 0.0582416
9.9973E-005 0.0480825 9.9973E-005 9.9973E-005 0.575976 0.00839293 0.053098 0.314151
0.13469 9.9955E-005 0.795732 9.9955E-005 9.9955E-005 9.9955E-005 9.9955E-005 0.0690785
0.0662294 0.00631764 0.360286 9.9973E-005 0.314851 9.9973E-005 9.9973E-005 0.252016
0.0216973 0.0364838 0.00825903 0.0452013 0.442465 0.139648 0.087259 0.218986
0.025337 9.99461E-005 0.974063 9.99461E-005 9.99461E-005 9.99461E-005 9.99461E-005 9.99461E-005
9.9955E-005 9.9955E-005 0.367211 9.9955E-005 9.9955E-005 0.0658484 9.9955E-005 0.566441
0.0318548 0.109627 9.9982E-005 9.9982E-005 0.354918 0.00834152 0.0941822 0.400877
0.0117807 9.9973E-005 0.306184 9.9973E-005 0.187222 0.0387587 9.9973E-005 0.455756
9.9973E-005 0.0015469 0.103896 9.9973E-005 0.567253 9.9973E-005 0.189024 0.13798
0.0600819 9.9982E-005 9.9982E-005 0.00273483 0.668474 0.0797597 0.0509599 0.13779
0.10661 0.00345224 0.296231 9.9991E-005 0.294706 0.0977737 0.0401091 0.161017
9.9973E-005 0.0107817 9.9973E-005 9.9973E-005 0.657197 0.0505206 0.0257917 0.25541
9.9964E-005 0.0406135 9.9964E-005 9.9964E-005 0.647985 9.9964E-005 0.0804354 0.230567
0.0797303 9.9991E-005 0.0506559 0.0652083 0.519645 0.0103069 0.119389 0.154964
9.9982E-005 9.9982E-005 0.174325 0.107699 0.0437757 0.0745741 0.225101 0.374325
0.0239259 9.9982E-005 0.263918 9.9982E-005 0.508604 0.0206092 0.0901793 0.0925643
0.0168308 0.129252 9.9991E-005 0.0705509 0.617647 0.0612017 0.0765696 0.0278473
9.9982E-005 0.0532119 0.0701597 0.0847212 0.49916 9.9982E-005 0.11341 0.179136
0.0377276 0.16353 9.9991E-005 0.0269895 0.258668 0.0797496 0.0543075 0.378927
0.0974614 9.9982E-005 9.9982E-005 0.00337135 0.430876 0.0248239 0.0646258 0.378642
0.100553 0.137807 0.16204 9.9982E-005 0.139832 9.9982E-005 0.0249007 0.434666
9.9973E-005 0.0757384 9.9973E-005 0.0363615 0.69015 9.9973E-005 0.0905125 0.106938
0.0269318 0.0252206 9.9991E-005 0.0185609 0.289803 0.00598697 0.191017 0.442379
0.135786 9.9982E-005 9.9982E-005 0.0820985 0.289583 0.0754807 0.0927761 0.324075
9.9973E-005 0.136168 9.9973E-005 0.226805 0.321766 0.0177095 9.9973E-005 0.297251
0.0158622 0.0629029 0.250577 0.0308563 0.13339 0.122333 0.127884 0.256195
9.9964E-005 9.9964E-005 9.9964E-005 0.112919 0.752505 0.0403651 0.0938119 9.9964E-005
0.0156636 0.0365149 0.155662 9.9991E-005 0.331507 0.000284767 0.0635407 0.396727
9.9973E-005 0.129488 0.0188302 9.9973E-005 0.425914 9.9973E-005 0.229022 0.196446
0.0140828 0.0170247 9.9991E-005 0.0776497 0.675582 0.0141474 0.125213 0.0761999
0.0410986 0.065674 9.9982E-005 0.0796008 0.479414 9.9982E-005 0.129018 0.204995
0.0510194 9.9973E-005 0.322501 9.9973E-005 0.256771 0.17995 9.9973E-005 0.189459
0.00837529 0.127303 0.34024 9.9973E-005 0.0971341 9.9973E-005 9.9973E-005 0.426647
0.00494796 0.0562486 9.9973E-005 9.9973E-005 0.851208 9.9973E-005 0.0458794 0.0414165
0.116468 0.0725744 0.0091275 9.9982E-005 0.615085 0.024552 0.161993 9.9982E-005
9.9982E-005 0.0149736 9.9982E-005 0.0641701 0.589166 0.150533 0.0171301 0.163827
0.0240657 9.9982E-005 9.9982E-005 0.0361518 0.36331 0.146996 0.0349801 0.394296
0.00659307 9.9973E-005 0.345241 9.9973E-005 0.228045 9.9973E-005 0.214276 0.205545
9.9973E-005 9.9973E-005 0.13843 9.9973E-005 0.25862 0.121991 0.09265 0.388009
0.0256892 0.0915944 9.9991E-005 0.0407023 0.359844 0.109058 0.0736005 0.299412
0.00775538 0.0276112 0.496082 9.9991E-005 0.0364193 0.0808994 0.134055 0.217078
0.00199104 0.124681 0.235038 9.9991E-005 0.549076 0.0298631 0.0325895 0.026662
9.9991E-005 0.0348243 0.0531794 0.106435 0.212944 0.0330112 0.0491626 0.510344
0.0211181 9.9982E-005 0.769231 9.9982E-005 0.00582666 0.104101 0.0687444 0.030779
9.9982E-005 0.101979 9.9982E-005 0.00127313 0.248916 0.0362976 0.159265 0.452069
9.9982E-005 0.130907 0.0384654 9.9982E-005 0.466954 0.0294769 0.154286 0.179711
9.9973E-005 0.0571221 0.000762299 9.9973E-005 0.666154 9.9973E-005 0.0498796 0.225782
0.00254309 0.134941 9.9982E-005 9.9982E-005 0.555119 0.0442994 0.165871 0.0970265
9.9973E-005 9.9973E-005 9.9973E-005 0.17395 0.298588 0.0372248 0.125184 0.364753
9.9973E-005 0.102474 0.00909683 9.9973E-005 0.396151 9.9973E-005 0.227319 0.264658
0.0820604 0.0640549 9.9973E-005 9.9973E-005 0.755981 0.051809 9.9973E-005 0.0457945
0.00528243 0.0399638 9.9982E-005 9.9982E-005 0.714211 0.00223725 0.129521 0.108585
0.0681867 0.080377 0.174049 9.9991E-005 0.275291 0.0878345 0.106913 0.207249
0.00824976 0.0837601 9.9982E-005 9.9982E-005 0.536256 0.0633269 0.0710869 0.23712
0.0604707 0.0108659 9.9982E-005 9.9982E-005 0.5867 0.0387224 0.147114 0.155927
0.182326 0.000404905 0.0462394 9.99641E-005 9.99641E-005 9.99641E-005 9.99641E-005 0.770629
0.030252 0.0640539 9.9982E-005 9.9982E-005 0.476265 0.12207 0.026127 0.281032
9.9973E-005 0.0913752 9.9973E-005 9.9973E-005 0.521623 0.0219582 0.112162 0.252581
0.0129159 0.0513635 0.329764 9.9991E-005 0.451146 0.00960718 0.00409001 0.141013
9.9973E-005 9.9973E-005 0.251332 9.9973E-005 0.323354 0.0460409 0.108789 0.270184
0.0573916 0.0178004 0.00406398 9.9982E-005 0.614661 9.9982E-005 0.0461822 0.259701
0.0558494 9.9982E-005 0.585199 9.9982E-005 0.132131 0.135921 0.0179031 0.0727964
0.10475 0.102661 9.9973E-005 9.9973E-005 0.284681 9.9973E-005 0.0790356 0.428573
9.9955E-005 9.9955E-005 0.275546 9.9955E-005 0.359161 9.9955E-005 9.9955E-005 0.364793
0.0188936 0.0625694 0.0420572 0.108113 0.58831 0.0611759 0.115033 0.00384854
9.9964E-005 9.9964E-005 0.0599433 9.9964E-005 9.9964E-005 0.206599 0.159411 0.573647
9.9973E-005 9.9973E-005 0.264172 0.166575 0.165759 9.9973E-005 0.0654313 0.337763
9.9973E-005 0.0676199 0.468077 9.9973E-005 0.0803492 9.9973E-005 0.285137 0.0985169
0.063122 0.101462 0.0489871 9.9991E-005 0.448768 0.00162621 0.00816144 0.327773
0.0135021 0.0183498 9.9982E-005 9.9982E-005 0.491008 0.0785209 0.0506952 0.347724
0.00626783 0.0681815 0.358288 9.9982E-005 0.229636 9.9982E-005 0.0983922 0.239034
0.101097 0.0747619 9.9973E-005 9.9973E-005 0.396705 0.136838 9.9973E-005 0.290298
0.0171817 0.154341 0.000171455 9.9982E-005 0.609168 9.9982E-005 0.0861087 0.132829
9.9964E-005 0.0346738 0.839518 9.9964E-005 9.9964E-005 0.0918968 0.0335113 9.9964E-005
0.0568447 0.107346 9.9973E-005 9.9973E-005 0.535946 9.9973E-005 0.0748946 0.224669
0.0131628 0.0414986 9.9982E-005 9.9982E-005 0.6879 0.0313581 0.0117363 0.214144
0.0503668 0.0745467 9.9982E-005 9.9982E-005 0.57821 0.0139801 0.0577789 0.224918
0.127968 0.0674881 0.0193014 9.9991E-005 0.486632 0.0465427 0.196111 0.0558564
0.0101095 0.0647037 9.9982E-005 9.9982E-005 0.569283 0.0790892 0.0576657 0.218949
9.9973E-005 0.154895 9.9973E-005 9.9973E-005 0.508651 0.00111331 0.127498 0.207543
0.0813569 0.0731496 0.0303985 9.9982E-005 0.66802 9.9982E-005 0.0927549 0.0541204
0.0473853 0.0592052 0.0855614 9.9982E-005 0.462039 0.054122 9.9982E-005 0.291488
0.00773396 0.110004 0.485408 9.9991E-005 0.0228742 0.0678168 0.00881014 0.297253
9.9973E-005 0.0228084 0.0181058 9.9973E-005 0.530318 9.9973E-005 0.256807 0.171661
9.9982E-005 0.0164159 9.9982E-005 0.00812438 0.748097 0.0372913 0.135537 0.0543336
0.00280372 0.0565876 0.175911 9.9991E-005 0.35964 0.130665 0.106771 0.167522
0.0241639 0.031696 0.351479 9.9991E-005 0.142997 0.131219 0.138233 0.180111
0.0708424 0.0167796 9.9982E-005 0.0641956 0.704641 0.00953933 0.133802 9.9982E-005
0.00107507 9.9982E-005 0.226662 9.9982E-005 0.487304 0.0161516 0.0735135 0.195094
9.9991E-005 0.0285398 0.038143 0.00997693 0.670914 0.0624845 0.10734 0.0825018
0.0239694 9.9982E-005 0.291647 0.000794937 0.29238 9.9982E-005 0.0702535 0.320755
0.00546889 9.9982E-005 0.0915411 0.160731 0.310828 9.9982E-005 0.170422 0.260809
9.9973E-005 0.0587951 0.444744 9.9973E-005 0.129422 9.9973E-005 0.200014 0.166725
9.9982E-005 0.07114 0.239288 9.9982E-005 0.566664 0.102422 0.00407796 0.0162079
0.0885331 0.0371955 9.9991E-005 0.00146169 0.34902 0.0883511 0.242644 0.192695
0.033185 0.102778 0.150223 9.9991E-005 0.279293 0.036174 0.010102 0.388145
0.0282698 0.0870274 9.9982E-005 9.9982E-005 0.4254 0.0363339 0.158985 0.263784
0.0776893 9.9964E-005 9.9964E-005 9.9964E-005 0.512931 9.9964E-005 0.117044 0.291936
0.0256456 0.0970121 9.9982E-005 9.9982E-005 0.29057 0.0237076 0.220048 0.342817
9.9982E-005 9.9982E-005 0.212397 0.0201802 0.29969 0.114843 0.135543 0.217145
9.9973E-005 0.0365395 9.9973E-005 0.0224447 0.286179 9.9973E-005 0.126405 0.528132
0.0840555 0.19977 9.9973E-005 9.9973E-005 0.342071 9.9973E-005 0.102506 0.271298
0.0623892 0.0642263 0.00125203 9.9982E-005 0.64255 9.9982E-005 0.0899029 0.139479
0.0118122 0.00686075 0.530402 0.0131839 0.408323 0.0194706 9.9991E-005 0.00984751
0.055463 0.020634 0.853207 9.9964E-005 9.9964E-005 0.070296 9.9964E-005 9.9964E-005
0.0789886 0.0242698 0.0690091 0.0153339 0.472866 0.00751148 9.9991E-005 0.331921
0.000508808 0.188164 0.0466803 9.9991E-005 0.395283 0.0392104 0.0228829 0.30717
0.0220261 0.160506 0.0444349 0.0397456 0.108583 9.9991E-005 0.128048 0.496557
0.0173221 0.128432 0.0511417 9.9973E-005 0.163743 9.9973E-005 9.9973E-005 0.639061
0.0568751 9.9982E-005 0.237543 9.9982E-005 0.335282 0.00855342 0.0944261 0.26712
0.0876952 0.100613 0.0878872 9.9991E-005 0.400817 0.175592 0.0767759 0.0705202
0.024354 9.9982E-005 9.9982E-005 0.00448514 0.527923 0.135001 0.218558 0.0894785
9.9973E-005 0.25811 9.9973E-005 0.0291516 0.48853 9.9973E-005 0.0702771 0.153632
0.0530216 0.016189 0.0315854 9.9991E-005 0.570445 0.0448619 0.132187 0.15161
0.110899 0.0207925 9.9982E-005 0.0509049 0.676697 9.9982E-005 0.0110953 0.129411
0.00289145 9.9973E-005 9.9973E-005 0.0375217 0.733176 9.9973E-005 0.0449106 0.1812
0.0730013 9.9973E-005 9.9973E-005 9.9973E-005 0.596919 0.0207443 0.0885404 0.220495
0.0531031 9.9973E-005 9.9973E-005 9.9973E-005 0.0379291 0.131034 0.323711 0.453923
0.0500684 0.0833139 9.9991E-005 0.0407502 0.516114 0.0343807 0.0529249 0.222348
0.080649 0.122901 0.0632844 9.9991E-005 0.408978 0.0418197 0.193005 0.0892638
0.0500651 0.165635 9.9982E-005 9.9982E-005 0.465482 0.0673698 0.0442265 0.207022
0.124414 0.0640155 0.0388187 0.0193266 0.42977 9.9991E-005 0.0884761 0.235078
0.0258066 0.119286 0.12225 9.9991E-005 0.551866 0.0149264 0.142904 0.0228619
0.0408795 9.9982E-005 0.513881 0.0633779 0.071706 0.147978 0.161977 9.9982E-005
9.9982E-005 0.109513 0.347031 9.9982E-005 0.115858 0.0283649 0.0297117 0.369321
0.0120901 0.0503419 0.754476 9.9973E-005 0.169244 0.0135477 9.9973E-005 9.9973E-005
0.104133 0.024119 9.9973E-005 9.9973E-005 0.560891 9.9973E-005 0.0412568 0.2693
0.0397076 0.0176713 0.768496 9.9973E-005 0.146084 9.9973E-005 0.0277415 9.9973E-005
0.0485845 9.9973E-005 0.687485 9.9973E-005 9.9973E-005 0.137258 0.0240268 0.102345
0.0193335 0.266189 0.00620281 9.9991E-005 0.448461 0.116971 0.0290071 0.113736
9.9982E-005 0.141693 0.00435058 0.0716921 0.498348 9.9982E-005 0.136447 0.14727
9.9982E-005 0.117756 9.9982E-005 0.0647255 0.526821 0.0355296 0.116588 0.13838
0.0171261 0.0433027 0.623477 9.9982E-005 0.155232 0.0332867 9.9982E-005 0.127376
0.0543197 9.9991E-005 0.0181506 0.0406776 0.689128 0.00154127 0.111425 0.0846578
0.016249 0.0565679 0.336458 9.9991E-005 0.0112166 0.0433007 0.054152 0.481956
0.0835468 9.9964E-005 0.040438 9.9964E-005 0.535736 9.9964E-005 0.33988 9.9964E-005
0.0453749 0.162195 0.689642 9.9973E-005 9.9973E-005 9.9973E-005 0.068677 0.0338112
9.9991E-005 0.0984559 0.0943258 0.0716659 0.283486 0.0151187 0.0252428 0.411605
0.0598707 9.9991E-005 0.0236514 0.0164236 0.702552 0.0108433 0.0480917 0.138468
0.0321154 0.0319972 9.9982E-005 9.9982E-005 0.706892 0.0310709 0.063708 0.134017
9.9982E-005 0.0345095 9.9982E-005 0.089043 0.342165 0.0108384 0.10754 0.415703
9.9955E-005 9.9955E-005 0.650105 9.9955E-005 0.242661 0.106734 9.9955E-005 9.9955E-005
0.0438611 9.9982E-005 0.187493 9.9982E-005 0.423142 0.0739202 0.0545309 0.216852
0.059779 9.9991E-005 0.310691 0.0881884 0.0567162 0.080946 0.101153 0.302426
0.0531433 0.0494353 0.0115668 0.00594325 0.554397 0.0765306 0.152154 0.0968297
0.046119 9.9973E-005 0.636085 0.012927 0.0699065 9.9973E-005 9.9973E-005 0.234663
9.9982E-005 0.149532 0.0607371 0.202653 0.306517 9.9982E-005 0.0817334 0.198628
0.00111069 0.0515041 0.350169 9.9982E-005 0.154614 0.0994822 9.9982E-005 0.34292
0.0130107 0.0200234 9.9982E-005 0.100298 0.517717 9.9982E-005 0.185349 0.163402
0.0817096 9.9982E-005 0.169132 9.9982E-005 0.180885 0.155749 0.0045758 0.407748
9.9973E-005 0.0525758 0.481988 0.0147706 0.28711 9.9973E-005 9.9973E-005 0.163255
0.00793607 0.0467236 9.9991E-005 0.0870385 0.512813 0.102706 0.173616 0.0690673
0.123608 9.9973E-005 9.9973E-005 9.9973E-005 0.458878 0.175491 0.149113 0.0926093
9.9973E-005 0.257896 9.9973E-005 9.9973E-005 0.448557 0.0244674 0.129534 0.139246
0.0396429 0.0905676 0.0207717 0.0287899 0.609863 9.9982E-005 0.210165 9.9982E-005
9.9973E-005 9.9973E-005 0.315607 9.9973E-005 0.0542171 0.0245359 0.167096 0.438243
9.9973E-005 0.129808 9.9973E-005 0.0209553 0.448063 9.9973E-005 0.0842992 0.316574
0.128745 0.0600037 9.9982E-005 9.9982E-005 0.692635 0.0547577 0.0190974 0.0445621
9.9973E-005 0.0510523 0.0111907 9.9973E-005 0.611151 9.9973E-005 0.107622 0.218684
0.0610529 9.9982E-005 0.45926 9.9982E-005 0.0855217 0.0747653 0.0385141 0.280686
0.0230046 9.9982E-005 0.203711 9.9982E-005 0.223867 0.0735852 0.0956025 0.380029
0.00376524 0.162444 0.0140553 0.0110672 0.621497 0.0346076 0.0455716 0.106992
0.0652553 0.13274 0.0580837 9.9982E-005 9.9982E-005 0.0929534 0.18552 0.465247
0.0611847 0.0899172 0.156621 9.9991E-005 0.22855 0.11099 0.0766838 0.275954
9.9973E-005 0.0160889 9.9973E-005 9.9973E-005 0.244112 0.173469 0.11826 0.44777
0.138758 0.0501412 0.364408 9.9991E-005 0.0640616 0.0477565 0.0267595 0.308015
0.142252 0.0819599 0.00791058 9.9982E-005 0.201917 9.9982E-005 0.0998226 0.465937
0.116133 9.9964E-005 0.437281 9.9964E-005 0.283828 9.9964E-005 9.9964E-005 0.162359
0.0310489 9.9982E-005 9.9982E-005 0.00609155 0.728973 0.143624 0.0427086 0.0473543
0.0456905 9.9973E-005 9.9973E-005 0.0416637 0.606241 9.9973E-005 0.172369 0.133736
0.0799587 9.9973E-005 9.9973E-005 0.0274682 0.725158 0.0062335 9.9973E-005 0.160882
9.9973E-005 9.9973E-005 9.9973E-005 0.00565113 0.728352 0.0557959 0.182918 0.0269837
0.0365201 9.9982E-005 9.9982E-005 0.0280391 0.454523 0.113953 0.276655 0.0901096
0.0529324 0.0660542 9.9982E-005 0.035361 0.431528 9.9982E-005 0.108311 0.305613
0.0565235 0.148251 0.264374 9.9973E-005 0.157893 9.9973E-005 9.9973E-005 0.372659
0.019223 0.0164326 9.9991E-005 0.0217767 0.141832 0.0324598 0.0865028 0.681673
0.0652105 0.0963981 9.9973E-005 9.9973E-005 0.666063 9.9973E-005 0.0476391 0.12439
9.9973E-005 9.9973E-005 0.0247319 9.9973E-005 0.666311 0.130941 0.0552939 0.122422
9.9982E-005 0.108888 0.0307054 9.9982E-005 0.226158 0.0833284 0.0454578 0.505263
0.0173574 0.112235 0.149353 0.0134842 0.110976 0.107854 9.9991E-005 0.48864
0.0428224 0.112806 9.9982E-005 0.0845381 0.35255 9.9982E-005 0.276394 0.13069
0.0816813 9.9982E-005 9.9982E-005 0.0131991 0.538702 0.129745 0.0507233 0.18575
9.9964E-005 9.9964E-005 0.658762 9.9964E-005 9.9964E-005 0.0889506 0.0127471 0.23914
0.0232258 9.9991E-005 0.645784 0.00194367 0.208007 0.0405469 0.0461181 0.0342741
0.0629251 0.0733512 9.9982E-005 9.9982E-005 0.40648 0.0956921 0.192658 0.168694
0.0624993 0.14687 0.00476328 0.272487 0.388615 0.0330931 0.0915717 9.9991E-005
9.9991E-005 0.310383 0.0579638 0.269357 0.0582479 0.199825 0.0365857 0.0675383
0.042098 0.31788 9.9991E-005 0.153524 0.274975 0.18143 0.00662113 0.0233718
0.0453469 0.0269194 9.9982E-005 0.110446 0.558102 9.9982E-005 0.0937235 0.165263
0.0592661 0.0498526 9.9991E-005 0.37472 0.323731 0.098637 0.0834755 0.0102175
0.0723141 0.0962183 0.00603438 0.368693 0.269894 0.0567198 0.0831412 0.0469854
0.0246119 0.0911525 0.0771657 0.445349 0.183978 9.9991E-005 0.0360815 0.141562
0.161217 0.233331 9.9991E-005 0.303842 0.0702274 0.0931343 0.0895804 0.0485672
0.0798939 0.203651 0.0272328 0.257518 0.168778 0.12456 0.0338711 0.104495
0.0606312 0.200482 0.000918938 0.139767 0.314546 0.175886 9.9991E-005 0.107668
9.9982E-005 0.162758 9.9982E-005 0.197647 0.156873 0.191543 0.13366 0.157319
9.9982E-005 0.226223 9.9982E-005 0.371626 0.151242 0.0371447 0.132924 0.0806403
9.9982E-005 0.22282 9.9982E-005 0.113844 0.435009 0.0207452 0.0976262 0.109756
0.162827 0.290542 9.9982E-005 0.0925186 0.19675 0.0450736 0.21209 9.9982E-005
0.0186222 0.263584 9.9982E-005 0.200132 0.366771 0.0442482 0.106443 9.9982E-005
9.9982E-005 0.271269 0.0638308 0.399424 0.151449 0.0866454 9.9982E-005 0.0271822
0.0115684 0.0219977 9.9991E-005 0.434635 0.308907 0.0335772 0.139224 0.0499904
0.0596316 0.0494021 9.9982E-005 0.294836 0.214824 0.124092 9.9982E-005 0.257015
0.016297 0.0126641 0.75528 0.0665897 0.0192645 9.9982E-005 0.129705 9.9982E-005
0.153934 0.0206325 0.0059122 0.220224 0.309856 0.0953346 0.194008 9.9991E-005
0.103907 0.220591 0.0198882 0.15992 0.324839 0.0356027 0.134626 0.000626334
9.9991E-005 0.018776 0.0792881 0.0344934 0.538453 0.124142 0.046085 0.158662
0.0571414 0.141994 0.00567303 0.515453 0.136213 0.143326 9.9982E-005 9.9982E-005
0.132529 0.147519 9.9982E-005 0.365256 9.9982E-005 0.136935 0.128318 0.0892439
0.0683645 0.0164112 0.0118107 0.144332 0.307751 9.99957E-005 0.234864 0.216367
0.0492944 0.21659 0.0170996 0.322648 0.248175 0.145993 9.9982E-005 9.9982E-005
9.9982E-005 0.279249 0.0384887 0.261094 0.252112 0.153939 0.0149168 9.9982E-005
0.116852 0.251897 9.9991E-005 0.165291 0.272747 0.133474 0.043245 0.0163951
0.162957 0.100898 9.9982E-005 0.380908 0.157287 0.18363 9.9982E-005 0.0141203
0.0851891 0.198226 0.0385524 0.327993 0.108188 0.104686 0.137065 9.9991E-005
0.109111 0.15108 9.9991E-005 0.440355 0.0468633 0.130837 0.101016 0.0206381
9.994E-005 9.994E-005 9.994E-005 9.994E-005 9.994E-005 0.9993 9.994E-005 9.994E-005
0.0885671 0.306819 0.00126354 0.220772 0.128078 0.139446 0.077213 0.0378427
0.13436 0.0901063 9.9982E-005 0.288915 0.312866 0.0797277 0.0938243 9.9982E-005
9.9982E-005 0.177861 0.128876 0.485896 0.0840895 9.9982E-005 0.0851003 0.0379779
0.076614 0.161891 0.0271949 0.399132 0.111053 0.119583 0.0263969 0.0781349
0.0578579 0.178197 0.060736 0.381801 0.0429503 9.9991E-005 0.137261 0.141097
0.149569 0.129843 9.9973E-005 9.9973E-005 0.507354 0.0977627 0.115172 9.9973E-005
9.9982E-005 0.272919 0.015588 0.335745 0.168294 0.036068 0.171185 9.9982E-005
0.0517514 0.293273 9.9982E-005 0.211902 0.261445 0.0797931 0.101636 9.9982E-005
9.9982E-005 0.159787 9.9982E-005 0.368818 0.220562 0.0981823 0.0545142 0.0979366
0.0282696 0.129942 9.9991E-005 0.372723 0.174379 0.0488303 0.0478463 0.19791
9.994E-005 9.994E-005 9.994E-005 9.994E-005 9.994E-005 0.9993 9.994E-005 9.994E-005
0.136864 9.9982E-005 9.9982E-005 0.0526313 0.55081 0.0626198 0.00376099 0.193114
0.058182 0.0515494 0.00111494 0.359567 0.202561 0.279863 0.0470617 9.9991E-005
0.00837831 9.9982E-005 0.237296 9.9982E-005 0.295506 0.0830081 0.00772405 0.367888
0.0131351 0.156476 9.9982E-005 9.9982E-005 0.320313 0.209287 0.0719945 0.228594
0.010666 0.0810344 9.9982E-005 0.14282 0.409256 9.9982E-005 0.0579031 0.298121
9.9982E-005 0.0921041 0.00353387 0.450102 0.212212 0.00983298 0.232015 9.9982E-005
0.202574 0.260505 0.0101628 0.153555 0.205959 0.0709177 0.0657945 0.0305319
0.181046 0.240705 0.0168843 0.280477 0.18556 0.090763 0.00446492 9.9991E-005
0.023147 0.0741741 9.9982E-005 0.362182 0.211743 0.132269 9.9982E-005 0.196284
0.0853548 0.196706 0.0433073 0.283145 0.22945 0.073827 0.000884071 0.0873262
0.0796202 0.261551 0.0158113 0.360743 0.254797 0.0272772 9.9982E-005 9.9982E-005
0.0687887 0.0247877 9.9982E-005 0.405349 0.217947 9.9982E-005 0.0479491 0.234978
9.9973E-005 0.0832129 9.9973E-005 0.457912 0.189842 0.265199 0.00353348 9.9973E-005
9.9973E-005 0.0956868 9.9973E-005 0.334116 0.276908 0.275157 0.0178333 9.9973E-005
0.283577 0.069574 9.9973E-005 9.9973E-005 0.153494 0.334051 9.9973E-005 0.159004
0.137061 0.0568409 9.9973E-005 0.483113 0.203452 0.119234 9.9973E-005 9.9973E-005
0.0709354 0.0747897 0.0130389 0.503644 0.292312 0.0450795 9.9982E-005 9.9982E-005
0.0685097 0.182419 0.0248288 0.407902 0.146479 0.0777721 0.0613925 0.0306965
0.0307861 0.212592 9.9991E-005 0.42373 0.215508 0.00959594 0.0597542 0.0479338
0.0226258 9.9982E-005 9.9982E-005 0.0522353 0.61401 0.105994 0.0666798 0.138255
0.125938 0.256819 9.9973E-005 0.234052 0.221269 0.161622 9.9973E-005 9.9973E-005
0.00412899 0.080182 0.216807 9.9973E-005 0.341363 9.9973E-005 9.9973E-005 0.357219
0.0857749 0.23433 0.000624115 0.302396 0.235694 0.0536553 0.0832282 0.00429676
0.0493987 0.18638 0.0925648 0.378839 0.129142 0.00998048 0.14461 0.0090847
0.0593442 0.0200836 0.0674921 0.00961298 0.378293 0.0723933 0.00258224 0.390199
0.0771727 0.310084 0.0254352 0.207326 0.208102 0.139067 9.9991E-005 0.0327128
9.9982E-005 0.193036 0.00328366 0.398852 0.234457 0.045422 9.9982E-005 0.124749
0.29011 0.121871 9.9973E-005 0.114416 9.9973E-005 0.420191 9.9973E-005 0.0531127
0.18665 0.153642 9.9982E-005 0.327205 0.136865 9.9982E-005 0.0595435 0.135895
0.0339529 0.174055 0.00613499 0.145461 0.255664 0.106176 0.177531 0.101025
0.107378 0.260135 9.9973E-005 0.382412 0.125113 9.9973E-005 9.9973E-005 0.124663
0.0270255 0.25455 0.00451959 0.409624 0.0982018 0.0578685 9.9991E-005 0.14811
0.0741055 0.106279 9.9982E-005 0.289448 0.371023 0.126722 0.0322232 9.9982E-005
9.9982E-005 0.147595 9.9982E-005 0.141011 0.279029 0.140955 0.0316015 0.259609
0.0893174 0.0969248 9.9991E-005 0.325246 0.12573 0.0181855 0.144247 0.20025
0.053291 0.182665 9.9991E-005 0.176524 0.259476 0.0907327 0.0605729 0.176639
9.9964E-005 0.108997 0.740126 0.0168181 9.9964E-005 9.9964E-005 9.9964E-005 0.133659
0.132484 0.217128 0.0762535 0.266751 0.243304 0.063879 9.9982E-005 9.9982E-005
0.0225618 9.9982E-005 0.0849386 0.0689839 0.516404 9.9982E-005 0.149397 0.157515
0.063895 0.172264 9.9982E-005 0.386672 9.9982E-005 0.105028 0.0940462 0.177894
0.0838712 0.0855986 9.9991E-005 0.237235 0.278922 0.0321662 0.239375 0.0427312
0.0543353 0.195647 9.9982E-005 0.194075 0.455974 9.9982E-005 0.0854802 0.0142893
0.00614329 0.0520564 9.9982E-005 0.0839428 0.65308 0.0905088 0.114069 9.9982E-005
0.0765282 9.9973E-005 9.9973E-005 0.255342 0.301734 0.249329 9.9973E-005 0.116767
0.00655269 0.247978 9.9982E-005 0.297203 0.248612 0.068596 9.9982E-005 0.130859
0.18331 0.104446 9.9982E-005 0.304104 0.223657 0.100479 9.9982E-005 0.0838046
0.0305062 0.12749 0.0376973 0.237916 0.256121 0.238642 0.071528 9.9991E-005
0.0282592 0.13307 0.0564843 9.9991E-005 0.322867 0.112097 0.291821 0.0553021
0.184126 0.0726204 0.0273195 0.299513 0.107668 0.113799 0.0181525 0.176802
0.0873424 0.279724 9.9982E-005 0.201594 0.168728 0.152245 9.9982E-005 0.110166
9.9973E-005 0.216631 9.9973E-005 0.338583 0.230979 0.140868 9.9973E-005 0.0726393
0.00422352 0.076072 0.0105703 0.0131416 0.582097 9.9991E-005 0.062486 0.25131
0.0700797 0.126186 9.9991E-005 0.414646 0.127127 0.0862251 0.00418058 0.171456
0.0636631 0.154158 9.9991E-005 0.380687 0.138539 0.0736578 0.0597677 0.129428
0.0638966 0.151493 9.9982E-005 0.117985 0.233171 0.280512 0.152742 9.9982E-005
0.127099 0.371426 9.9991E-005 0.120971 0.247691 0.046685 0.0684318 0.0175963
0.0451309 9.9964E-005 9.9964E-005 9.9964E-005 0.344946 9.9964E-005 0.0894079 0.520116
9.9964E-005 0.0409136 0.874968 9.9964E-005 9.9964E-005 0.0203308 9.9964E-005 0.0633878
0.0855532 0.0830871 9.9982E-005 0.329251 0.110686 0.168615 9.9982E-005 0.222607
0.0250923 0.328995 9.9973E-005 0.0701712 0.445564 0.129877 9.9973E-005 9.9973E-005
0.0613197 9.9982E-005 9.9982E-005 0.277644 0.18463 0.170562 0.0846643 0.220979
0.110046 0.0307707 0.0141908 0.323099 0.181892 0.0625073 0.277394 9.9991E-005
0.0879641 0.194446 0.0456857 0.413472 0.147086 0.0332937 0.00286233 0.0751909
9.9973E-005 0.0132611 9.9973E-005 0.429003 0.307884 0.155798 0.0937539 9.9973E-005
0.141077 0.116609 9.9991E-005 0.342848 0.171251 0.151554 0.0292475 0.0473148
0.0202708 0.0960704 0.0147926 0.481791 0.182709 0.117221 0.0485613 0.038584
0.105133 0.26763 0.0550636 0.383951 0.136399 0.0171838 0.000443857 0.0341956
0.0265284 0.0146702 9.9991E-005 0.251826 0.299905 0.246416 0.10071 0.0598433
0.0134716 0.0717364 9.9982E-005 0.0778049 0.31797 9.9982E-005 0.317495 0.201322
0.21435 0.128052 9.9991E-005 0.341331 0.116549 0.149248 0.00686925 0.0435005
0.115132 0.129139 9.9982E-005 0.206529 0.28191 0.216281 0.0508091 9.9982E-005
0.0220022 0.131826 9.9964E-005 9.9964E-005 0.573587 9.9964E-005 0.272185 9.9964E-005
0.097809 0.064232 0.0242139 0.423021 0.118461 0.0854653 0.148487 0.0383107
0.0129935 9.9973E-005 9.9973E-005 9.9973E-005 0.399841 0.0324271 0.1638 0.390638
0.0277456 0.117885 0.0232283 0.307193 0.21115 0.0919581 0.22074 9.9991E-005
0.0681085 0.223473 0.00290869 0.366837 0.227289 0.00461292 0.0853686 0.0214021
0.189858 9.9973E-005 9.9973E-005 9.9973E-005 0.406736 0.136061 0.00428215 0.262764
0.12194 0.116879 9.9991E-005 0.335801 0.129277 0.0279954 0.0801464 0.187861
0.0703813 0.0956497 9.9982E-005 0.231883 0.260198 9.9982E-005 0.108702 0.232985
0.0474243 0.839927 9.9973E-005 9.9973E-005 0.0500295 0.0197509 0.0425687 9.9973E-005
9.9946E-005 0.60491 0.39449 9.9946E-005 9.9946E-005 9.9946E-005 9.9946E-005 9.9946E-005
0.123917 0.165942 0.0203333 0.337734 0.280892 0.0242595 0.0468226 9.9991E-005
0.0185802 0.156008 0.00711287 0.25317 0.309302 0.192627 9.9991E-005 0.0630999
0.140308 0.0504966 9.9991E-005 0.34575 0.110179 0.112074 0.0751889 0.165903
0.0839105 0.097557 9.9991E-005 0.345507 0.253394 0.062075 0.0376294 0.119828
