9.9982E-005 0.042848 0.0467772 0.404196 9.9982E-005 0.297408 0.0982778 0.110293
0.0561062 9.9982E-005 0.156248 0.363587 0.221102 0.124732 0.0780249 9.9982E-005
0.00648091 9.9973E-005 0.160502 0.240508 9.9973E-005 0.318574 9.9973E-005 0.273635
0.119613 9.9982E-005 0.157521 0.594642 0.0544026 0.0189658 0.054656 9.9982E-005
9.9973E-005 9.9973E-005 0.00950993 0.515001 0.0375687 0.423291 0.0143292 9.9973E-005
0.814766 0.0706823 0.0378577 9.9964E-005 9.9964E-005 9.9964E-005 9.9964E-005 0.0762941
9.9982E-005 0.0694692 0.168285 0.49658 0.0313627 0.223023 0.0110798 9.9982E-005
0.871939 0.015039 9.9991E-005 0.0121717 0.0419606 0.00822704 0.0192327 0.0313296
0.0323223 9.9982E-005 0.055834 0.264976 9.9982E-005 0.419201 0.0692758 0.158191
9.9973E-005 9.9973E-005 0.192757 0.240311 0.0600291 0.401067 9.9973E-005 0.105536
0.0485621 9.9991E-005 0.0374524 0.49209 0.050404 0.158215 0.00683068 0.206346
0.280467 9.9982E-005 9.9982E-005 0.250071 0.132549 0.184138 0.0408155 0.111761
9.9973E-005 9.9973E-005 9.9973E-005 0.319226 0.0794194 0.428546 0.0238607 0.148648
0.0555711 9.9982E-005 0.116908 0.40553 0.0332158 0.147073 9.9982E-005 0.241501
0.625771 9.9973E-005 0.128844 9.9973E-005 0.210284 0.0144208 9.9973E-005 0.0203806
0.0476941 9.9982E-005 0.292727 0.326351 9.9982E-005 0.128871 0.0995028 0.104654
0.189988 9.9991E-005 0.151735 0.363745 0.012541 0.0201397 0.0710994 0.190652
9.9982E-005 0.113528 9.9982E-005 0.589655 0.0260192 0.081752 0.120451 0.0683944
0.0189221 9.9982E-005 0.0618468 0.333182 0.0743069 0.352222 9.9982E-005 0.15932
9.9955E-005 9.9955E-005 0.180784 0.698326 9.9955E-005 9.9955E-005 0.12039 9.9955E-005
9.9973E-005 9.9973E-005 9.9973E-005 0.439646 0.158411 0.294994 0.00537057 0.101278
0.0736185 9.9973E-005 0.183958 0.500777 9.9973E-005 0.154013 0.087333 9.9973E-005
9.9973E-005 9.9973E-005 0.241275 0.492443 0.0028727 0.206433 9.9973E-005 0.0566764
0.501469 9.9973E-005 0.386946 0.0283546 0.0382913 0.0446392 9.9973E-005 9.9973E-005
9.9973E-005 0.0317439 9.9973E-005 0.346244 9.9973E-005 0.298374 0.0999131 0.223425
0.652262 9.9991E-005 0.047985 0.0763998 0.148161 0.0530596 0.0117737 0.0102588
0.463396 0.0746075 0.155372 0.121049 9.9982E-005 0.056762 9.9982E-005 0.128614
0.290362 0.00234042 9.9982E-005 0.473932 0.0752545 0.139112 0.018799 9.9982E-005
0.597 0.0463308 0.155942 9.9973E-005 9.9973E-005 0.0153598 9.9973E-005 0.185068
0.156741 0.00525379 0.0582858 0.759052 9.9973E-005 0.0203677 9.9973E-005 9.9973E-005
0.437272 0.00683653 0.220555 0.222086 0.0720913 9.9991E-005 0.0195914 0.0214675
9.9973E-005 0.0327695 0.00511391 0.367899 9.9973E-005 0.500026 9.9973E-005 0.0938924
0.193155 9.9982E-005 0.2284 0.21861 9.9982E-005 0.243496 0.0322906 0.0838485
0.806708 9.9946E-005 9.9946E-005 0.192692 9.9946E-005 9.9946E-005 9.9946E-005 9.9946E-005
0.790988 0.0377646 0.0144215 9.9982E-005 0.105265 9.9982E-005 0.0355895 0.0157717
0.132708 9.9982E-005 9.9982E-005 0.343433 0.03058 0.382739 0.0190036 0.0913367
0.139475 9.9973E-005 9.9973E-005 0.567849 0.127702 0.0551769 9.9973E-005 0.109497
9.9982E-005 9.9982E-005 0.0346318 0.28973 0.0399869 0.378502 0.0365081 0.220441
0.64603 9.9973E-005 0.165703 0.0277345 9.9973E-005 0.0876579 0.0725747 9.9973E-005
0.407288 9.9982E-005 0.110625 0.0232137 9.9982E-005 0.160008 0.100292 0.198374
0.205022 9.9982E-005 0.108484 0.0779177 0.22486 0.197941 9.9982E-005 0.185575
9.9982E-005 0.0205591 0.132983 0.553581 0.0185377 0.235785 9.9982E-005 0.0383534
0.107328 9.9973E-005 0.126877 0.551244 9.9973E-005 0.0934588 0.120793 9.9973E-005
0.530989 9.9973E-005 9.9973E-005 0.129131 0.106707 9.9973E-005 0.166237 0.0666357
9.9982E-005 0.0217622 0.128643 0.245953 0.0677648 0.230231 9.9982E-005 0.305446
9.9982E-005 9.9982E-005 0.102515 0.186266 0.187111 0.26258 0.132017 0.129312
0.0709485 0.0461579 9.9982E-005 0.398349 9.9982E-005 0.16731 0.00598153 0.311052
0.0906501 0.0306485 0.0203552 0.336649 9.9982E-005 0.158316 9.9982E-005 0.363182
9.9973E-005 9.9973E-005 0.179705 0.0539467 9.9973E-005 0.470621 0.0454598 0.249968
0.482505 9.9973E-005 0.199237 0.0439795 9.9973E-005 0.26375 0.0102288 9.9973E-005
9.9982E-005 0.00594105 0.111502 0.449842 9.9982E-005 0.346401 0.0132563 0.072858
0.380444 0.0622031 0.0382506 0.28126 0.0524809 0.0117795 9.9991E-005 0.173482
0.010371 9.9982E-005 9.9982E-005 0.236031 0.204524 0.295444 0.0716518 0.181778
0.7826 0.00189032 0.0740016 0.0329029 0.108305 9.9973E-005 9.9973E-005 9.9973E-005
0.435689 9.9982E-005 0.0968284 0.168079 9.9982E-005 0.0596209 0.0412696 0.198313
9.9982E-005 9.9982E-005 0.0413903 0.497153 0.0516708 0.116373 0.0758715 0.217342
9.9973E-005 9.9973E-005 0.149442 0.498904 9.9973E-005 0.0877233 0.0605419 0.203089
0.155556 9.9991E-005 0.178974 0.459171 0.0017976 0.0663854 0.10639 0.0316263
0.278849 9.9973E-005 0.407521 0.246999 9.9973E-005 0.0614431 0.00488779 9.9973E-005
0.337157 9.9982E-005 9.9982E-005 0.61185 0.0036478 0.0307696 0.0123612 0.00401412
0.724254 9.9946E-005 9.9946E-005 9.9946E-005 9.9946E-005 9.9946E-005 9.9946E-005 0.275146
0.863177 9.9955E-005 0.0694141 9.9955E-005 9.9955E-005 9.9955E-005 9.9955E-005 0.0669092
0.0244555 0.0707377 9.9982E-005 0.599437 0.00305756 0.118988 9.9982E-005 0.183125
0.821034 9.9946E-005 0.178366 9.9946E-005 9.9946E-005 9.9946E-005 9.9946E-005 9.9946E-005
9.9973E-005 9.9973E-005 0.114433 0.307123 0.0976125 0.305317 9.9973E-005 0.175214
0.734213 9.9964E-005 0.0491065 9.9964E-005 0.162275 9.9964E-005 9.9964E-005 0.0540062
9.9973E-005 9.9973E-005 0.111025 0.412463 0.0498955 0.307586 0.118731 9.9973E-005
0.14814 9.9991E-005 0.142482 0.207128 0.183905 0.158928 0.0351482 0.124169
9.9973E-005 9.9973E-005 0.16729 0.300816 0.0521381 0.234024 9.9973E-005 0.245432
0.716302 0.0965056 0.0600612 9.9964E-005 9.9964E-005 9.9964E-005 9.9964E-005 0.126731
9.9973E-005 9.9973E-005 0.155895 0.252285 0.105825 9.9973E-005 0.199929 0.285766
0.0536871 9.9982E-005 0.070181 0.351386 9.9982E-005 0.245036 0.0953223 0.184187
0.260152 0.0656372 0.219276 0.29163 9.9982E-005 0.0748379 0.0882669 9.9982E-005
9.9991E-005 0.00919249 0.123534 0.291164 0.116814 0.290723 0.0334515 0.135021
0.0446435 0.00393058 0.0526064 0.321056 0.0188146 0.208754 0.0782421 0.271953
0.33649 9.9982E-005 0.181325 0.277422 0.0021612 0.157334 9.9982E-005 0.0450675
9.9982E-005 9.9982E-005 0.115617 0.521374 0.0856058 0.221513 0.0244308 0.0312592
0.146829 9.9973E-005 0.301695 0.235545 9.9973E-005 9.9973E-005 0.200201 0.11543
0.129433 9.9964E-005 0.0528881 9.9964E-005 9.9964E-005 0.362362 9.9964E-005 0.454916
9.9991E-005 0.020161 0.0526913 0.318792 0.077948 0.192063 0.057604 0.280641
9.9982E-005 9.9982E-005 0.156176 0.167186 0.116183 0.471848 0.0298241 0.0585828
0.0549573 9.9991E-005 0.0542045 0.429695 0.0701694 0.0879597 0.0548041 0.24811
0.057784 9.9991E-005 0.127607 0.532846 0.0890157 0.0234378 0.0238125 0.145396
9.9964E-005 9.9964E-005 0.120163 0.538067 0.194104 9.9964E-005 9.9964E-005 0.147267
9.9973E-005 9.9973E-005 0.016424 0.403375 0.028429 0.312218 9.9973E-005 0.239255
0.0441127 9.9991E-005 0.254686 0.20213 0.118286 0.19734 0.0481854 0.13516
0.336441 9.9973E-005 9.9973E-005 0.252043 0.0292136 0.336728 0.0452744 9.9973E-005
0.23127 0.029378 0.139226 0.426227 9.9982E-005 0.147684 9.9982E-005 0.0260146
0.773019 9.99551E-005 0.159135 0.0673458 9.99551E-005 9.99551E-005 9.99551E-005 9.99551E-005
0.241007 9.9991E-005 0.0902306 0.272619 0.0246135 0.177963 0.0723443 0.121122
9.9964E-005 9.9964E-005 0.225691 9.9964E-005 0.0839786 0.369154 9.9964E-005 0.320777
0.587631 0.059556 0.0166284 0.0129456 9.9982E-005 0.210978 9.9982E-005 0.112061
9.9973E-005 9.9973E-005 0.0757738 0.486485 0.0584109 0.323182 9.9973E-005 0.0558482
0.248665 9.9964E-005 9.9964E-005 0.517968 9.9964E-005 0.104505 9.9964E-005 0.128462
0.433911 9.9964E-005 0.278001 0.261998 9.9964E-005 9.9964E-005 9.9964E-005 0.0256897
0.844247 9.9955E-005 9.9955E-005 9.9955E-005 9.9955E-005 9.9955E-005 0.0556699 0.0995839
0.0663507 9.9982E-005 0.143911 0.279909 0.143393 0.341948 0.0242883 9.9982E-005
0.0311224 9.9973E-005 0.391276 0.186956 0.0181572 0.372188 9.9973E-005 9.9973E-005
9.9982E-005 9.9982E-005 0.392928 0.359298 0.0988659 0.110754 0.0286029 0.00935062
0.189117 9.9982E-005 0.0494755 0.570996 0.049091 9.9982E-005 0.0171655 0.123954
0.429507 9.9973E-005 0.209041 0.148486 0.114721 9.9973E-005 9.9973E-005 0.0979454
0.0533408 9.9973E-005 9.9973E-005 0.532396 0.149958 0.189961 9.9973E-005 0.0740439
9.9982E-005 0.0339135 0.200555 0.294903 9.9982E-005 0.403784 0.0342372 0.0324083
9.9955E-005 9.9955E-005 9.9955E-005 0.598854 9.9955E-005 9.9955E-005 0.131456 0.269191
9.9973E-005 0.00251553 0.167882 0.146737 9.9973E-005 0.498112 9.9973E-005 0.184453
0.710175 9.9973E-005 0.115196 9.9973E-005 0.0327639 0.0615995 0.0799657 9.9973E-005
0.422699 0.041816 0.238368 0.0111072 0.0303573 0.196497 0.0590554 9.9991E-005
9.9973E-005 9.9973E-005 0.202115 0.602968 9.9973E-005 0.143377 0.0109408 0.0402982
0.0449333 9.9982E-005 0.21276 0.436598 0.0966413 0.19579 9.9982E-005 0.0130768
9.9964E-005 9.9964E-005 0.145867 0.464773 9.9964E-005 0.238743 9.9964E-005 0.150216
0.472423 9.9964E-005 9.9964E-005 0.0321749 9.9964E-005 0.241978 9.9964E-005 0.253025
0.885557 0.0169138 0.0970298 9.9955E-005 9.9955E-005 9.9955E-005 9.9955E-005 9.9955E-005
0.409546 0.0162062 0.0875388 0.250264 9.9982E-005 0.104356 9.9982E-005 0.131889
9.9991E-005 0.00897103 0.00795339 0.592952 0.0606907 0.247386 0.00117372 0.0807727
0.0757331 9.9991E-005 0.120343 0.462141 0.0776585 0.0095621 0.0542966 0.200166
9.9964E-005 9.9964E-005 9.9964E-005 0.454449 0.22604 9.9964E-005 0.0750895 0.244021
9.9973E-005 9.9973E-005 0.139147 0.686636 0.0348553 9.9973E-005 0.0264385 0.112623
0.949731 0.00908024 9.9973E-005 9.9973E-005 0.0136318 9.9973E-005 0.0196925 0.00756423
0.0124382 0.0329334 9.9991E-005 0.677287 0.000786048 0.07048 0.0942317 0.111744
9.9982E-005 0.019454 0.163059 0.40782 9.9982E-005 0.0403241 0.0962778 0.272866
0.0785776 9.9991E-005 0.0856325 0.495832 0.034803 0.196243 0.0672719 0.0415396
0.602439 9.9973E-005 0.0629752 0.203537 0.0311764 9.9973E-005 9.9973E-005 0.0995723
9.9973E-005 0.0607386 0.0697432 0.562046 9.9973E-005 0.196072 9.9973E-005 0.111101
0.0406202 0.039339 0.112885 0.288002 0.0662476 0.366114 9.9991E-005 0.0866923
9.9973E-005 9.9973E-005 9.9973E-005 0.364755 0.0323134 0.320596 0.00279641 0.279239
0.0555102 9.9991E-005 0.0450673 0.330868 0.14065 0.166282 0.0799022 0.18162
0.55981 9.9982E-005 0.212344 0.161184 0.00577351 0.018434 0.0422542 9.9982E-005
0.821495 0.0353371 0.113096 9.9964E-005 0.0296723 9.9964E-005 9.9964E-005 9.9964E-005
9.9982E-005 9.9982E-005 0.158761 0.180914 0.151734 0.228574 0.00477984 0.275037
9.9991E-005 0.0204048 0.114084 0.24331 0.055154 0.10126 0.180057 0.28563
9.9973E-005 9.9973E-005 0.0689693 0.283906 9.9973E-005 0.435708 0.0264188 0.184698
9.9973E-005 9.9973E-005 9.9973E-005 0.126421 0.0485301 0.603922 0.0111104 0.209716
0.418616 9.9991E-005 0.0877821 0.328415 0.0513881 0.0256566 0.0425918 0.0454503
0.0938847 0.0997454 9.9982E-005 0.406587 0.109236 0.0186939 9.9982E-005 0.271653
0.144462 9.9982E-005 9.9982E-005 0.413155 0.0138867 0.262418 0.00389944 0.161979
9.9955E-005 9.9955E-005 0.727301 9.9955E-005 0.0428578 9.9955E-005 9.9955E-005 0.229342
0.442636 0.044985 0.311622 0.181891 9.9973E-005 0.0185665 9.9973E-005 9.9973E-005
0.283706 9.9991E-005 0.0303754 0.236583 0.0522936 0.179484 0.0780907 0.139367
9.9946E-005 9.9946E-005 0.730584 9.9946E-005 9.9946E-005 9.9946E-005 9.9946E-005 0.268816
0.539852 9.9973E-005 0.221299 0.0530672 0.0342354 9.9973E-005 0.151246 9.9973E-005
0.178425 9.9973E-005 0.0280145 0.584962 0.090067 9.9973E-005 9.9973E-005 0.118232
0.394051 9.9991E-005 0.0578802 0.174385 0.0566029 0.153224 0.134932 0.0288251
0.27307 9.9982E-005 0.0340044 0.0067042 9.9982E-005 0.553207 0.0172684 0.115546
0.18314 9.9982E-005 0.235226 0.120718 0.0794649 0.375771 0.00547893 9.9982E-005
0.685066 0.0860992 0.0737716 0.092253 0.0109042 0.0185138 9.9991E-005 0.0332923
0.247026 9.9982E-005 9.9982E-005 0.319191 0.0762357 0.155045 0.102354 0.0999491
0.22682 9.9991E-005 0.233752 0.193509 0.0302477 0.044512 0.0769796 0.194079
9.9982E-005 9.9982E-005 0.148478 0.199626 0.0394969 0.161353 0.167528 0.283318
9.9964E-005 9.9964E-005 9.9964E-005 0.509925 0.204198 9.9964E-005 0.163683 0.121794
9.9991E-005 0.0381106 0.0476886 0.157385 0.0119557 0.220793 0.0306236 0.493343
0.0623949 9.9973E-005 9.9973E-005 0.209433 0.0590158 0.610331 9.9973E-005 0.0585248
0.267064 0.0538861 0.0199948 0.445882 9.9982E-005 0.21156 9.9982E-005 0.00141349
0.740374 9.9955E-005 9.9955E-005 0.154949 9.9955E-005 9.9955E-005 0.104178 9.9955E-005
0.407253 0.0387429 0.117034 0.188676 9.9982E-005 0.0771101 9.9982E-005 0.170984
0.0100831 9.9973E-005 0.227388 9.9973E-005 9.9973E-005 0.458861 0.0572103 0.246157
9.9982E-005 9.9982E-005 0.130304 0.180835 0.0420823 0.350284 0.0260227 0.270272
0.794542 0.0541475 0.15081 9.9955E-005 9.9955E-005 9.9955E-005 9.9955E-005 9.9955E-005
9.9964E-005 0.0351267 9.9964E-005 0.151427 9.9964E-005 0.567334 9.9964E-005 0.245713
9.9982E-005 9.9982E-005 0.227752 0.447913 0.0357852 0.0346569 0.176612 0.0770814
0.208305 9.9982E-005 0.128741 0.26089 9.9982E-005 0.190365 0.0805123 0.130987
9.9973E-005 9.9973E-005 0.192964 0.327568 9.9973E-005 0.0274844 0.185135 0.266549
0.124083 9.9973E-005 0.176294 9.9973E-005 9.9973E-005 0.58352 0.0140393 0.101764
0.0135079 9.9973E-005 0.155958 9.9973E-005 9.9973E-005 0.24117 0.112831 0.476233
0.0241033 9.9991E-005 0.0696088 0.282003 0.220932 0.196978 0.0423341 0.16394
9.9982E-005 9.9982E-005 0.0817479 0.487291 0.0682586 0.222145 0.0216866 0.118671
9.9973E-005 9.9973E-005 0.0252763 0.524101 9.9973E-005 0.131914 0.105627 0.212782
0.169573 9.9973E-005 9.9973E-005 9.9973E-005 0.0313878 0.389076 0.00311766 0.406545
0.414183 9.9982E-005 0.221822 0.00114 9.9982E-005 0.169866 0.00616278 0.186626
0.251861 9.9973E-005 0.140062 0.179309 9.9973E-005 0.239026 9.9973E-005 0.189442
0.00806058 0.0545967 0.251361 0.265538 9.9982E-005 0.165682 9.9982E-005 0.254562
0.148372 9.9991E-005 0.18336 0.318807 0.0592228 0.0204631 0.110207 0.159468
0.112122 9.9973E-005 0.117304 0.415732 9.9973E-005 0.118173 9.9973E-005 0.23637
0.95371 9.9946E-005 0.0456905 9.9946E-005 9.9946E-005 9.9946E-005 9.9946E-005 9.9946E-005
0.075323 9.9982E-005 0.212047 0.14289 0.0363449 0.398795 9.9982E-005 0.134399
0.245347 0.00837811 0.45957 0.260052 9.9973E-005 9.9973E-005 9.9973E-005 0.0263522
9.9991E-005 0.0394532 0.417669 0.104573 0.0777715 0.19702 0.000456382 0.162958
0.249416 0.0030665 0.172357 0.455414 9.9991E-005 0.05442 0.0431603 0.0220663
0.564965 9.9991E-005 0.01329 0.0303136 0.0242038 0.296188 0.0180581 0.0528818
0.437804 9.9991E-005 0.0325872 0.261447 0.116832 0.0214802 0.0942522 0.0354965
0.523294 9.9964E-005 9.9964E-005 0.306152 9.9964E-005 9.9964E-005 0.0826892 0.087465
9.9964E-005 9.9964E-005 0.0659648 0.482451 9.9964E-005 0.426253 9.9964E-005 0.0249315
0.740934 9.9973E-005 0.163055 9.9973E-005 0.0377142 0.0443733 0.0136241 9.9973E-005
0.403085 0.0183448 0.0231749 0.255289 0.110641 0.0460917 9.9991E-005 0.143273
0.00871179 9.9982E-005 9.9982E-005 0.0592944 0.0129061 0.614478 0.0942067 0.210203
0.928947 9.99461E-005 0.0704534 9.99461E-005 9.99461E-005 9.99461E-005 9.99461E-005 9.99461E-005
0.441428 9.9973E-005 0.387808 0.00890628 9.9973E-005 0.0956681 9.9973E-005 0.0658893
0.0189805 0.0514397 0.30204 0.309952 0.090745 0.178204 9.9991E-005 0.0485392
0.365048 9.9982E-005 0.221893 0.26903 0.0173676 0.104321 9.9982E-005 0.0221411
0.0502117 9.9982E-005 0.157502 0.516444 9.9982E-005 0.0583423 0.0311605 0.186139
0.0227749 9.9973E-005 9.9973E-005 0.269744 9.9973E-005 0.297747 0.0345545 0.374879
0.283993 9.9982E-005 0.0963039 0.150708 0.0407103 0.401322 0.0267628 9.9982E-005
9.9982E-005 9.9982E-005 0.176295 0.552175 0.0495204 0.0706631 0.0106134 0.140533
9.9973E-005 9.9973E-005 0.00294485 0.546146 0.00794385 0.263125 9.9973E-005 0.17954
0.0473355 0.017084 0.130492 0.312364 0.0198536 0.135663 0.0494545 0.287754
0.18402 0.0207289 0.326469 0.0369219 9.9991E-005 0.2711 0.127066 0.0335941
0.23829 9.9964E-005 9.9964E-005 0.589846 9.9964E-005 0.0334382 0.138026 9.9964E-005
9.9973E-005 0.139072 9.9973E-005 0.449878 0.0072862 0.325092 0.0783715 9.9973E-005
0.0884957 0.0702241 0.122789 0.540287 0.124877 0.0261502 9.9991E-005 0.0270769
9.9982E-005 0.059725 0.176544 0.243047 0.162235 0.348167 0.0100828 9.9982E-005
9.9964E-005 0.064171 0.224466 0.324963 9.9964E-005 0.386 9.9964E-005 9.9964E-005
0.278772 9.9982E-005 0.0791631 0.257283 0.0894652 9.9982E-005 0.0974131 0.197704
0.0069001 9.9982E-005 0.113602 0.491861 0.165155 0.173586 9.9982E-005 0.0486957
0.0082917 9.9991E-005 0.141572 0.221745 0.0310519 0.239964 0.0826817 0.274593
9.9991E-005 0.106188 0.107838 0.117053 0.00728949 0.327159 0.0297956 0.304578
9.9982E-005 0.224509 0.0457934 0.137912 0.0447147 0.247753 9.9982E-005 0.299118
0.21807 9.9991E-005 0.144545 0.0508744 0.0858454 0.277972 0.00684418 0.215748
9.9973E-005 0.0107737 9.9973E-005 0.577125 9.9973E-005 0.310966 0.0610835 0.0397518
0.160797 9.9973E-005 0.231758 0.251166 9.9973E-005 0.285316 9.9973E-005 0.0706624
0.0134981 9.9982E-005 0.0948318 0.385062 9.9982E-005 0.302944 0.128088 0.0753764
9.9973E-005 9.9973E-005 9.9973E-005 0.524257 0.176349 0.183573 0.0200587 0.095463
9.9982E-005 0.00926466 0.0576505 0.349845 0.170356 0.28206 9.9982E-005 0.130624
0.319505 9.9973E-005 0.0835273 0.373373 0.0823444 9.9973E-005 0.14095 9.9973E-005
0.388294 9.9964E-005 0.199118 0.277329 0.134859 9.9964E-005 9.9964E-005 9.9964E-005
9.9973E-005 9.9973E-005 0.0163864 0.824945 0.0318129 0.119163 0.00739297 9.9973E-005
9.9982E-005 9.9982E-005 0.00732908 0.282272 0.00863619 0.272921 0.105674 0.322968
9.9991E-005 0.0151412 0.0327221 0.40345 0.020467 0.221512 0.0284353 0.278173
0.01679 9.9973E-005 0.052425 0.142871 9.9973E-005 0.290627 9.9973E-005 0.496987
0.265326 9.9973E-005 0.213174 0.0926944 9.9973E-005 0.0773137 9.9973E-005 0.351192
0.184182 9.9991E-005 0.227565 0.210176 0.169156 0.135521 0.0180563 0.0552441
9.9991E-005 0.0444205 0.186601 0.224349 0.169805 0.233967 0.0492161 0.0915401
0.437637 9.9973E-005 0.301064 9.9973E-005 0.0430791 0.0638736 0.154046 9.9973E-005
0.223011 9.9973E-005 9.9973E-005 0.418762 9.9973E-005 0.178822 0.10355 0.0755547
0.0485356 0.00764135 0.303155 0.143957 0.1207 9.9982E-005 9.9982E-005 0.37581
0.693152 9.9973E-005 0.0821017 9.9973E-005 9.9973E-005 0.0624996 0.00622575 0.155721
0.0333202 0.00130459 0.0731842 0.1275 0.0970006 0.392586 0.00904717 0.266057
0.00657542 9.9982E-005 0.109002 0.244006 0.0185077 0.386619 9.9982E-005 0.23509
0.0470034 9.9973E-005 0.0567654 0.618526 9.9973E-005 0.22932 9.9973E-005 0.0480855
9.9982E-005 9.9982E-005 0.00473522 0.326212 0.0809686 0.215512 0.187939 0.184433
9.9973E-005 0.092815 0.157913 0.219189 0.0613729 9.9973E-005 9.9973E-005 0.46841
9.9973E-005 9.9973E-005 0.185616 0.429138 0.133613 0.142207 9.9973E-005 0.109126
9.9973E-005 9.9973E-005 9.9973E-005 0.565746 0.0293589 0.136685 0.134821 0.13309
9.9982E-005 0.00165681 0.143715 0.604017 9.9982E-005 0.0435156 0.0400288 0.166866
0.134981 9.9973E-005 0.111703 9.9973E-005 9.9973E-005 0.473052 0.0953848 0.184579
9.9982E-005 9.9982E-005 0.115811 0.303357 0.0244311 0.377886 0.0305721 0.147743
9.9964E-005 9.9964E-005 0.13281 0.487266 0.0819405 9.9964E-005 9.9964E-005 0.297584
0.168192 9.9973E-005 0.232381 0.0148003 0.0982251 9.9973E-005 9.9973E-005 0.486102
9.9982E-005 9.9982E-005 0.263434 0.340854 0.0721071 0.197457 0.043193 0.0827549
9.9964E-005 9.9964E-005 0.223966 0.490252 0.145968 9.9964E-005 9.9964E-005 0.139414
0.342761 9.9982E-005 9.9982E-005 0.379047 0.0256109 0.0206227 0.00347876 0.22828
0.244626 9.9982E-005 0.348477 0.281626 9.9982E-005 0.00736956 0.0414714 0.0762301
0.00580916 0.0241756 9.9982E-005 0.672736 9.9982E-005 0.142205 0.00777379 0.1471
0.537873 9.9991E-005 0.0250343 0.0442388 0.00678246 0.16524 0.00705441 0.213677
0.0044671 9.9973E-005 9.9973E-005 0.307729 0.0809005 0.184183 9.9973E-005 0.422421
0.34279 9.9964E-005 0.136039 0.401913 9.9964E-005 9.9964E-005 9.9964E-005 0.118858
9.9982E-005 0.0433831 9.9982E-005 0.392007 0.0097787 0.424182 0.0267623 0.103687
0.0724268 9.9964E-005 0.592149 9.9964E-005 9.9964E-005 0.311651 9.9964E-005 0.0233728
0.30021 0.218994 0.13754 0.249464 9.9973E-005 9.9973E-005 9.9973E-005 0.0934922
0.396209 9.9973E-005 0.295298 0.200801 0.0611172 9.9973E-005 0.0462745 9.9973E-005
0.0536053 9.9973E-005 9.9973E-005 0.387991 0.0313903 0.472833 9.9973E-005 0.0538804
9.9973E-005 9.9973E-005 0.166405 0.496844 9.9973E-005 0.0451247 0.054797 0.236529
0.348224 9.9982E-005 0.194306 0.30206 0.0437544 0.0969111 0.0145443 9.9982E-005
0.0116253 9.9991E-005 0.0860771 0.385363 0.211219 0.143081 0.11146 0.0510747
0.000265783 0.043465 0.0582534 0.624013 0.0235523 0.250251 9.9982E-005 9.9982E-005
0.768561 9.9964E-005 0.110833 9.9964E-005 9.9964E-005 0.0460438 0.074162 9.9964E-005
0.00373885 9.9982E-005 0.0858919 0.322042 0.152279 0.253236 9.9982E-005 0.182612
9.9973E-005 9.9973E-005 0.0969014 0.539265 0.0409536 0.195695 9.9973E-005 0.126885
0.014464 9.9973E-005 9.9973E-005 0.547117 0.107521 0.232384 9.9973E-005 0.0982141
0.0264537 9.9991E-005 0.102643 0.367818 0.0452783 0.16764 0.124244 0.165822
0.057697 9.9982E-005 0.0769817 0.498546 0.0642993 0.244794 9.9982E-005 0.0574822
9.9955E-005 9.9955E-005 9.9955E-005 0.40588 9.9955E-005 0.373572 9.9955E-005 0.220048
0.0272255 9.9982E-005 0.0212194 0.639265 0.0078724 9.9982E-005 0.126507 0.177711
0.0974095 9.9982E-005 0.060853 0.576433 9.9982E-005 0.128824 0.051944 0.0843371
0.453371 9.9982E-005 0.147022 0.037081 0.0995498 0.236826 0.0259506 9.9982E-005
9.9964E-005 9.9964E-005 0.0954186 0.46023 9.9964E-005 0.304418 9.9964E-005 0.139533
9.9982E-005 9.9982E-005 0.0306872 0.583602 0.00464498 0.0761629 0.0537228 0.25098
0.09154 9.9991E-005 0.396637 0.0671066 0.0288643 0.310453 0.0482865 0.0570124
0.298539 9.9973E-005 0.2849 0.319005 0.053723 9.9973E-005 0.0435327 9.9973E-005
9.9982E-005 0.020552 0.0713902 0.391183 0.0549154 0.258172 9.9982E-005 0.203588
0.282511 9.9973E-005 0.0180308 0.503947 9.9973E-005 9.9973E-005 0.0437893 0.151422
0.00819384 9.9973E-005 9.9973E-005 0.440106 9.9973E-005 0.328646 0.0651763 0.157577
0.275776 0.012994 0.170751 0.230564 9.9982E-005 0.186214 9.9982E-005 0.123501
0.0884489 0.0585623 0.293173 0.257742 0.0490205 0.0499359 9.9991E-005 0.203017
0.368996 9.9982E-005 0.256493 0.131745 0.131393 0.015438 9.9982E-005 0.095735
0.262791 9.9991E-005 0.0400666 0.424462 0.0376108 0.093651 0.0433362 0.0979819
0.0195421 0.00411895 0.149281 0.183386 0.0156181 0.319311 0.17753 0.131212
0.26201 9.9982E-005 0.0107879 0.384338 0.242848 9.9982E-005 0.0409632 0.0588535
9.9982E-005 9.9982E-005 0.0956635 0.141758 0.000710678 0.467852 0.0136049 0.280211
0.00930504 9.9982E-005 0.132649 0.404123 9.9982E-005 0.0498808 0.071798 0.332044
9.9973E-005 9.9973E-005 0.241719 0.17254 0.0587966 0.335905 9.9973E-005 0.190739
0.166955 0.0150006 0.347247 0.37825 9.9973E-005 9.9973E-005 9.9973E-005 0.0922468
0.0193495 9.9982E-005 0.231676 0.294808 0.0369132 0.279744 9.9982E-005 0.137309
9.9982E-005 9.9982E-005 0.066325 0.119383 0.12348 0.463884 0.160253 0.066476
9.9982E-005 0.0749239 0.150515 0.49457 0.00211341 0.206444 9.9982E-005 0.0712336
0.552543 0.0344507 0.0421228 0.197281 0.0623277 0.111074 9.9982E-005 9.9982E-005
0.846456 9.9964E-005 9.9964E-005 9.9964E-005 0.0445838 0.0635222 0.0450378 9.9964E-005
0.0756413 0.0957038 0.177987 0.397107 0.00247297 0.19493 9.9991E-005 0.0560579
0.0978086 9.9982E-005 9.9982E-005 0.383463 0.257443 0.240059 0.00231534 0.018712
0.0809195 0.000420545 0.253524 0.0629555 0.0748 0.378515 0.0516556 0.0972097
0.17822 9.9982E-005 0.200314 0.307377 0.103439 0.169145 9.9982E-005 0.0413046
0.223774 9.9982E-005 0.0708335 0.368495 0.099837 0.106187 0.130674 9.9982E-005
0.0508017 9.9982E-005 0.115672 0.406685 0.04358 0.178173 0.204888 9.9982E-005
9.9973E-005 9.9973E-005 0.0787856 0.191735 9.9973E-005 0.394664 0.0829484 0.251568
0.00925255 9.9982E-005 0.00454442 0.349898 0.259341 0.10453 9.9982E-005 0.272233
9.9973E-005 0.0310616 0.0455729 0.385309 9.9973E-005 0.213671 9.9973E-005 0.324085
9.9982E-005 0.0512067 9.9982E-005 0.573167 0.0114424 0.0767266 0.0721159 0.215141
9.9973E-005 9.9973E-005 0.132622 0.657464 9.9973E-005 0.0737531 0.0233313 0.11253
9.9973E-005 9.9973E-005 0.105499 0.488904 9.9973E-005 0.110873 0.0382784 0.256146
9.9973E-005 9.9973E-005 0.520734 0.145762 9.9973E-005 0.0560371 0.117861 0.159306
9.9973E-005 0.0857738 0.115483 0.41775 0.105968 0.274725 9.9973E-005 9.9973E-005
0.049555 9.9991E-005 0.180185 0.386452 0.0843243 0.165357 0.077664 0.0563629
0.0102655 0.0241219 0.0976657 0.328398 0.0849927 0.288663 9.9991E-005 0.165793
0.0417541 0.0521543 9.9964E-005 0.314478 9.9964E-005 0.591214 9.9964E-005 9.9964E-005
0.128532 9.9973E-005 9.9973E-005 0.565699 0.075641 0.174233 0.0555956 9.9973E-005
0.501257 9.9982E-005 0.130402 0.125545 0.042439 9.9982E-005 0.183685 0.0164731
0.373157 9.9973E-005 0.26288 0.108036 0.110785 0.144842 9.9973E-005 9.9973E-005
0.813216 9.99551E-005 9.99551E-005 0.148335 9.99551E-005 9.99551E-005 0.0379494 9.99551E-005
9.9973E-005 9.9973E-005 0.0832216 0.488061 9.9973E-005 0.229362 0.0122399 0.186816
0.707934 9.9964E-005 0.0892202 0.0761177 9.9964E-005 9.9964E-005 0.126328 9.9964E-005
0.662541 0.0564454 0.1736 9.9973E-005 9.9973E-005 9.9973E-005 0.0659151 0.0411991
9.9973E-005 9.9973E-005 0.136759 0.208614 0.19412 0.391518 9.9973E-005 0.0686891
0.0148318 0.0546062 0.0375231 0.487125 0.0162272 0.188729 0.068045 0.132912
9.9973E-005 9.9973E-005 0.086862 0.383259 0.163019 0.231023 9.9973E-005 0.135536
0.714867 9.9964E-005 0.0106645 0.143402 0.130667 9.9964E-005 9.9964E-005 9.9964E-005
9.9964E-005 9.9964E-005 9.9964E-005 0.472957 9.9964E-005 0.167003 0.00295293 0.356687
0.331314 9.9991E-005 0.315522 0.0300206 0.0809546 0.0877674 0.058832 0.0954894
9.9982E-005 9.9982E-005 0.286387 0.263039 0.00366941 0.294735 0.0627048 0.0892647
0.762851 9.9964E-005 9.9964E-005 9.9964E-005 0.0341577 0.155052 0.0475399 9.9964E-005
0.099571 0.0465351 0.25997 0.221048 0.100596 0.199716 9.9991E-005 0.0724637
0.0281099 9.9982E-005 0.0469583 0.578216 9.9982E-005 0.0938867 0.0529206 0.199709
0.00136151 9.9982E-005 0.0117943 0.771816 9.9982E-005 0.0479574 0.0960684 0.0708026
9.9973E-005 0.0516643 0.169231 0.346183 9.9973E-005 0.340858 9.9973E-005 0.0917635
0.715154 0.00113597 0.00274169 0.253035 0.0276332 9.9973E-005 9.9973E-005 9.9973E-005
0.186826 0.0404998 0.170312 0.339344 9.9982E-005 0.228353 9.9982E-005 0.0344656
0.362292 0.0851205 0.270923 0.129206 9.9982E-005 0.0458612 0.106397 9.9982E-005
9.9982E-005 0.0703462 0.191538 0.29112 9.9982E-005 0.125197 0.144262 0.177338
0.731864 0.0518755 9.9964E-005 0.107308 9.9964E-005 9.9964E-005 0.108553 9.9964E-005
0.0850367 0.109393 0.0835047 0.183261 0.122829 0.280043 9.9991E-005 0.135833
0.375875 9.9982E-005 0.164618 0.0275621 0.0291969 0.311461 9.9982E-005 0.0910881
9.9982E-005 0.0631847 0.103474 0.41884 0.0653048 0.328469 9.9982E-005 0.0205279
0.152167 0.0119444 0.155857 9.9982E-005 9.9982E-005 0.386823 0.0305575 0.26245
0.599754 9.9964E-005 0.0677339 0.0544273 9.9964E-005 0.277685 9.9964E-005 9.9964E-005
9.9982E-005 9.9982E-005 0.260885 0.407837 0.0735307 0.0705306 0.0846694 0.102347
9.9973E-005 9.9973E-005 0.164476 0.534597 0.0135368 0.143073 0.144017 9.9973E-005
9.9973E-005 9.9973E-005 0.0637633 0.24712 0.225169 0.429693 9.9973E-005 0.0339544
0.0123021 0.0284886 0.0183555 0.322586 0.0841414 0.367967 0.0788789 0.0872802
0.386428 9.9973E-005 0.196662 0.0638425 9.9973E-005 0.297919 0.0548478 9.9973E-005
0.0354699 0.00559234 9.9991E-005 0.40774 0.0454565 0.285846 0.0330027 0.186793
9.9973E-005 0.0238398 9.9973E-005 0.458251 9.9973E-005 0.379587 0.062026 0.0759962
0.00024813 0.0013173 0.146643 0.653086 0.0680589 0.130447 9.9982E-005 9.9982E-005
0.42159 0.00322589 0.309105 0.132136 9.9973E-005 9.9973E-005 9.9973E-005 0.133642
0.25315 9.9982E-005 0.12289 0.316734 0.0505934 0.136819 9.9982E-005 0.119614
0.0167326 9.9973E-005 9.9973E-005 0.302368 0.0408123 0.455571 9.9973E-005 0.184216
0.0648724 9.9982E-005 0.202388 9.9982E-005 0.29763 0.126407 0.0443574 0.264145
0.212852 9.9982E-005 9.9982E-005 0.0952393 0.0977048 0.505497 0.0452614 0.0432455
9.9982E-005 9.9982E-005 0.187933 0.148826 0.0677467 0.196002 0.128931 0.270361
0.308451 9.9982E-005 0.234937 0.154121 0.0270042 0.198623 0.0766637 9.9982E-005
0.0505623 0.0569036 0.349808 0.301426 0.0844224 0.0902729 9.9991E-005 0.0665046
0.326345 0.0684122 0.13207 0.315552 0.0131261 0.144294 9.9982E-005 9.9982E-005
9.9964E-005 9.9964E-005 9.9964E-005 0.649479 9.9964E-005 0.0668062 0.130196 0.153119
9.9973E-005 0.0193932 0.0192901 0.726622 9.9973E-005 9.9973E-005 0.147819 0.0865761
9.9982E-005 0.00977734 0.0710196 0.552479 0.0298707 0.0823571 9.9982E-005 0.254297
9.9982E-005 0.0210048 0.0448378 0.629025 0.0134519 0.25007 9.9982E-005 0.0414109
9.9982E-005 0.0291167 0.202648 0.326298 9.9982E-005 0.0320369 0.19778 0.211921
9.9982E-005 9.9982E-005 0.116739 0.379669 0.105653 0.0127201 0.103643 0.281376
0.339268 9.9982E-005 0.126912 0.282387 0.0648668 0.173895 9.9982E-005 0.0124711
0.0589251 9.9991E-005 0.0987318 0.210243 0.0633994 0.165059 0.0332701 0.370271
9.9973E-005 9.9973E-005 0.0439294 0.486802 0.0526825 0.373696 9.9973E-005 0.0425903
0.0868262 9.9982E-005 0.011451 0.626741 9.9982E-005 0.12888 0.0307135 0.115189
0.0291791 9.9991E-005 0.290815 0.219566 0.0200161 0.311176 0.00465817 0.12449
0.303366 0.100992 0.125486 0.205076 0.00874104 0.200929 9.9991E-005 0.0553099
9.9991E-005 0.0293551 0.181502 0.114955 0.0744774 0.367521 0.0354705 0.19662
9.9982E-005 9.9982E-005 0.101443 0.534697 0.00913551 0.0287902 0.23306 0.092674
0.675735 9.9955E-005 0.320927 0.00283884 9.9955E-005 9.9955E-005 9.9955E-005 9.9955E-005
0.605803 9.9973E-005 9.9973E-005 0.179849 9.9973E-005 0.134789 0.0111052 0.0681542
9.9973E-005 9.9973E-005 0.19547 0.420601 0.0353301 0.250487 0.0978126 9.9973E-005
9.9982E-005 0.298722 0.0111137 0.398174 0.107517 0.0806046 0.103669 9.9982E-005
0.0823276 0.291647 0.0230674 9.9991E-005 0.261042 0.151056 0.124695 0.0660655
0.026587 0.177356 9.9991E-005 0.142552 0.289144 0.0564476 0.174273 0.13354
9.9982E-005 0.149756 0.0880522 0.460232 9.9982E-005 0.251847 0.0321032 0.0178097
9.9982E-005 0.349864 9.9982E-005 0.195953 0.149881 0.0213768 0.18849 0.0942349
0.016711 0.290955 0.0530783 0.143717 0.115658 9.9991E-005 0.24745 0.13233
0.0406472 0.505733 0.0263792 0.205052 0.0104912 0.169332 0.0422656 9.9991E-005
0.0320712 0.26579 9.9982E-005 0.0823915 0.198383 0.0667377 0.354426 9.9982E-005
0.0309983 0.281837 9.9982E-005 0.141147 0.210202 0.15719 0.178425 9.9982E-005
0.0179956 0.105343 0.020233 0.286247 0.195126 9.9991E-005 0.262607 0.112349
9.9982E-005 0.166516 0.193189 0.233009 0.0817492 0.253695 0.0716425 9.9982E-005
9.9982E-005 0.301692 0.114501 0.226412 0.195609 0.0566831 0.104903 9.9982E-005
9.9991E-005 0.115535 0.022784 0.323841 0.04105 0.257659 0.105942 0.133089
9.9982E-005 0.114615 9.9982E-005 0.0274797 0.212895 0.328148 0.207647 0.109015
9.9982E-005 0.220707 9.9982E-005 0.175427 0.273712 0.0667703 0.130987 0.132197
0.0914084 0.441756 9.9973E-005 0.0259433 0.201993 0.2386 9.9973E-005 9.9973E-005
9.9982E-005 0.355301 0.0158459 0.156785 9.9982E-005 0.191901 0.0936008 0.186366
9.9991E-005 0.27974 0.151347 0.0985386 0.0426542 0.33964 0.0510376 0.0369427
0.744498 9.9964E-005 9.9964E-005 0.0262087 0.018679 9.9964E-005 0.210215 9.9964E-005
9.9982E-005 0.262787 0.0384396 0.161111 9.9982E-005 0.141291 0.143441 0.25273
0.0253786 0.167621 0.0757567 0.140652 0.127799 0.1232 0.192223 0.147369
0.0849792 0.10744 0.13044 0.438814 0.0589629 0.179165 9.9982E-005 9.9982E-005
9.9964E-005 0.532423 9.9964E-005 0.170389 0.177309 9.9964E-005 0.119479 9.9964E-005
9.9973E-005 0.315817 0.176001 9.9973E-005 0.218421 9.9973E-005 0.190947 0.0985139
0.0163832 0.0644562 0.193514 0.143591 0.0364411 0.212922 0.0568156 0.275876
0.0319792 0.338768 9.9982E-005 0.25159 0.198654 0.0137599 0.165049 9.9982E-005
0.0152905 0.270941 9.9991E-005 0.205879 0.101147 0.231917 0.155445 0.0192793
9.9982E-005 0.213107 9.9982E-005 0.115639 0.240486 0.149744 0.130394 0.150429
0.0474454 0.382259 9.9991E-005 0.0655042 0.0910584 0.0436313 0.198289 0.171713
0.0389567 0.319062 0.0707589 9.9991E-005 0.26479 0.028126 0.228778 0.0494289
9.9973E-005 0.488523 0.0759128 9.9973E-005 0.06592 0.269974 0.09937 9.9973E-005
9.994E-005 9.994E-005 9.994E-005 9.994E-005 9.994E-005 9.994E-005 0.9993 9.994E-005
0.0173702 0.215224 9.9991E-005 0.0924296 0.217356 0.204368 0.224725 0.0284269
9.9964E-005 0.37879 9.9964E-005 0.143404 9.9964E-005 0.37825 0.0991553 9.9964E-005
0.100925 0.454713 0.0561402 0.043795 0.127544 0.0421511 0.0216545 0.153078
0.0279535 0.341768 9.9991E-005 0.0306945 0.195663 0.100134 0.0636809 0.240006
0.0846881 0.401007 0.0439503 0.259733 0.1547 9.9982E-005 0.0557217 9.9982E-005
9.9973E-005 9.9973E-005 9.9973E-005 0.169293 0.090782 0.433994 0.0826433 0.222987
9.9973E-005 0.306611 9.9973E-005 0.137852 0.190101 0.113075 0.252061 9.9973E-005
0.00351927 0.29823 9.9991E-005 0.109557 0.102554 0.338272 0.118622 0.0291461
9.9982E-005 0.330828 0.03536 0.219914 0.150495 0.143451 9.9982E-005 0.119751
9.9982E-005 0.368917 0.0111994 0.209385 0.0649554 0.290153 0.0551899 9.9982E-005
9.994E-005 9.994E-005 9.994E-005 9.994E-005 9.994E-005 9.994E-005 0.9993 9.994E-005
0.0246957 0.0477517 9.9982E-005 0.445192 9.9982E-005 0.00468882 0.198677 0.278794
0.0195135 0.30262 9.9991E-005 0.23156 0.048008 0.103484 0.280902 0.0138126
0.29682 0.101766 0.118828 0.262682 0.0628753 0.10125 9.9991E-005 0.0556791
9.9982E-005 9.9982E-005 0.0725708 0.20396 0.20115 0.319658 0.0878014 0.11466
0.0475419 0.138376 0.0441083 0.320285 0.0132307 0.107044 9.9991E-005 0.329314
9.9982E-005 0.384527 9.9982E-005 0.256568 0.0325044 0.0356736 0.109392 0.181136
0.0271395 0.212948 0.00500137 0.219996 0.139352 9.9991E-005 0.285158 0.110306
0.00912895 0.331167 9.9982E-005 0.13031 0.176106 9.9982E-005 0.330376 0.0227112
9.9973E-005 0.345354 9.9973E-005 0.169963 0.159852 0.234655 9.9973E-005 0.0898758
0.0249809 0.261236 0.0626986 0.0865546 0.194234 0.170885 9.9991E-005 0.199311
0.0204444 0.352391 9.9982E-005 0.185643 0.236656 0.0899723 0.114693 9.9982E-005
9.9982E-005 0.328503 0.0111724 0.349868 0.128866 9.9982E-005 0.0381511 0.143239
9.9991E-005 0.477306 0.0248758 0.101808 0.143285 0.0580407 0.0693047 0.125279
0.01065 0.273617 9.9982E-005 0.203252 9.9982E-005 0.179953 0.313044 0.0192829
9.9946E-005 9.9946E-005 9.9946E-005 9.9946E-005 9.9946E-005 0.746086 0.253314 9.9946E-005
9.9973E-005 0.562701 9.9973E-005 0.212973 0.0587156 0.0821515 0.0831591 9.9973E-005
0.0078938 0.468449 9.9982E-005 0.208612 0.0890971 0.196089 0.029659 9.9982E-005
0.035634 0.234006 9.9991E-005 0.0192627 0.157773 0.192656 0.292977 0.0675906
9.9982E-005 0.449346 0.172049 0.0880014 0.203172 0.00857092 9.9982E-005 0.0786609
9.9982E-005 0.0457292 0.174937 0.340787 0.0496416 0.111587 9.9982E-005 0.277118
9.9973E-005 0.367425 9.9973E-005 0.00219482 0.172391 0.410513 0.0471768 9.9973E-005
0.157978 0.156529 0.0554158 0.532834 9.9982E-005 0.0819278 9.9982E-005 0.0151152
0.0392732 0.228834 0.00096625 0.211713 0.118632 0.0355742 0.260074 0.104934
0.0725634 0.350834 9.9982E-005 9.9982E-005 0.0776546 0.296287 0.077522 0.12494
0.0760814 0.0738192 0.089468 0.23162 9.9982E-005 0.375151 9.9982E-005 0.15366
0.0478184 0.193577 9.9991E-005 0.180306 0.184061 0.156474 0.211741 0.0259221
0.00350969 0.337548 9.9991E-005 0.121132 0.106433 0.303475 0.0351861 0.0926164
9.9964E-005 0.107237 9.9964E-005 9.9964E-005 0.00049662 0.591349 0.300518 9.9964E-005
0.00154785 0.369834 9.9991E-005 0.00747641 0.0492772 0.375383 0.0403302 0.156052
9.9991E-005 0.231689 0.125269 0.210279 0.0826379 0.0120889 0.204665 0.133271
9.9991E-005 0.356835 0.00497188 0.169658 0.234509 0.0608604 0.0704887 0.102576
0.0527735 0.368552 0.0103866 0.141232 0.211643 0.021384 0.16534 0.0286883
9.9973E-005 0.313855 9.9973E-005 0.265081 0.0944909 9.9973E-005 0.0479555 0.278317
9.9991E-005 0.0488134 0.0332857 0.286045 0.148079 0.127248 0.0275217 0.328907
9.9991E-005 0.343398 0.223015 0.0140784 0.0457756 0.296701 0.0294986 0.0474331
0.0267317 0.209172 9.9991E-005 0.17715 0.118417 0.30139 0.138659 0.0283796
0.82128 9.9964E-005 0.0291376 9.9964E-005 0.0700457 0.0791368 9.9964E-005 9.9964E-005
9.9964E-005 0.323134 9.9964E-005 0.057208 9.9964E-005 0.503034 0.116224 9.9964E-005
0.0633504 0.0738063 0.163445 0.532902 9.9991E-005 0.055225 0.0413874 0.069784
0.00540229 0.409318 0.0686056 0.108456 0.254169 9.9991E-005 0.110835 0.0431138
9.9991E-005 0.25803 0.0945436 0.140331 0.0930572 0.184637 0.0472696 0.182031
9.9973E-005 0.176539 9.9973E-005 0.259259 0.138711 0.375094 9.9973E-005 0.0500964
9.9973E-005 0.0723605 0.0182507 0.336103 9.9973E-005 0.537564 0.0354213 9.9973E-005
9.9982E-005 0.226644 0.102992 0.0944268 0.0879915 0.349329 0.138417 9.9982E-005
9.9982E-005 0.298178 9.9982E-005 0.187038 0.115541 0.151192 0.0913575 0.156494
9.9991E-005 0.36892 0.0526409 0.178357 0.0770837 0.117078 0.126126 0.0796951
9.9982E-005 0.246625 0.0180713 0.0325849 0.119463 0.461031 0.122026 9.9982E-005
0.0470059 9.9991E-005 0.163119 0.249477 0.107803 0.22633 0.174028 0.0321378
9.9982E-005 0.258726 0.174582 9.9982E-005 0.152166 0.0631854 0.165112 0.186028
9.9982E-005 0.273846 9.9982E-005 0.287458 0.134131 0.127076 0.0547142 0.122575
9.9982E-005 0.283182 0.134931 0.177408 0.175614 0.0650337 9.9982E-005 0.163632
0.024779 9.9973E-005 0.0130663 0.591504 9.9973E-005 0.151484 9.9973E-005 0.218866
9.9982E-005 0.348175 0.0815076 9.9982E-005 0.0887367 0.17658 0.0448516 0.259949
9.9991E-005 0.315987 0.0777627 0.15843 0.120843 0.0962538 0.136881 0.0937423
9.9982E-005 0.135115 0.0394121 0.126061 0.142476 0.198616 0.35812 9.9982E-005
9.9982E-005 0.171551 9.9982E-005 0.145316 0.210259 0.176938 0.157735 0.138002
9.9973E-005 9.9973E-005 0.18995 0.225052 0.0913176 0.180657 9.9973E-005 0.312725
0.857106 9.9946E-005 9.9946E-005 9.9946E-005 0.142294 9.9946E-005 9.9946E-005 9.9946E-005
9.9991E-005 0.366315 0.0126461 0.00954902 0.128806 0.414309 0.0213824 0.0468919
9.9982E-005 0.111351 0.0250567 0.302175 0.284802 0.0665842 0.209831 9.9982E-005
9.9982E-005 0.31807 0.0179307 0.328143 0.0730088 9.9982E-005 0.138578 0.124069
9.9991E-005 0.303981 0.0213616 0.0425991 0.116849 0.235275 0.146432 0.133402
0.0575604 0.426822 9.9991E-005 0.133146 0.14803 0.0851408 0.133983 0.0152166
9.9982E-005 0.345177 0.0280039 0.214109 9.9982E-005 0.11287 0.156268 0.143372
0.0192178 0.475749 9.9973E-005 0.0143595 9.9973E-005 0.394773 0.0956011 9.9973E-005
0.0379925 0.496897 0.0593668 0.126291 0.0405987 0.0868725 0.0668828 0.0850992
0.023748 0.420228 9.9973E-005 0.207214 0.234744 0.113766 9.9973E-005 9.9973E-005
9.9982E-005 0.135029 0.0264988 0.0298937 9.9982E-005 0.375132 0.141201 0.292046
9.9973E-005 0.0604176 0.360805 0.295854 0.0473831 0.23524 9.9973E-005 9.9973E-005
9.9982E-005 0.314772 9.9982E-005 0.0630312 0.195705 0.142368 0.235928 0.0479958
9.9982E-005 0.221253 0.00680012 0.175431 0.125467 9.9982E-005 0.270905 0.199944
9.9973E-005 9.9973E-005 9.9973E-005 0.470276 0.103535 0.248052 0.10568 0.0721563
0.0371938 0.262894 9.9982E-005 0.0204627 0.182274 9.9982E-005 0.11159 0.385386
9.9973E-005 9.9973E-005 0.183547 0.281983 0.0691274 0.187555 9.9973E-005 0.277488
9.9982E-005 0.240991 0.2102 0.237287 0.131636 9.9982E-005 0.172292 0.00739428
0.0222107 0.266898 9.9991E-005 0.0433937 0.135101 0.297227 0.0973786 0.137691
9.9982E-005 0.11323 0.204071 0.250366 9.9982E-005 0.279139 0.0004594 0.152534
9.9982E-005 0.395696 0.0503434 0.148631 0.149473 9.9982E-005 0.0875339 0.168123
9.9982E-005 0.334829 0.194773 0.259069 0.0393876 0.0573139 9.9982E-005 0.114427
9.9973E-005 0.010791 9.9973E-005 9.9973E-005 0.245369 0.298052 0.394378 0.0511098
0.522258 9.9964E-005 9.9964E-005 9.9964E-005 0.112197 0.155104 0.210041 9.9964E-005
9.9982E-005 0.256115 9.9982E-005 0.0896842 0.12758 0.118475 0.112955 0.294991
0.0656659 0.304341 9.9991E-005 0.161699 0.0695526 0.108314 0.203453 0.0868757
9.9982E-005 0.399203 9.9982E-005 0.106375 0.0834581 0.151986 0.130118 0.12866
0.0296408 0.394436 9.9991E-005 0.0722993 0.145103 0.247211 0.0438725 0.0673372
9.9982E-005 0.226748 0.153054 0.139968 0.227398 0.0113089 0.241322 9.9982E-005
