0.328469 0.0576705 0.0527333 9.9982E-005 0.00030118 9.9982E-005 0.0978103 0.462816
0.277701 9.9982E-005 0.0786896 9.9982E-005 0.115049 0.135782 0.0789889 0.313589
0.360311 9.9991E-005 0.0271489 0.0260916 0.102531 0.128768 0.17044 0.18461
0.392634 9.9991E-005 0.0406653 0.111787 0.0551046 0.0821192 0.0560138 0.261576
0.532907 9.9973E-005 0.108338 9.9973E-005 9.9973E-005 0.0729562 0.0871862 0.198313
9.9955E-005 0.0438701 9.9955E-005 0.557087 9.9955E-005 9.9955E-005 0.398543 9.9955E-005
0.333794 0.144441 9.9973E-005 9.9973E-005 9.9973E-005 0.0594805 0.119732 0.342253
9.9973E-005 9.9973E-005 9.9973E-005 0.79706 0.0295089 0.0177491 0.0489179 0.106464
0.260336 9.9973E-005 0.120038 9.9973E-005 9.9973E-005 0.272357 0.239687 0.107281
0.385973 9.9982E-005 0.174604 9.9982E-005 0.0518847 0.118122 0.180864 0.088352
0.503608 9.9991E-005 0.00919153 0.0104884 0.100283 0.0893746 0.175096 0.111859
0.298468 9.9991E-005 0.0187086 0.1891 0.115374 0.0199937 0.123475 0.234781
0.429243 9.9973E-005 0.0123504 9.9973E-005 0.0647806 0.37532 9.9973E-005 0.118006
0.517896 0.00637057 0.0631248 0.0642758 0.0385038 0.10548 0.129339 0.0750098
9.9973E-005 9.9973E-005 9.9973E-005 0.578387 0.0974138 0.121036 0.134216 0.0686473
0.170468 9.9973E-005 0.0970762 9.9973E-005 9.9973E-005 0.212119 0.237319 0.282717
0.277798 9.9964E-005 9.9964E-005 0.032076 9.9964E-005 9.9964E-005 0.39141 0.298317
0.476601 9.9973E-005 0.168352 9.9973E-005 0.00244375 0.278524 9.9973E-005 0.0737797
0.277817 9.9964E-005 9.9964E-005 9.9964E-005 9.9964E-005 0.354048 0.131445 0.23629
0.404125 9.9973E-005 0.0609085 9.9973E-005 0.0674283 9.9973E-005 0.00688519 0.460353
0.473595 9.9955E-005 9.9955E-005 9.9955E-005 9.9955E-005 0.299994 9.9955E-005 0.225911
0.403107 0.00732174 0.0928657 0.0830716 9.9991E-005 0.0934492 0.0829966 0.237088
0.465756 0.0192942 9.9973E-005 9.9973E-005 0.132907 9.9973E-005 0.183302 0.198441
0.00536204 9.9973E-005 9.9973E-005 0.49832 0.131041 9.9973E-005 0.284279 0.0806981
0.455464 0.0402692 0.186415 9.9991E-005 0.0351861 0.165972 0.00378349 0.11281
9.9964E-005 9.9964E-005 9.9964E-005 0.516017 9.9964E-005 0.0309946 0.23051 0.222079
0.172342 9.9982E-005 0.0337058 0.356079 9.9982E-005 0.0972979 0.261326 0.0790498
0.551057 9.9955E-005 9.9955E-005 0.303327 9.9955E-005 9.9955E-005 9.9955E-005 0.145116
0.0612703 9.9955E-005 9.9955E-005 0.505146 9.9955E-005 9.9955E-005 0.433084 9.9955E-005
0.725068 9.9982E-005 0.018208 0.0997705 0.0398374 9.9982E-005 0.116801 0.000115201
0.0470587 0.0067504 9.9982E-005 0.349163 9.9982E-005 0.20406 0.222066 0.170702
0.538409 9.9973E-005 0.0874091 9.9973E-005 0.0120215 0.216341 9.9973E-005 0.14552
0.347233 9.9982E-005 0.087781 0.118447 0.0605404 0.0995252 0.286274 9.9982E-005
0.154684 9.9955E-005 9.9955E-005 0.805975 9.9955E-005 9.9955E-005 9.9955E-005 0.0388412
9.9973E-005 0.0538798 9.9973E-005 0.767344 0.0212543 0.0377543 0.119468 9.9973E-005
0.408414 9.9982E-005 0.0923867 0.105292 9.9982E-005 0.172256 0.0505178 0.170934
0.460018 9.9982E-005 9.9982E-005 0.114793 0.0438367 0.205895 0.000786234 0.174471
0.228359 9.99795E-005 0.0798578 9.99795E-005 9.99795E-005 0.399631 0.150925 0.140928
9.9964E-005 9.9964E-005 0.223163 0.661605 9.9964E-005 9.9964E-005 0.0925472 0.0222847
9.9982E-005 0.029661 0.0804588 0.354451 9.9982E-005 0.0432854 0.260858 0.231086
0.0476319 9.9991E-005 0.00801589 0.128885 0.0689746 0.427819 0.301812 0.0167609
0.464883 9.9955E-005 9.9955E-005 9.9955E-005 9.9955E-005 0.226776 0.307841 9.9955E-005
0.286642 9.9982E-005 0.0791077 0.11893 9.9982E-005 0.000404892 0.046713 0.468003
0.0921926 9.9982E-005 0.0943931 0.517167 0.0132691 0.213782 9.9982E-005 0.0689967
0.400279 0.0247135 0.054866 9.9991E-005 0.0665084 0.172888 0.163684 0.116961
0.112427 9.9991E-005 0.203556 0.00495359 0.0960674 0.454842 0.0235877 0.104467
0.295674 9.9982E-005 0.120832 0.00522536 0.102196 9.9982E-005 0.206765 0.269107
0.320076 0.0104946 0.0228574 9.9982E-005 9.9982E-005 0.0327667 0.445068 0.168537
0.0463805 9.9991E-005 0.108064 0.0073071 0.0710193 0.324646 0.189378 0.253105
9.9964E-005 9.9964E-005 9.9964E-005 0.346793 9.9964E-005 0.117065 0.369071 0.166671
0.567292 9.9973E-005 0.101411 0.00100473 9.9973E-005 9.9973E-005 0.0778649 0.252127
0.255348 0.0800355 9.9982E-005 0.286063 0.0767434 9.9982E-005 0.273681 0.0279289
0.301751 9.9982E-005 0.0969517 9.9982E-005 0.129152 0.29895 0.162507 0.0104881
9.9955E-005 9.9955E-005 9.9955E-005 0.783821 9.9955E-005 0.0662769 0.149402 9.9955E-005
0.216087 9.9964E-005 9.9964E-005 0.343934 9.9964E-005 0.153068 0.286512 9.9964E-005
0.425011 9.9955E-005 9.9955E-005 9.9955E-005 9.9955E-005 0.136542 9.9955E-005 0.437947
0.376747 9.9973E-005 0.109957 9.9973E-005 0.0340153 9.9973E-005 0.0593903 0.419591
0.423573 9.9982E-005 9.9982E-005 0.169593 0.00922541 0.145556 0.0710889 0.180764
0.13668 9.9982E-005 9.9982E-005 0.18336 0.09414 0.0572503 0.370166 0.158203
0.482863 9.9973E-005 0.0071565 0.328001 9.9973E-005 0.0309272 9.9973E-005 0.150752
9.9982E-005 0.00394319 0.00191634 0.730076 9.9982E-005 0.0258277 0.183219 0.0548179
9.9946E-005 9.9946E-005 9.9946E-005 0.668015 9.9946E-005 9.9946E-005 0.331386 9.9946E-005
0.471144 0.0478676 9.9973E-005 9.9973E-005 9.9973E-005 0.243853 0.0718176 0.165017
9.99461E-005 9.99461E-005 9.99461E-005 0.790077 9.99461E-005 9.99461E-005 0.209323 9.99461E-005
0.402582 0.0870171 0.0849083 9.9991E-005 0.0086428 0.136505 0.238359 0.0418865
0.0255013 9.9982E-005 0.0199344 0.743191 0.0380338 9.9982E-005 0.125095 0.0480442
0.389902 9.9973E-005 9.9973E-005 0.0179078 0.112956 0.196789 9.9973E-005 0.282145
0.235543 9.9982E-005 9.9982E-005 0.112037 0.0851735 0.188824 0.219525 0.158698
0.11167 9.9982E-005 0.0266583 9.9982E-005 0.0576923 0.332715 0.0717078 0.399357
9.9946E-005 9.9946E-005 9.9946E-005 0.501377 9.9946E-005 9.9946E-005 0.498023 9.9946E-005
0.0687775 0.00536946 0.111666 9.9991E-005 0.269169 0.0143583 0.135463 0.395097
0.22251 9.9982E-005 0.210328 0.0455466 9.9982E-005 0.227417 0.0456052 0.248394
0.279791 9.9991E-005 0.0356648 0.270075 0.0219054 0.154354 0.0111454 0.226965
0.535433 0.0380475 9.9982E-005 9.9982E-005 0.076827 0.0840479 0.263567 0.00187799
0.173184 9.9982E-005 9.9982E-005 0.0615097 0.07621 0.200932 0.0567696 0.431195
0.391871 9.9982E-005 0.0390193 0.327609 0.0481494 9.9982E-005 0.0673487 0.125802
0.590651 9.9982E-005 0.0696472 9.9982E-005 0.00980696 0.0558378 0.139758 0.134099
0.157029 9.9982E-005 0.262749 0.107614 0.0934085 9.9982E-005 0.368385 0.0106149
0.271048 9.9991E-005 0.0425526 0.106565 0.00168568 0.239892 0.329216 0.00894017
0.277754 9.9973E-005 0.085019 9.9973E-005 9.9973E-005 0.313223 0.128824 0.19488
0.18953 9.9982E-005 0.117633 9.9982E-005 0.181567 0.203995 0.0358738 0.271201
0.552104 9.9973E-005 0.154188 9.9973E-005 0.0463521 0.106316 0.140739 9.9973E-005
0.318554 9.9982E-005 9.9982E-005 0.0947706 0.106565 0.00201612 0.175003 0.302892
0.405498 9.9982E-005 0.0348632 9.9982E-005 0.139423 0.0429794 0.028749 0.348287
0.497548 9.9982E-005 0.119125 9.9982E-005 0.00359623 0.0642528 0.0811598 0.234118
0.0711058 9.9991E-005 0.0549289 0.085019 0.121046 0.173319 0.199409 0.295072
0.221984 9.9991E-005 0.0839539 0.217996 0.020281 0.186013 0.171461 0.0982114
0.422239 9.9973E-005 0.0568259 0.161776 0.022592 9.9973E-005 0.336268 9.9973E-005
9.99641E-005 9.99641E-005 9.99641E-005 0.765965 9.99641E-005 0.0165391 0.0495354 0.167561
0.284161 9.9991E-005 0.0964627 0.144541 0.00324919 0.0714253 0.298519 0.101542
0.0884218 9.9982E-005 0.0693274 9.9982E-005 0.161598 0.343655 0.264961 0.0718366
0.0303766 9.9973E-005 0.0199533 0.398535 9.9973E-005 0.167247 0.383589 9.9973E-005
0.447669 9.9982E-005 0.0460296 0.0215704 9.9982E-005 0.279803 0.124765 0.0799628
0.468354 9.9964E-005 9.9964E-005 0.258612 9.9964E-005 9.9964E-005 0.0488236 0.223811
0.147473 9.9973E-005 9.9973E-005 0.34492 0.0464588 9.9973E-005 0.356307 0.104541
9.9964E-005 9.9964E-005 0.0230487 0.751452 9.9964E-005 9.9964E-005 0.125361 0.0997381
0.366985 9.9991E-005 0.0707611 0.0908351 0.0891294 0.128627 0.0886877 0.164875
0.346901 9.9982E-005 0.0252695 9.9982E-005 0.0659377 0.091176 0.439168 0.0313485
0.0610006 9.9991E-005 0.0997397 0.0834258 0.124118 0.0707441 0.0801265 0.480745
0.217163 9.9973E-005 9.9973E-005 0.215604 9.9973E-005 0.0569693 0.131524 0.37844
9.9973E-005 9.9973E-005 9.9973E-005 0.312005 0.0487292 0.15574 0.379955 0.103271
0.494055 9.9982E-005 0.00769839 0.0927222 0.0981275 0.197039 9.9982E-005 0.110157
0.39148 9.9982E-005 0.11209 9.9982E-005 0.0831976 0.216636 0.0840129 0.112384
0.317591 0.0101799 0.065497 9.9982E-005 0.116168 9.9982E-005 0.12314 0.367225
0.287919 9.9973E-005 0.154267 9.9973E-005 9.9973E-005 0.191592 0.202538 0.163385
0.0577235 9.9964E-005 9.9964E-005 0.70712 0.121959 9.9964E-005 0.112797 9.9964E-005
9.9982E-005 0.0201305 0.0752736 0.315429 0.0800593 9.9982E-005 0.315735 0.193173
0.319254 9.9973E-005 0.0621201 9.9973E-005 0.0116428 9.9973E-005 0.155947 0.450736
0.344493 9.9973E-005 9.9973E-005 9.9973E-005 0.0581657 0.157409 0.211661 0.227971
0.536181 9.9973E-005 9.9973E-005 9.9973E-005 0.0273987 0.0920095 0.021449 0.322662
0.246771 9.9964E-005 9.9964E-005 0.391638 9.9964E-005 0.119687 0.241505 9.9964E-005
9.9946E-005 9.9946E-005 9.9946E-005 0.885293 9.9946E-005 9.9946E-005 0.114108 9.9946E-005
0.348173 9.9973E-005 9.9973E-005 0.346186 0.0468328 9.9973E-005 0.221931 0.0365768
0.403559 9.9964E-005 9.9964E-005 9.9964E-005 9.9964E-005 0.334302 0.0365701 0.225169
0.253219 9.9991E-005 0.0552742 0.103872 0.0549797 0.0459213 0.00596652 0.480667
0.179898 9.9982E-005 0.0831004 0.000575596 0.0605105 0.251935 9.9982E-005 0.423781
0.391279 9.9973E-005 9.9973E-005 9.9973E-005 0.0681697 0.0244401 0.0743567 0.441455
9.9955E-005 0.0268051 9.9955E-005 0.846517 9.9955E-005 9.9955E-005 0.126178 9.9955E-005
0.521208 0.0178863 0.065488 0.0586563 0.0187259 9.9982E-005 9.9982E-005 0.317836
0.493092 0.0272224 0.164442 9.9991E-005 0.0872924 0.068062 0.079496 0.0802936
0.380867 9.9991E-005 0.0481558 0.107744 0.0824736 0.18703 0.0301877 0.163442
0.274885 9.9973E-005 9.9973E-005 0.474798 0.00968975 0.00405279 0.236275 9.9973E-005
0.578056 9.9991E-005 0.0771366 0.0447285 0.0420467 0.0868025 0.00372864 0.167401
0.449699 0.0437047 9.9991E-005 0.00716728 0.0482657 0.174757 0.153162 0.123145
0.442026 9.9973E-005 0.104919 9.9973E-005 0.0320491 0.176507 9.9973E-005 0.244199
0.278188 9.9982E-005 9.9982E-005 0.0538224 0.0816435 0.0365566 0.166417 0.383172
0.192224 9.9964E-005 9.9964E-005 0.583801 0.0276754 9.9964E-005 9.9964E-005 0.195899
9.9955E-005 9.9955E-005 9.9955E-005 0.65854 0.0622039 9.9955E-005 0.278756 9.9955E-005
0.184684 9.9982E-005 0.149698 9.9982E-005 0.0570736 0.2955 0.241154 0.0716907
0.221593 9.9973E-005 0.209235 9.9973E-005 9.9973E-005 0.17342 0.162632 0.232819
0.339392 9.9973E-005 0.132384 0.0610541 9.9973E-005 0.222591 9.9973E-005 0.244279
0.218269 0.00472349 0.104338 9.9973E-005 9.9973E-005 0.399727 0.272642 9.9973E-005
0.367375 9.9973E-005 0.0723042 0.292018 0.0561836 9.9973E-005 0.21182 9.9973E-005
0.352544 0.164149 0.0111312 0.0135233 0.0501683 0.0254928 0.245019 0.137973
0.522595 9.9982E-005 0.0299847 0.168782 9.9982E-005 0.0013402 0.00849048 0.268608
9.994E-005 9.994E-005 9.994E-005 9.994E-005 0.9993 9.994E-005 9.994E-005 9.994E-005
0.101167 0.0517634 0.0422754 0.516913 0.0368422 9.9991E-005 0.0381168 0.212822
0.26501 0.0440914 9.9982E-005 0.241401 9.9982E-005 0.132734 0.158706 0.157858
9.99459E-005 9.99459E-005 9.99459E-005 0.0113833 0.988017 9.99459E-005 9.99459E-005 9.99459E-005
9.9973E-005 9.9973E-005 0.0783271 0.499076 0.0844878 9.9973E-005 0.227783 0.110025
0.543242 9.9973E-005 9.9973E-005 0.100551 9.9973E-005 0.0427668 0.206322 0.106819
0.0533187 0.0485728 0.0359424 0.318223 0.0243554 0.10667 0.204952 0.207966
0.173421 9.9982E-005 0.0607587 0.207073 9.9982E-005 0.387009 0.128132 0.0434065
0.106423 9.9991E-005 0.0967128 0.129731 0.0229204 0.289889 0.353773 0.000451215
9.9964E-005 9.9964E-005 9.9964E-005 0.604192 9.9964E-005 0.0617257 0.249978 0.0837052
0.179463 9.9982E-005 0.121854 0.274712 0.048029 0.28235 9.9982E-005 0.0933921
0.23395 9.9991E-005 0.125336 0.130375 0.0367362 0.0211156 0.369041 0.0833471
0.061952 9.9982E-005 0.0492517 9.9982E-005 0.0359778 0.235999 0.128391 0.488228
0.162626 9.9973E-005 0.128013 9.9973E-005 0.0794303 0.111577 9.9973E-005 0.518053
0.273841 0.0516532 0.100276 9.9991E-005 0.0924001 0.230928 0.0971863 0.153615
0.461256 9.9973E-005 0.0759313 0.0094147 9.9973E-005 0.332426 0.120672 9.9973E-005
0.488392 0.0592189 0.017262 0.286825 0.0111509 9.9991E-005 0.0636223 0.073429
0.0742095 9.9973E-005 9.9973E-005 0.686162 9.9973E-005 0.0813338 0.0455238 0.112471
0.24092 9.9973E-005 0.18123 0.329437 9.9973E-005 0.00849704 0.239616 9.9973E-005
0.269485 9.9991E-005 0.2161 0.00394352 0.0693042 0.17835 0.193259 0.0694583
0.114229 0.00647788 0.0209764 9.9991E-005 0.0994403 0.533942 0.169732 0.0551017
9.9964E-005 9.9964E-005 0.123234 0.776112 9.9964E-005 0.0130922 0.087162 9.9964E-005
0.344506 9.9973E-005 0.156029 9.9973E-005 0.0734182 0.373102 0.0526455 9.9973E-005
0.245075 0.035114 0.0181236 9.9991E-005 0.0195255 0.184106 0.136124 0.361832
0.399892 0.0254936 0.0277696 0.157733 0.0603863 0.0348737 0.0950101 0.198841
0.494029 9.9964E-005 0.281502 9.9964E-005 9.9964E-005 9.9964E-005 0.153882 0.0701869
0.141835 9.9991E-005 0.0447415 0.0880355 0.049068 0.346385 0.328083 0.00175268
0.140328 9.9982E-005 0.11973 0.0262898 0.20482 9.9982E-005 0.322873 0.18576
0.232854 9.9982E-005 9.9982E-005 0.0439299 0.0923875 0.30292 0.0601222 0.267587
0.330581 9.9982E-005 0.0660084 9.9982E-005 0.0486304 0.218827 0.0330506 0.302703
0.504838 0.017636 0.0229329 9.9982E-005 0.110894 0.125527 9.9982E-005 0.217972
0.137135 9.9982E-005 0.0467971 0.10357 9.9982E-005 0.403362 0.266092 0.0428442
0.11139 9.9982E-005 0.0355266 0.361678 0.0923917 9.9982E-005 0.378103 0.0207114
0.186217 9.9982E-005 0.0222551 0.210902 0.155297 0.218602 0.206527 9.9982E-005
0.140173 0.00723349 0.159629 9.9982E-005 0.0421579 0.318736 0.33187 9.9982E-005
0.152246 0.068402 9.9991E-005 0.0800759 0.113451 0.0546543 0.179594 0.351478
0.454777 9.9964E-005 9.9964E-005 9.9964E-005 9.9964E-005 0.0487253 0.390634 0.105463
9.99461E-005 9.99461E-005 9.99461E-005 0.911203 9.99461E-005 9.99461E-005 0.0881971 9.99461E-005
0.272938 0.00604806 9.9991E-005 0.0148231 0.0146844 0.395728 0.17525 0.120429
0.112447 9.9973E-005 9.9973E-005 0.154952 0.0444071 9.9973E-005 0.613423 0.0744711
0.237584 0.0770418 9.9982E-005 9.9982E-005 0.185534 0.0859932 0.238124 0.175522
0.147969 9.9973E-005 0.10009 0.151471 9.9973E-005 9.9973E-005 0.260553 0.339618
0.00370001 9.9982E-005 0.0524836 0.480752 9.9982E-005 0.15904 0.242239 0.0615851
0.129465 9.9982E-005 0.0466288 0.365649 9.9982E-005 0.130541 0.174267 0.15325
0.163077 0.00501606 9.9973E-005 0.43969 0.0135127 9.9973E-005 9.9973E-005 0.378405
0.581913 9.9964E-005 9.9964E-005 9.9964E-005 9.9964E-005 0.161801 0.0517273 0.204159
9.9973E-005 9.9973E-005 0.0129388 0.678273 0.0834347 0.0503376 0.174716 9.9973E-005
0.179846 9.9973E-005 0.054176 0.399346 9.9973E-005 9.9973E-005 0.0499828 0.316349
0.321303 0.0351922 0.143779 9.9991E-005 0.00403354 0.274744 0.0861724 0.134676
9.99551E-005 9.99551E-005 9.99551E-005 0.963867 9.99551E-005 9.99551E-005 0.0265372 0.00909581
0.113252 9.9964E-005 9.9964E-005 0.363369 9.9964E-005 9.9964E-005 0.52274 0.000239627
0.450132 0.018005 0.0192912 9.9982E-005 0.0770179 0.0979005 0.337453 9.9982E-005
0.316885 9.9964E-005 9.9964E-005 0.274515 9.9964E-005 9.9964E-005 0.317271 0.0909286
0.394966 9.9991E-005 0.060246 0.120381 0.13688 0.0654611 0.0555444 0.166421
0.325496 9.9982E-005 0.222632 9.9982E-005 0.0209353 0.125508 0.182126 0.123103
0.295107 9.9973E-005 0.273301 0.250598 9.9973E-005 0.0542312 0.126463 9.9973E-005
0.34329 9.9964E-005 9.9964E-005 9.9964E-005 9.9964E-005 0.0919553 0.0986458 0.465709
0.588943 9.9973E-005 9.9973E-005 9.9973E-005 0.0655076 0.196863 0.055971 0.0924154
0.335429 0.035606 0.0382758 0.0178376 0.0619473 0.0939682 0.0874829 0.329453
0.160953 0.038789 0.142231 0.135381 0.0609968 0.0312455 0.364595 0.0658099
0.494894 9.9973E-005 0.0068938 0.225656 9.9973E-005 0.00532771 9.9973E-005 0.266929
0.307737 0.0554121 0.149436 9.9973E-005 9.9973E-005 0.279645 9.9973E-005 0.20747
0.533711 0.0667223 0.0708869 0.0655216 9.9982E-005 9.9982E-005 0.200162 0.0627959
0.103538 0.0369558 0.0371788 9.9991E-005 0.163053 0.392053 0.0734311 0.19369
0.364567 0.00331928 0.0925605 9.9982E-005 9.9982E-005 0.232753 0.232014 0.0745862
0.0904467 9.9991E-005 0.0972138 0.258475 0.0490819 0.141964 0.306028 0.0566909
0.656511 0.00973989 9.9982E-005 9.9982E-005 0.103738 0.088057 0.0151921 0.126563
0.118196 9.9973E-005 0.188105 9.9973E-005 9.9973E-005 0.283715 0.236242 0.173443
0.278838 0.0568018 0.218667 9.9991E-005 0.0273465 0.235692 0.125314 0.0572413
0.105201 0.243728 9.9982E-005 9.9982E-005 0.0658036 0.253462 0.0969312 0.234675
0.176227 9.9991E-005 0.0730475 0.137031 0.141782 0.0787685 0.380558 0.0124862
0.603164 0.0376397 0.0345811 9.9982E-005 0.0790703 0.0298108 9.9982E-005 0.215535
0.248434 9.9982E-005 9.9982E-005 0.0528241 0.0739982 0.174169 0.397277 0.0530968
0.4087 9.9991E-005 0.128411 0.026144 0.0191721 0.312627 0.024838 0.0800078
0.447997 0.0171641 0.130415 9.9973E-005 0.147797 9.9973E-005 9.9973E-005 0.256328
0.379377 0.0607079 0.0464653 9.9982E-005 9.9982E-005 0.299096 0.0794626 0.134691
0.189126 9.9973E-005 0.0541074 0.287561 9.9973E-005 9.9973E-005 0.282019 0.186887
0.136515 0.0551333 9.9991E-005 0.375566 0.0120355 0.0478072 0.227246 0.145597
0.804153 9.9964E-005 0.000209276 9.9964E-005 0.0800854 9.9964E-005 9.9964E-005 0.115153
0.402283 0.00195963 0.237978 9.9982E-005 0.0968005 0.124057 9.9982E-005 0.136721
0.48009 0.1058 9.9973E-005 9.9973E-005 9.9973E-005 0.158285 0.0140393 0.241486
0.181945 0.0403291 0.0421348 9.9991E-005 0.0332628 0.227132 0.306622 0.168475
0.279238 9.9973E-005 9.9973E-005 0.194785 0.20693 9.9973E-005 0.272213 0.0465346
0.0584927 9.9982E-005 9.9982E-005 0.116444 0.0705988 0.291669 0.238271 0.224324
0.0991566 0.102007 0.0549058 9.9991E-005 0.109029 0.20452 0.149907 0.280375
9.9982E-005 9.9982E-005 0.0526446 0.50086 0.0975359 0.0536451 0.106226 0.188889
0.366052 9.9973E-005 9.9973E-005 0.133713 9.9973E-005 0.240013 0.14972 0.110202
0.182966 0.119325 9.9982E-005 9.9982E-005 0.132895 0.0405136 0.417877 0.106223
9.9964E-005 9.9964E-005 9.9964E-005 0.654744 0.0435783 0.00286455 0.298413 9.9964E-005
0.18002 9.9973E-005 0.0131356 9.9973E-005 0.0182764 0.357521 0.430747 9.9973E-005
0.182438 9.9982E-005 9.9982E-005 0.0123594 0.122848 0.290717 0.129135 0.262304
0.523747 9.9991E-005 0.00726851 0.0679193 0.0541303 0.0972817 0.032705 0.216848
0.248576 9.9982E-005 0.104688 0.0154429 0.0457602 0.227276 9.9982E-005 0.358057
0.250819 0.0975284 0.0806519 9.9991E-005 0.0318882 0.0779457 0.318115 0.142951
0.560816 9.9982E-005 0.0672567 9.9982E-005 0.118077 0.0568395 0.0914528 0.105358
0.457451 9.9973E-005 0.129201 0.00448636 9.9973E-005 0.154451 9.9973E-005 0.25411
0.403392 9.9982E-005 0.045278 0.00522996 0.064682 0.0268274 9.9982E-005 0.45439
0.0877949 9.9991E-005 0.108616 0.156914 0.0153697 0.344183 0.171498 0.115524
0.365041 0.00144922 9.9982E-005 9.9982E-005 0.0852756 0.122549 0.0729607 0.352525
0.304087 9.9973E-005 0.141731 9.9973E-005 0.144778 9.9973E-005 0.103107 0.305996
9.99461E-005 9.99461E-005 9.99461E-005 9.99461E-005 9.99461E-005 0.252436 0.746964 9.99461E-005
0.00101512 9.9982E-005 0.0325374 9.9982E-005 0.0254098 0.138124 0.204845 0.597869
0.2266 9.9973E-005 9.9973E-005 9.9973E-005 0.0887912 0.164496 0.106878 0.412935
0.319421 9.9973E-005 9.9973E-005 0.367829 0.0799966 0.163845 9.9973E-005 0.0686084
0.136485 9.9964E-005 9.9964E-005 0.312693 9.9964E-005 9.9964E-005 0.0858652 0.464556
0.587419 9.9982E-005 0.108231 0.00975062 9.9982E-005 0.0875677 0.085448 0.121383
0.00743471 9.9991E-005 0.053945 0.512331 0.0106514 0.166605 0.0630415 0.185892
0.35586 9.9982E-005 0.0813373 9.9982E-005 0.0850366 0.100657 0.172284 0.204625
0.377628 9.9964E-005 9.9964E-005 0.255054 9.9964E-005 9.9964E-005 0.15013 0.216787
0.4614 0.0160525 0.0660518 0.000182779 9.9982E-005 0.216748 9.9982E-005 0.239365
9.9973E-005 9.9973E-005 0.118938 0.0201846 0.0925803 9.9973E-005 0.66578 0.102217
0.225234 0.171311 9.9982E-005 0.206 0.0246834 9.9982E-005 0.258675 0.113897
9.9982E-005 9.9982E-005 0.0973708 0.424894 0.14844 0.0123479 0.183469 0.133278
0.433179 9.9973E-005 9.9973E-005 0.018052 9.9973E-005 0.343906 0.167043 0.0375204
0.228067 9.9982E-005 0.0419885 9.9982E-005 0.0310413 0.157391 0.0761656 0.465146
0.225244 9.9982E-005 9.9982E-005 0.324825 0.0320512 0.120955 0.0790133 0.217712
0.0887058 9.9982E-005 0.0781174 9.9982E-005 0.0230381 0.323004 0.164895 0.322039
0.650299 9.9973E-005 0.0165289 9.9973E-005 9.9973E-005 0.117701 0.0564937 0.158677
9.9964E-005 9.9964E-005 9.9964E-005 0.82016 9.9964E-005 0.00146966 0.105908 0.0720617
0.489372 0.00676443 0.0888305 9.9991E-005 0.101613 0.0438856 0.115272 0.154162
0.59531 0.0173918 0.0333347 9.9982E-005 9.9982E-005 0.108642 0.0627812 0.18234
0.536922 9.9982E-005 0.0582692 0.0322205 0.0197128 0.183968 9.9982E-005 0.168708
0.441584 9.9982E-005 0.136228 0.0258632 0.113827 9.9982E-005 0.0329358 0.249362
0.372994 9.9973E-005 9.9973E-005 9.9973E-005 0.0618281 0.0673512 0.144901 0.352626
0.311139 9.9982E-005 0.0215828 9.9982E-005 0.0197154 0.360556 0.0927634 0.194043
0.552185 9.9982E-005 0.127368 0.031218 9.9982E-005 0.0785781 0.110814 0.0996371
0.314046 9.9982E-005 0.0229086 0.10954 9.9982E-005 0.106298 0.160184 0.286824
0.136789 9.9982E-005 0.121886 0.479012 0.0210018 0.105419 0.135691 9.9982E-005
0.40995 9.9964E-005 9.9964E-005 9.9964E-005 9.9964E-005 0.181832 0.066612 0.341206
0.423585 9.9964E-005 9.9964E-005 9.9964E-005 0.0492045 0.140141 9.9964E-005 0.38667
0.156298 9.9991E-005 0.0513368 0.111399 0.0927205 0.26503 0.217408 0.105707
0.296919 9.9973E-005 0.0765396 0.312659 0.142915 9.9973E-005 0.170667 9.9973E-005
0.196875 9.9973E-005 0.136231 9.9973E-005 9.9973E-005 0.228257 0.0710829 0.367254
0.508034 9.9964E-005 0.0739741 0.144598 9.9964E-005 9.9964E-005 0.272995 9.9964E-005
0.448789 9.9982E-005 0.0813503 0.00550068 9.9982E-005 0.144728 0.0110704 0.308361
0.159394 9.9991E-005 0.0345801 0.227488 0.00417764 0.0443708 0.332017 0.197872
0.413826 0.0623924 0.0861745 0.0761791 0.134158 0.000425979 0.219061 0.00778321
0.156871 9.9982E-005 0.0046601 0.325415 0.147529 9.9982E-005 0.328992 0.0363321
0.221039 9.9973E-005 0.00820416 0.284974 9.9973E-005 0.0183232 9.9973E-005 0.467159
0.160562 0.0230227 0.057202 9.9991E-005 0.0428804 0.251474 0.193973 0.270786
0.273252 9.9991E-005 0.0611351 0.203707 0.0308515 0.0418317 0.143615 0.245508
0.224031 9.9982E-005 0.09434 9.9982E-005 0.0533312 0.2022 0.118057 0.307842
0.361183 9.9982E-005 0.0329456 0.0464009 0.080047 9.9982E-005 0.117375 0.361848
0.262543 9.9982E-005 0.0681227 9.9982E-005 0.16416 0.094128 0.404016 0.00683112
0.283063 0.00836403 9.9982E-005 0.165218 0.143221 9.9982E-005 0.247834 0.1521
0.363067 9.9973E-005 9.9973E-005 9.9973E-005 0.0243357 0.15221 0.342781 0.117306
0.253267 9.9964E-005 0.148812 9.9964E-005 9.9964E-005 0.489302 0.10822 9.9964E-005
0.536423 0.0353578 0.0423391 9.9991E-005 0.0429973 0.086327 0.00648991 0.249966
0.0164536 0.0516548 9.9982E-005 0.502062 9.9982E-005 0.0639572 0.14732 0.218353
0.0480561 9.9955E-005 0.0795547 0.871889 9.9955E-005 9.9955E-005 9.9955E-005 9.9955E-005
0.469145 0.0271635 0.114094 0.100917 0.018504 0.0453807 0.175054 0.0497417
0.135796 0.00686717 9.9982E-005 0.118807 0.0981286 0.431407 9.9982E-005 0.208794
0.220517 0.0153936 0.125993 9.9982E-005 0.0119608 0.223702 0.402234 9.9982E-005
0.312696 9.9982E-005 0.0749031 0.127545 0.0123264 0.252334 0.219994 9.9982E-005
0.347219 9.9982E-005 0.1136 0.211727 0.0368325 0.0900461 0.200376 9.9982E-005
0.161134 9.9973E-005 0.19813 0.0750628 9.9973E-005 0.166115 9.9973E-005 0.399259
0.289883 0.0168151 9.9982E-005 9.9982E-005 0.0973649 0.317766 0.15551 0.122462
0.450685 0.070594 9.9982E-005 9.9982E-005 0.0416979 0.224802 0.186632 0.0253891
0.366121 9.9982E-005 0.103163 0.0248164 9.9982E-005 0.120431 0.0410714 0.344197
0.418039 0.0144591 0.109681 9.9982E-005 0.025833 0.242715 9.9982E-005 0.189073
0.434825 9.9964E-005 0.112183 9.9964E-005 9.9964E-005 9.9964E-005 0.112154 0.340439
0.18718 9.9973E-005 0.0608514 9.9973E-005 9.9973E-005 0.16698 0.183205 0.401484
0.151103 9.9973E-005 0.0305378 9.9973E-005 0.155687 9.9973E-005 0.420063 0.24231
0.713277 0.10734 0.009715 9.9982E-005 0.0647666 0.0325036 0.0721978 9.9982E-005
0.234735 9.9982E-005 0.228594 0.0688233 0.0646909 9.9982E-005 0.0495001 0.353457
0.26853 0.0106705 0.069496 0.0133236 0.125714 0.332339 0.0437769 0.13615
0.400011 9.9973E-005 0.196307 9.9973E-005 9.9973E-005 0.199545 0.197871 0.00596497
0.386384 9.9991E-005 0.142235 0.173473 0.1036 0.0100103 0.0219266 0.162271
0.0586693 0.0787929 0.10897 0.432253 0.0691723 9.9991E-005 0.15783 0.0942119
0.159806 9.9991E-005 0.0413038 0.339608 0.0294353 0.224709 0.16953 0.0355083
0.0812365 0.017636 9.9973E-005 0.786844 0.00968676 9.9973E-005 9.9973E-005 0.104297
0.468693 9.9982E-005 0.170079 9.9982E-005 0.0317466 0.117354 0.058988 0.15294
0.091799 9.9982E-005 0.0396145 0.681429 0.0376885 9.9982E-005 0.00400833 0.145261
9.9964E-005 9.9964E-005 0.066612 0.551851 9.9964E-005 9.9964E-005 0.259601 0.121536
0.371562 9.9973E-005 9.9973E-005 9.9973E-005 0.111069 0.344667 0.121514 0.0508887
0.483986 0.11552 0.0837544 9.9991E-005 0.020498 0.00373072 0.00545625 0.286954
0.370242 0.0359734 0.0416778 0.00442806 0.146216 0.17305 0.0204462 0.207966
0.127016 0.0292094 9.9973E-005 0.60495 0.0923647 9.9973E-005 0.14616 9.9973E-005
0.502788 9.9973E-005 0.0487815 9.9973E-005 9.9973E-005 0.139351 0.0819864 0.226793
0.0720697 9.9982E-005 9.9982E-005 0.328333 0.0824028 0.102262 0.31247 0.102263
0.318887 9.9973E-005 0.349686 0.0564283 0.160647 9.9973E-005 9.9973E-005 0.114052
0.045684 9.9982E-005 0.0716058 0.756404 0.0124927 0.105662 0.00795118 9.9982E-005
0.25893 0.0455914 0.043314 0.12648 0.00463006 0.0970377 0.2307 0.193316
0.611881 9.9973E-005 0.0711924 9.9973E-005 9.9973E-005 0.0669791 0.0940894 0.155558
0.414376 9.9982E-005 0.0664151 9.9982E-005 0.0246248 0.0959257 0.0311331 0.367325
0.394494 9.9982E-005 0.0331034 9.9982E-005 0.019927 0.23462 0.163902 0.153753
0.0259149 9.9973E-005 9.9973E-005 0.581882 0.0175209 9.9973E-005 0.0724484 0.301934
0.538923 9.9982E-005 9.9982E-005 0.15544 0.039914 0.00808915 0.196158 0.0612766
0.0801989 0.0430195 0.109065 0.301148 9.9991E-005 0.0314471 0.335246 0.0997762
0.290956 0.000454345 0.168088 9.9982E-005 0.136259 9.9982E-005 0.128551 0.275492
0.120146 9.9964E-005 0.117578 0.669063 9.9964E-005 9.9964E-005 0.0928127 9.9964E-005
0.218793 0.151434 9.9982E-005 0.0211948 0.0415023 0.372391 0.194484 9.9982E-005
0.264793 0.0275781 9.9973E-005 0.234072 9.9973E-005 0.197699 0.275558 9.9973E-005
0.388692 9.9991E-005 0.0735796 0.0373844 0.0402309 0.313144 0.0534668 0.0934018
0.128329 0.00431297 0.0185416 0.100081 9.9991E-005 0.268766 0.436809 0.04306
0.267219 0.0286048 0.0270123 0.524386 0.0309 0.0119545 0.0884776 0.021446
0.198876 9.9982E-005 0.156536 9.9982E-005 0.108013 0.0274931 0.131991 0.376892
0.114495 9.9982E-005 0.199138 9.9982E-005 0.0347464 0.164459 0.0987612 0.3882
0.0953374 9.9973E-005 9.9973E-005 9.9973E-005 0.0308748 0.475182 0.105685 0.292621
0.289782 0.0349168 0.075466 0.0278647 9.9982E-005 0.362646 9.9982E-005 0.209125
0.155775 9.9964E-005 0.133216 0.22441 9.9964E-005 9.9964E-005 0.486198 9.9964E-005
0.360592 0.0390294 0.0349927 9.9991E-005 0.00739252 0.315524 0.15098 0.0913896
0.599669 0.0259701 0.100285 9.9973E-005 9.9973E-005 0.126959 9.9973E-005 0.146818
0.626969 9.9973E-005 0.0670539 0.044806 0.0529997 9.9973E-005 9.9973E-005 0.207872
0.0745788 9.9964E-005 9.9964E-005 0.354217 9.9964E-005 9.9964E-005 0.281421 0.289383
0.231214 9.9982E-005 0.138995 0.204528 9.9982E-005 0.0756157 0.230303 0.119144
0.42094 9.9991E-005 0.166753 0.048378 0.055317 0.245735 0.0346376 0.0281403
9.9973E-005 9.9973E-005 0.0488038 0.00494346 0.180899 0.388436 0.376618 9.9973E-005
0.33917 9.9982E-005 0.143489 0.213334 0.0561446 0.136343 0.111319 9.9982E-005
0.045516 9.9973E-005 0.0708813 9.9973E-005 9.9973E-005 0.36815 0.275764 0.239389
0.293072 0.0350027 0.0572502 0.296825 0.0110906 0.000246836 0.298727 0.00778559
0.247589 9.9982E-005 0.11121 9.9982E-005 0.102544 0.101451 0.405489 0.0315155
0.289912 9.9982E-005 0.0733335 0.349237 9.9982E-005 0.0334383 0.220621 0.0332587
0.337726 9.9964E-005 0.0723053 9.9964E-005 9.9964E-005 0.167807 9.9964E-005 0.421762
0.448034 9.99549E-005 0.238433 9.99549E-005 9.99549E-005 9.99549E-005 9.99549E-005 0.313033
0.501578 9.9982E-005 0.119318 9.9982E-005 0.0167205 0.0153136 0.141592 0.205278
0.581656 0.00906069 0.09056 0.00601771 0.0435893 9.9982E-005 9.9982E-005 0.268916
0.0984426 0.0372442 0.0568846 9.9991E-005 0.119629 0.0836706 0.101482 0.502547
0.254285 0.0154207 0.147252 9.9991E-005 0.0278964 0.0682158 0.143356 0.343475
0.232533 9.9982E-005 0.0185232 0.252564 9.9982E-005 0.277678 0.178932 0.0395705
0.228571 9.9973E-005 0.00200295 9.9973E-005 9.9973E-005 0.233326 0.418845 0.116954
0.424546 9.9973E-005 0.0374496 9.9973E-005 0.0730736 0.159136 9.9973E-005 0.305494
0.632542 9.9982E-005 0.0484722 0.0611824 0.00726972 0.0156836 9.9982E-005 0.23465
0.261005 9.9982E-005 0.124814 0.0378307 9.9982E-005 0.165153 0.214255 0.196743
0.150473 0.0503754 9.9973E-005 0.232418 9.9973E-005 0.302091 0.264343 9.9973E-005
0.18894 9.9982E-005 0.2018 9.9982E-005 0.120331 0.204484 0.0509084 0.233335
0.403437 0.0834624 0.122238 0.0311256 9.9982E-005 9.9982E-005 0.033338 0.326199
9.9955E-005 9.9955E-005 9.9955E-005 0.674781 9.9955E-005 9.9955E-005 0.0887935 0.235926
9.9973E-005 9.9973E-005 0.00181363 0.639911 9.9973E-005 0.0434835 0.0181615 0.296331
0.432958 9.9982E-005 0.159474 9.9982E-005 0.169072 0.0362354 0.0587673 0.143294
0.229432 0.272746 0.13304 0.0132796 0.0256292 0.104177 9.9991E-005 0.221596
9.9991E-005 0.487659 0.0918981 0.0336125 0.0853264 0.185408 0.0880926 0.0279034
9.9973E-005 0.269511 0.0871207 9.9973E-005 0.0476802 0.419467 9.9973E-005 0.175921
0.376168 0.0257521 0.188965 9.9973E-005 9.9973E-005 9.9973E-005 0.130401 0.278415
0.0430249 0.377641 0.0872677 9.9982E-005 0.0461118 0.292982 9.9982E-005 0.152773
9.9982E-005 0.394493 0.0704275 0.00894208 9.9982E-005 0.1977 0.00168075 0.326557
0.452394 0.50053 0.0278714 0.00195008 9.9973E-005 9.9973E-005 0.0169546 9.9973E-005
0.0316627 0.407403 0.199615 0.0194553 0.0810351 0.255274 9.9991E-005 0.00545527
0.104455 0.338822 0.166025 9.9964E-005 9.9964E-005 0.390298 9.9964E-005 9.9964E-005
0.0158278 0.239406 0.0980934 0.0280573 0.0383529 0.124878 9.9991E-005 0.455284
0.170787 0.245148 0.054612 9.9991E-005 0.0697506 0.0125864 0.156638 0.290379
0.146852 0.467991 0.0744262 9.9991E-005 0.0246149 0.126748 0.0433849 0.115883
0.393874 0.134863 0.0910292 9.9964E-005 9.9964E-005 0.379834 9.9964E-005 9.9964E-005
9.9964E-005 0.142742 0.296545 9.9964E-005 0.179913 0.3804 9.9964E-005 9.9964E-005
0.102545 0.274637 0.17595 0.00793668 0.149921 0.211551 9.9991E-005 0.0773599
0.0867277 0.494455 9.9991E-005 0.051896 0.00936645 0.298707 0.0427748 0.0159725
0.308758 0.371916 0.143563 9.9973E-005 9.9973E-005 9.9973E-005 0.0159699 0.159494
0.103219 0.273024 0.12281 9.9982E-005 9.9982E-005 0.129973 0.18171 0.189065
0.0590247 0.101205 0.0325961 0.697803 0.0761161 9.9982E-005 0.0330558 9.9982E-005
0.129514 0.257435 0.246617 0.0553128 0.0115432 0.121148 9.9991E-005 0.178331
0.0364201 0.236497 0.0715739 9.9982E-005 0.110926 0.413515 9.9982E-005 0.130868
0.285475 0.00410114 0.0706315 0.115195 9.9991E-005 0.103067 0.0683975 0.353033
9.9964E-005 0.551764 0.0283133 9.9964E-005 9.9964E-005 0.125481 9.9964E-005 0.294042
9.9973E-005 0.380998 0.207994 9.9973E-005 0.208763 9.9973E-005 0.114086 0.0878592
0.200879 0.11953 0.0640215 9.9991E-005 0.0862168 0.164036 0.284641 0.0805757
0.285059 0.465059 0.0675285 0.0172035 0.00995554 0.154994 9.9982E-005 9.9982E-005
0.283007 0.283598 0.146847 0.0234922 9.9982E-005 0.237067 9.9982E-005 0.0257883
9.9982E-005 0.261365 0.138578 0.019696 0.0307712 0.367042 9.9982E-005 0.182347
0.0531897 0.486844 0.125383 0.0590174 9.9982E-005 0.0226621 9.9982E-005 0.252704
9.9973E-005 0.404314 0.192563 0.0979967 0.136396 0.168431 9.9973E-005 9.9973E-005
0.0758962 0.472616 0.400136 9.9964E-005 0.0509516 9.9964E-005 9.9964E-005 9.9964E-005
9.9946E-005 0.431078 9.9946E-005 9.9946E-005 9.9946E-005 9.9946E-005 9.9946E-005 0.568323
0.0332516 0.357295 0.152047 0.00716671 0.0693507 0.295086 9.9991E-005 0.0857021
0.450874 0.348257 0.117557 9.9973E-005 0.0708279 0.0121837 9.9973E-005 9.9973E-005
0.0431882 0.528804 0.0655278 0.106167 0.0864518 0.101823 0.0679393 9.9991E-005
0.0887679 0.435178 0.00774023 9.9982E-005 0.0777995 0.350844 0.0394705 9.9982E-005
0.0713675 0.452088 0.198113 0.0947063 0.132853 0.0348681 0.0159047 9.9991E-005
0.377511 9.9973E-005 0.254652 9.9973E-005 0.0484483 0.273972 9.9973E-005 0.0451168
0.118435 0.451853 0.0232306 9.9982E-005 0.110657 0.281666 9.9982E-005 0.0139574
0.254936 0.320803 0.150737 0.0285131 0.0821114 0.161006 9.9991E-005 0.00179317
0.0728866 0.433243 9.9982E-005 9.9982E-005 0.0865195 0.227872 0.0851993 0.0940803
0.196047 0.294735 0.172146 9.9982E-005 0.01652 0.192314 0.128038 9.9982E-005
9.9946E-005 0.492484 9.9946E-005 9.9946E-005 9.9946E-005 9.9946E-005 9.9946E-005 0.506917
0.338517 0.0104361 0.262165 0.0104937 9.9991E-005 0.106643 0.0689649 0.202681
0.0790962 0.46796 0.162684 0.006802 9.9982E-005 0.0645178 9.9982E-005 0.21874
0.309621 0.0343704 9.9973E-005 0.177081 9.9973E-005 9.9973E-005 0.354506 0.124121
0.235813 0.0317082 0.187767 9.9991E-005 0.108865 0.371953 0.000961798 0.0628328
0.424077 0.0879211 0.0403229 9.9991E-005 0.0599323 0.0349608 0.238059 0.114626
0.159143 0.465458 0.12855 0.0407678 9.9982E-005 0.107616 9.9982E-005 0.0982654
0.120462 0.298511 0.164154 9.99844E-005 0.060286 0.310198 9.99844E-005 0.046189
0.0548223 0.415295 0.11274 0.0148837 0.102972 0.157901 9.9991E-005 0.141286
0.204948 0.430257 0.0204712 9.9982E-005 0.0810828 0.0445061 9.9982E-005 0.218535
0.174895 0.282806 0.0560359 9.9991E-005 0.0602943 0.224745 0.098985 0.102139
0.00571336 0.417166 9.9973E-005 0.0265652 9.9973E-005 0.378718 9.9973E-005 0.171537
0.359567 0.37646 0.139119 9.9973E-005 0.100104 9.9973E-005 0.0244506 9.9973E-005
9.9964E-005 0.58012 9.9964E-005 9.9964E-005 9.9964E-005 0.0879096 0.0218625 0.309708
0.221002 0.435867 0.0877846 9.9973E-005 9.9973E-005 0.0685108 9.9973E-005 0.186536
9.9955E-005 9.9955E-005 0.916188 0.00346174 9.9955E-005 9.9955E-005 0.0798509 9.9955E-005
0.230904 0.649735 0.0466013 9.9973E-005 9.9973E-005 0.0520217 9.9973E-005 0.0204374
0.142851 0.483244 0.13041 0.0264212 0.0249069 0.191967 9.9982E-005 9.9982E-005
0.0625546 0.387935 0.19865 0.0484513 0.0708922 0.139526 9.9991E-005 0.0918911
0.0400756 0.480295 0.0720877 9.9991E-005 0.119166 0.177099 0.078726 0.0324504
0.271167 0.0813437 9.9982E-005 9.9982E-005 0.149281 0.0411585 0.165227 0.291622
0.321189 0.386198 0.123651 9.9964E-005 0.168562 9.9964E-005 9.9964E-005 9.9964E-005
0.556441 9.9982E-005 9.9982E-005 0.0786034 0.0393005 0.0577047 0.255594 0.0121562
0.0215578 0.322804 0.0591449 0.00908488 9.9982E-005 0.42782 9.9982E-005 0.159389
0.209569 0.519038 0.0433943 0.0450972 0.131083 0.0326596 0.01906 9.9991E-005
0.428916 0.00581156 0.149967 0.0822861 9.9982E-005 0.101938 0.230882 9.9982E-005
0.120623 0.335655 0.100491 0.0397385 0.00306274 0.29975 9.9991E-005 0.100581
0.286018 0.470124 0.0203016 9.9982E-005 0.024875 0.141781 0.0567009 9.9982E-005
9.9946E-005 0.0233117 0.976089 9.9946E-005 9.9946E-005 9.9946E-005 9.9946E-005 9.9946E-005
0.153761 0.292802 0.202238 9.9991E-005 0.0350705 0.261941 0.0459492 0.00813831
9.9991E-005 0.281064 0.145585 0.00915781 0.0419552 0.132175 0.0430136 0.34695
0.102452 0.475273 0.115349 0.00691742 0.058106 0.110257 9.9991E-005 0.131545
0.00911805 0.576404 0.018548 0.00929831 0.067397 0.128655 0.092261 0.0983185
0.0844089 0.407032 0.0027388 0.024871 0.165595 0.0837202 9.9991E-005 0.231534
0.287664 0.182631 0.133005 9.9991E-005 0.0657482 0.0451724 0.151331 0.134348
0.105671 0.452417 0.131287 9.9991E-005 0.148512 0.101472 0.0594943 0.00104605
0.0650915 0.309481 0.125525 0.0245176 9.9991E-005 0.256638 0.00261121 0.216035
9.9964E-005 9.9964E-005 0.0151952 0.716747 9.9964E-005 0.0478592 0.219799 9.9964E-005
0.169501 0.31009 0.119705 0.0305094 9.9982E-005 0.239184 9.9982E-005 0.13081
0.484483 0.00292655 0.148531 0.0838416 9.9982E-005 9.9982E-005 0.147869 0.132149
9.9973E-005 0.548816 0.0566241 9.9973E-005 0.0997164 0.155534 0.13901 9.9973E-005
0.0821791 0.201116 0.232471 9.9991E-005 0.0807762 0.238625 0.134242 0.0304913
0.225412 0.179509 0.109738 9.9973E-005 9.9973E-005 0.414002 9.9973E-005 0.0710387
0.332953 0.0205507 0.142277 9.9973E-005 9.9973E-005 0.236798 9.9973E-005 0.267121
0.0946414 0.315996 0.0533935 9.9991E-005 0.0689874 0.162682 0.0465756 0.257624
0.248072 0.447179 0.035924 9.9991E-005 0.0321492 0.209862 0.00351845 0.0231959
0.000152383 0.386525 9.9973E-005 9.9973E-005 0.022464 0.411505 9.9973E-005 0.179054
0.171193 0.323672 0.231215 0.0399424 0.0646088 0.105256 9.9991E-005 0.0640136
0.10284 0.0279471 0.132147 0.0256875 0.147689 0.29659 0.0691255 0.197973
9.9973E-005 0.30038 0.237652 9.9973E-005 9.9973E-005 0.13396 0.115772 0.211936
0.0288216 0.361694 0.0937788 0.0111382 9.9991E-005 0.224298 0.0976259 0.182544
0.00973401 0.420677 9.9973E-005 9.9973E-005 9.9973E-005 0.184981 0.0671534 0.317155
0.574924 0.0258236 0.0708888 0.0188629 0.0413062 0.121541 0.10814 0.0385136
0.103589 0.520025 0.0861113 9.9991E-005 0.0816848 0.0839469 0.108717 0.0158261
0.187769 0.429538 0.140613 9.9982E-005 0.005463 0.0915497 0.144868 9.9982E-005
9.9973E-005 0.290058 0.21837 9.9973E-005 0.0111255 0.190712 9.9973E-005 0.289434
0.0946095 0.117628 0.185356 9.9982E-005 0.102695 0.376141 9.9982E-005 0.12337
0.294894 9.9964E-005 9.9964E-005 9.9964E-005 0.149362 0.229737 0.325607 9.9964E-005
9.9964E-005 9.9964E-005 9.9964E-005 0.804707 9.9964E-005 0.101387 0.0190289 0.0744771
0.163452 0.408053 0.171888 9.9991E-005 0.0299636 0.118331 0.0923943 0.0158178
0.0287761 0.18478 0.106037 9.9982E-005 0.114738 0.219537 9.9982E-005 0.345932
0.125133 0.227513 0.343169 9.9982E-005 0.0776924 9.9982E-005 0.00827121 0.218021
0.191638 0.345663 0.226083 0.0328693 0.118333 0.0852133 9.9982E-005 9.9982E-005
0.157372 0.527399 0.106563 0.0959407 0.065699 0.0431798 9.9991E-005 0.00374685
0.0652785 0.451104 0.136117 9.9982E-005 9.9982E-005 0.0832672 0.0675011 0.196532
0.111577 0.452296 0.13375 0.00557659 9.9973E-005 0.2965 9.9973E-005 9.9973E-005
0.0936535 0.543131 0.0457314 0.0531476 9.9982E-005 0.051624 9.9982E-005 0.212512
0.313587 0.503726 0.0396974 0.0588129 0.0245964 0.0593803 9.9982E-005 9.9982E-005
0.235174 0.242303 0.144458 9.9982E-005 9.9982E-005 0.13656 0.041447 0.199858
0.418756 9.9982E-005 0.19475 9.9982E-005 0.077583 0.103714 0.113983 0.0910138
0.195194 0.372461 0.271765 9.9973E-005 0.00427953 0.156001 9.9973E-005 9.9973E-005
9.9973E-005 0.324076 0.134228 9.9973E-005 0.0550277 0.16823 9.9973E-005 0.318138
0.351894 9.9973E-005 0.169215 9.9973E-005 0.0970019 0.14396 9.9973E-005 0.237629
9.9973E-005 0.431286 0.166911 9.9973E-005 0.0790272 0.103198 0.219277 9.9973E-005
0.313524 9.9982E-005 0.00641731 9.9982E-005 0.0869025 0.275965 0.221624 0.0953672
9.9973E-005 0.369171 0.126025 0.0500004 0.134296 9.9973E-005 9.9973E-005 0.320208
0.0592473 0.326201 0.0611427 9.9973E-005 9.9973E-005 0.46719 9.9973E-005 0.0859183
0.295077 0.0843707 0.173752 9.9973E-005 9.9973E-005 9.9973E-005 0.197121 0.249379
0.00759793 0.430012 0.121287 0.0244129 0.0558592 0.174229 0.0674287 0.119173
0.140942 0.283977 9.9991E-005 0.000914393 0.223763 0.0772495 0.058454 0.214601
9.9946E-005 9.9946E-005 0.0286094 9.9946E-005 9.9946E-005 0.970791 9.9946E-005 9.9946E-005
9.9946E-005 9.9946E-005 9.9946E-005 0.377008 9.9946E-005 0.622392 9.9946E-005 9.9946E-005
0.153313 0.358673 0.162723 9.9982E-005 0.0177894 0.214183 9.9982E-005 0.0931194
0.0550612 0.342064 0.0625498 0.00793502 9.9982E-005 0.330759 9.9982E-005 0.201431
0.0368048 0.422745 0.0874611 9.9982E-005 9.9982E-005 0.404287 0.0468367 0.00166524
0.220322 0.393051 9.9973E-005 0.04192 0.127496 0.216911 9.9973E-005 9.9973E-005
