9.9991E-005 0.828525 0.171375
0.0801718 0.821367 0.0984616
0.0949314 0.904969 9.9991E-005
0.124714 0.875186 9.9991E-005
0.0373071 0.923582 0.0391112
0.928546 0.0112474 0.0602071
0.051374 0.759037 0.189589
0.988936 9.9991E-005 0.0109643
0.0478651 0.80939 0.142745
0.0200653 0.896329 0.083606
0.0172058 0.968256 0.0145379
0.253967 0.733339 0.0126931
9.999E-005 0.9998 9.999E-005
0.0943447 0.905555 9.9991E-005
0.723352 0.242197 0.0344512
0.101732 0.869864 0.0284036
0.186491 0.813409 9.9991E-005
9.9991E-005 0.703099 0.296801
0.0924543 0.849738 0.0578079
9.999E-005 0.9998 9.999E-005
9.9991E-005 0.98603 0.0138696
0.153625 0.793155 0.0532206
9.9991E-005 0.998672 0.00122829
0.689084 0.310816 9.9991E-005
9.9991E-005 0.839922 0.159978
0.719534 0.280366 9.9991E-005
0.558197 0.390916 0.0508863
0.391338 0.608562 9.9991E-005
0.806639 0.193261 9.9991E-005
0.126233 0.873667 9.9991E-005
0.575656 0.347018 0.0773259
0.0300904 0.77958 0.190329
0.316073 0.683827 9.9991E-005
0.965488 0.0344125 9.9991E-005
0.964921 9.9991E-005 0.0349786
0.0797096 0.842256 0.0780341
0.140304 0.859596 9.9991E-005
9.9991E-005 0.8826 0.1173
0.827628 0.172272 9.9991E-005
0.454632 0.470121 0.0752464
0.292532 0.585157 0.122311
0.0533747 0.936474 0.0101516
0.160051 0.839849 9.9991E-005
0.596035 0.342534 0.0614309
9.9991E-005 0.803331 0.196569
0.00439677 0.749576 0.246027
0.0875112 0.74659 0.165898
0.0963598 0.90354 9.9991E-005
0.101829 0.833681 0.06449
0.646108 0.321454 0.0324383
0.00165936 0.902888 0.0954525
0.452376 0.403386 0.144238
0.0127263 0.763954 0.22332
0.9433 0.0566 9.9991E-005
0.477995 0.521905 9.9991E-005
9.9991E-005 0.960285 0.0396154
9.9991E-005 0.987123 0.0127772
0.2057 0.76588 0.0284198
0.347379 0.652521 9.9991E-005
0.397397 0.602503 9.9991E-005
0.925857 0.00949611 0.0646465
0.9998 9.999E-005 9.999E-005
0.0937642 0.802887 0.103349
0.9998 9.999E-005 9.999E-005
0.0489143 0.909369 0.0417172
0.934664 9.9991E-005 0.0652364
9.9991E-005 0.950616 0.0492837
0.209465 0.780199 0.0103362
9.9991E-005 0.914506 0.0853939
0.935116 0.0429193 0.0219643
9.9991E-005 0.780959 0.218941
0.0646081 0.883462 0.0519298
0.318499 0.647404 0.0340975
0.0227456 0.855645 0.121609
0.0447209 0.89752 0.057759
0.387207 0.612693 9.9991E-005
0.0338946 0.966005 9.9991E-005
0.210049 0.709109 0.0808419
0.162804 0.802776 0.0344198
0.0361051 0.834948 0.128947
9.9991E-005 0.931489 0.0684112
0.0366477 0.91224 0.051112
0.0772808 0.869007 0.0537121
9.9991E-005 0.999608 0.000291928
9.999E-005 0.9998 9.999E-005
0.158669 0.823684 0.0176474
0.360081 0.639819 9.9991E-005
0.3128 0.6871 9.9991E-005
0.914899 0.0850012 9.9991E-005
0.256578 0.624161 0.11926
0.09664 0.801886 0.101474
0.570264 0.429636 9.9991E-005
0.0531716 0.946728 9.9991E-005
0.269441 0.730459 9.9991E-005
0.563363 0.436537 9.9991E-005
0.975996 9.9991E-005 0.0239041
0.134861 0.834936 0.0302034
0.112592 0.809944 0.0774648
0.102594 0.848185 0.0492211
0.262943 0.736957 9.9991E-005
0.57229 0.376854 0.0508567
0.0888291 0.909346 0.00182454
9.9991E-005 0.927715 0.0721848
9.999E-005 0.9998 9.999E-005
9.9991E-005 0.917958 0.0819419
0.877738 0.122162 9.9991E-005
0.487802 0.341724 0.170473
0.00732643 0.992574 9.9991E-005
0.0904754 0.909425 9.9991E-005
9.999E-005 0.9998 9.999E-005
0.522454 0.477446 9.9991E-005
0.9998 9.999E-005 9.999E-005
0.532658 0.467242 9.9991E-005
9.9991E-005 0.960477 0.0394232
0.101512 0.898388 9.9991E-005
9.9991E-005 0.863984 0.135916
9.999E-005 0.9998 9.999E-005
0.9998 9.999E-005 9.999E-005
0.000512238 0.926017 0.0734711
9.9991E-005 0.96588 0.03402
0.0704131 0.929487 9.9991E-005
0.691597 0.308303 9.9991E-005
9.999E-005 0.9998 9.999E-005
0.0575071 0.844928 0.0975649
9.9991E-005 0.947073 0.0528267
0.090496 0.819667 0.089837
0.661545 0.338355 9.9991E-005
0.936061 9.9991E-005 0.0638389
9.9991E-005 0.978085 0.0218146
9.9991E-005 0.852656 0.147244
0.0399426 0.893742 0.0663151
0.0270437 0.746841 0.226116
0.445803 0.554097 9.9991E-005
0.0601001 0.710832 0.229068
0.173647 0.81044 0.0159127
9.999E-005 0.9998 9.999E-005
0.601405 0.398495 9.9991E-005
0.334742 0.561764 0.103494
0.202717 0.797183 9.9991E-005
0.721288 0.278612 9.9991E-005
0.216763 0.783137 9.9991E-005
0.426225 0.4857 0.0880741
0.352761 0.54172 0.105519
0.256089 0.577897 0.166014
0.803977 0.145135 0.0508879
0.31593 0.611291 0.0727794
0.256077 0.743823 9.9991E-005
9.9991E-005 0.897071 0.102829
9.9991E-005 0.82995 0.16995
9.9991E-005 0.732051 0.267849
0.0466358 0.924296 0.029068
0.438496 0.561404 9.9991E-005
0.830251 0.169649 9.9991E-005
0.512841 0.259747 0.227412
0.0770614 0.769023 0.153916
9.9991E-005 0.788833 0.211067
0.970849 0.0290507 9.9991E-005
9.9991E-005 0.788901 0.210999
0.0239588 0.887876 0.0881652
0.240813 0.759087 9.9991E-005
9.9991E-005 0.908034 0.0918658
0.222217 0.668717 0.109066
0.135506 0.833221 0.0312729
0.0405362 0.92139 0.038074
9.999E-005 0.9998 9.999E-005
9.9991E-005 0.964325 0.0355747
0.227386 0.600821 0.171792
0.581954 0.364709 0.0533374
0.335258 0.664642 9.9991E-005
0.0956127 0.730487 0.1739
0.189441 0.614341 0.196218
0.193938 0.805962 9.9991E-005
0.9998 9.999E-005 9.999E-005
0.172841 0.827059 9.9991E-005
0.416062 0.583838 9.9991E-005
0.0438609 0.719664 0.236475
0.262644 0.737256 9.9991E-005
0.685116 0.314784 9.9991E-005
0.491414 0.482017 0.026569
0.613822 0.386078 9.9991E-005
0.00367578 0.996224 9.9991E-005
0.940524 9.9991E-005 0.059376
0.439887 0.560013 9.9991E-005
0.0337716 0.82125 0.144978
0.9998 9.999E-005 9.999E-005
0.641713 0.358187 9.9991E-005
0.0908196 0.819578 0.0896029
0.49965 0.50025 9.9991E-005
0.116418 0.883482 9.9991E-005
9.9991E-005 0.93882 0.0610801
0.394751 0.498875 0.106375
0.0211082 0.978792 9.9991E-005
9.999E-005 0.9998 9.999E-005
9.9991E-005 0.850856 0.149044
0.293536 0.507687 0.198777
0.243288 0.756612 9.9991E-005
9.9991E-005 0.755908 0.243992
0.145782 0.847267 0.00695136
0.0165289 0.652404 0.331067
0.0414921 0.802685 0.155823
0.396351 0.44687 0.156779
9.999E-005 0.9998 9.999E-005
0.073846 0.766697 0.159457
9.9991E-005 0.686557 0.313343
9.9991E-005 0.486814 0.513086
0.378182 0.482629 0.139189
9.9991E-005 0.89314 0.10676
0.260375 0.739525 9.9991E-005
0.0147448 0.942072 0.0431828
9.9991E-005 0.917196 0.0827043
0.0152008 0.852282 0.132517
0.427502 0.537745 0.0347527
0.523036 0.375117 0.101847
9.999E-005 0.9998 9.999E-005
9.9991E-005 0.845314 0.154586
9.9991E-005 0.892709 0.107191
0.0176839 0.861815 0.120501
0.372835 0.627065 9.9991E-005
0.252554 0.747346 9.9991E-005
9.9991E-005 0.731492 0.268408
0.632013 0.361201 0.00678644
0.210641 0.789259 9.9991E-005
0.158665 0.737718 0.103617
0.914481 0.0347671 0.0507522
0.0357087 0.864915 0.0993768
0.0745384 0.890754 0.0347076
0.0378324 0.962068 9.9991E-005
9.9991E-005 0.850602 0.149298
0.00909978 0.736285 0.254615
0.017167 0.944498 0.0383355
9.999E-005 0.9998 9.999E-005
9.999E-005 0.9998 9.999E-005
0.215654 0.784246 9.9991E-005
0.0135331 0.986367 9.9991E-005
9.999E-005 0.9998 9.999E-005
0.226637 0.773263 9.9991E-005
0.0293051 0.970595 9.9991E-005
0.0270928 0.904347 0.0685604
0.356101 0.643799 9.9991E-005
0.357553 0.642347 9.9991E-005
0.068949 0.930951 9.9991E-005
0.6228 0.3771 9.9991E-005
9.9991E-005 0.923187 0.0767128
0.411347 0.588553 9.9991E-005
9.9991E-005 0.855114 0.144786
0.306636 0.59767 0.0956942
0.346901 0.446569 0.20653
0.518531 0.481369 9.9991E-005
0.0274874 0.921673 0.0508397
9.999E-005 0.9998 9.999E-005
0.367186 0.632714 9.9991E-005
0.0387998 0.844029 0.117172
9.999E-005 0.9998 9.999E-005
0.971989 0.012516 0.0154953
0.0262702 0.845331 0.128399
9.999E-005 0.9998 9.999E-005
0.039826 0.960074 9.9991E-005
0.0515578 0.948342 9.9991E-005
0.0373444 0.962556 9.9991E-005
0.00941099 0.990489 9.9991E-005
0.0382988 0.961601 9.9991E-005
0.0574047 0.901284 0.0413116
0.617177 0.265637 0.117185
9.999E-005 0.9998 9.999E-005
9.999E-005 0.9998 9.999E-005
0.223204 0.660542 0.116254
0.448523 0.544995 0.00648251
9.9991E-005 0.895288 0.104612
0.323035 0.676865 9.9991E-005
0.0120303 0.98787 9.9991E-005
0.397363 0.562018 0.0406196
0.120673 0.776602 0.102724
0.545553 0.44676 0.00768688
0.249665 0.750235 9.9991E-005
0.0792808 0.683605 0.237114
0.259774 0.730333 0.00989246
9.999E-005 0.9998 9.999E-005
0.100181 0.899719 9.9991E-005
0.0789065 0.920994 9.9991E-005
0.309796 0.690104 9.9991E-005
0.103352 0.871746 0.0249015
9.9991E-005 0.84716 0.15274
9.9991E-005 0.89295 0.10695
0.657414 0.273234 0.0693524
0.949328 9.9991E-005 0.0505718
0.0949718 0.827157 0.0778707
0.144243 0.725819 0.129938
0.171378 0.57929 0.249332
0.20284 0.779141 0.0180191
0.33483 0.553067 0.112103
0.141306 0.858594 9.9991E-005
9.9991E-005 0.864785 0.135115
0.0283149 0.910571 0.0611136
9.9991E-005 0.980564 0.0193359
9.9991E-005 0.780133 0.219767
9.999E-005 0.9998 9.999E-005
9.999E-005 0.9998 9.999E-005
0.0965241 0.782707 0.120769
0.0195695 0.761834 0.218596
0.0306791 0.969221 9.9991E-005
0.00476861 0.883875 0.111356
0.062394 0.756299 0.181307
0.122131 0.848225 0.0296436
0.616954 0.165981 0.217065
0.479419 0.50345 0.0171307
0.818689 0.119349 0.0619623
9.9991E-005 0.975121 0.0247786
0.841511 0.158389 9.9991E-005
0.818626 0.181274 9.9991E-005
0.0321464 0.898786 0.0690678
9.9991E-005 0.830727 0.169173
0.0198567 0.828781 0.151362
0.791788 0.187889 0.0203222
9.9991E-005 0.965209 0.0346907
0.490898 0.509002 9.9991E-005
0.023667 0.886654 0.0896788
0.936871 9.9991E-005 0.0630295
0.168741 0.759199 0.0720598
0.00589597 0.994004 9.9991E-005
9.9991E-005 0.960292 0.0396081
0.0112328 0.91542 0.0733475
0.771118 0.194659 0.0342233
0.214081 0.78582 9.9991E-005
0.445383 0.37005 0.184566
9.9991E-005 0.862827 0.137073
0.836217 0.0983816 0.0654018
0.095844 0.467593 0.436563
0.432379 0.377378 0.190243
0.0623562 0.904363 0.0332811
0.297848 0.591914 0.110238
0.648107 0.287734 0.064159
9.9991E-005 0.804789 0.195111
0.00604218 0.957081 0.0368766
9.9991E-005 0.908471 0.0914286
9.9991E-005 0.799458 0.200442
0.497857 0.476441 0.0257023
0.0325453 0.798473 0.168982
9.9991E-005 0.928145 0.0717547
0.026947 0.972953 9.9991E-005
0.50185 0.49805 9.9991E-005
0.249597 0.726558 0.0238451
0.00790331 0.878839 0.113258
0.211104 0.575186 0.21371
0.260182 0.730945 0.00887352
9.9991E-005 0.903299 0.0966009
0.434421 0.450532 0.115048
0.152213 0.752562 0.0952242
0.501256 0.425627 0.073117
9.9991E-005 0.866656 0.133244
9.999E-005 0.9998 9.999E-005
9.999E-005 0.9998 9.999E-005
9.9991E-005 0.969836 0.0300639
9.9991E-005 0.79421 0.20569
9.9991E-005 0.918471 0.081429
0.399873 0.543639 0.0564872
0.0907236 0.857219 0.0520572
0.00131109 0.998589 9.9991E-005
0.0546503 0.94525 9.9991E-005
0.0885158 0.839874 0.0716099
0.405856 0.339196 0.254948
9.9991E-005 0.711077 0.288823
0.0602261 0.677902 0.261872
0.872898 0.127002 9.9991E-005
0.648583 0.351317 9.9991E-005
9.9991E-005 0.973293 0.0266066
9.9991E-005 0.310808 0.689092
0.0752382 0.0271514 0.89761
0.00766573 0.365137 0.627197
9.9991E-005 0.799901 0.199999
9.9991E-005 0.169569 0.830331
0.0927453 0.110326 0.796929
0.034516 0.169515 0.795969
0.0322794 9.9991E-005 0.967621
0.0200286 0.249372 0.730599
9.9991E-005 0.382016 0.617884
0.00142426 0.529877 0.468699
0.057499 0.109252 0.833249
9.9991E-005 0.58885 0.41105
9.9991E-005 0.300038 0.699862
9.9991E-005 0.275156 0.724744
0.0715726 0.110178 0.81825
9.9991E-005 0.431016 0.568884
0.0407689 0.365447 0.593784
0.851844 9.9991E-005 0.148056
0.0136387 0.403773 0.582588
0.000112298 0.327415 0.672473
0.112346 0.709471 0.178183
9.999E-005 9.999E-005 0.9998
9.9991E-005 0.0509411 0.948959
0.0668723 0.674988 0.25814
0.00893417 0.112129 0.878937
0.00929365 0.410018 0.580688
9.9991E-005 0.308569 0.691331
0.0491587 0.152904 0.797938
0.0584541 0.0449781 0.896568
9.9991E-005 0.0612252 0.938675
0.0747891 0.0282639 0.896947
0.0258775 0.202422 0.771701
9.9991E-005 0.244934 0.754966
0.15785 0.00105654 0.841093
0.0351711 0.0300887 0.93474
0.0986595 0.0621368 0.839204
9.9991E-005 0.811692 0.188208
0.0252835 0.000413029 0.974303
0.0183434 0.309153 0.672504
0.0447204 0.23541 0.71987
0.00443202 0.366247 0.629321
0.00136186 9.9991E-005 0.998538
0.0316101 0.816708 0.151682
0.00404811 0.13262 0.863332
0.364081 0.600127 0.0357926
0.0124157 0.694587 0.292998
0.0308587 0.779913 0.189228
0.0260769 0.185546 0.788377
0.0455163 0.218997 0.735486
0.061043 0.0284559 0.910501
0.0104958 0.303257 0.686247
0.0394048 0.306962 0.653633
0.0381283 0.191684 0.770187
9.9991E-005 0.380109 0.619791
9.9991E-005 0.126433 0.873467
9.9991E-005 0.350631 0.649269
0.0262317 0.522938 0.45083
9.999E-005 9.999E-005 0.9998
0.0413883 9.9991E-005 0.958512
0.0845877 9.9991E-005 0.915312
0.00447601 0.250427 0.745097
0.0124087 0.879828 0.107763
9.9991E-005 0.269371 0.730529
0.227063 0.679847 0.0930903
0.015293 0.230832 0.753875
0.114338 9.9991E-005 0.885562
0.12655 0.681753 0.191696
0.062364 0.141642 0.795994
0.0105918 0.153759 0.835649
9.9991E-005 0.0182949 0.981605
0.0194453 0.15738 0.823174
0.0298849 0.371318 0.598797
9.9991E-005 0.16457 0.83533
0.0161732 0.135292 0.848535
0.0244467 0.308061 0.667492
9.9991E-005 0.699022 0.300878
0.0272751 0.17292 0.799805
0.0366456 0.422499 0.540855
0.912141 9.9991E-005 0.0877587
0.033929 0.292268 0.673803
0.137052 0.813031 0.0499177
0.0289923 9.9991E-005 0.970908
0.0323737 0.360288 0.607338
9.9991E-005 0.557819 0.442081
9.9991E-005 0.795278 0.204622
9.9991E-005 0.353982 0.645918
9.9991E-005 0.233756 0.766144
9.9991E-005 0.261982 0.737918
9.9991E-005 0.258135 0.741765
0.0239611 0.73176 0.244279
9.9991E-005 0.249151 0.750749
9.9991E-005 0.351375 0.648525
9.9991E-005 0.396676 0.603224
0.00283009 0.99707 9.9991E-005
9.9991E-005 0.0569759 0.942924
9.9991E-005 0.216958 0.782942
9.9991E-005 0.319715 0.680185
9.9991E-005 0.353126 0.646774
0.00335864 0.996541 9.9991E-005
0.960353 0.0395471 9.9991E-005
9.9991E-005 0.211589 0.788312
9.9991E-005 0.444729 0.555171
9.9991E-005 0.421381 0.578519
9.9991E-005 0.215521 0.784379
0.0452811 9.9991E-005 0.954619
9.9991E-005 0.311818 0.688082
0.0278057 9.9991E-005 0.972094
0.0453213 0.0185095 0.936169
0.0532617 0.0638326 0.882906
9.9991E-005 0.508195 0.491705
9.9991E-005 0.775426 0.224474
9.9991E-005 0.101006 0.898894
9.9991E-005 0.323451 0.676449
9.999E-005 0.9998 9.999E-005
0.0606701 0.152533 0.786797
9.999E-005 0.9998 9.999E-005
0.0407525 0.246718 0.71253
9.9991E-005 0.178042 0.821858
9.9991E-005 0.783585 0.216315
0.0237355 0.241358 0.734907
9.9991E-005 0.512284 0.487616
0.0640607 0.139605 0.796334
0.735902 0.0822301 0.181868
0.0246637 0.115004 0.860332
9.9991E-005 0.246702 0.753198
9.9991E-005 0.227704 0.772196
0.0524602 0.231906 0.715633
9.9991E-005 0.187292 0.812608
9.9991E-005 0.152214 0.847686
9.9991E-005 0.313405 0.686495
9.999E-005 0.9998 9.999E-005
0.0922014 0.134144 0.773655
0.00166345 0.166701 0.831636
9.999E-005 9.999E-005 0.9998
0.0466769 0.0772116 0.876112
0.0148765 0.345496 0.639628
0.0308406 0.44335 0.52581
9.9991E-005 0.567459 0.432441
0.0688416 0.334969 0.59619
0.012214 0.373175 0.614611
0.0251452 0.153538 0.821316
0.0360775 0.963823 9.9991E-005
9.9991E-005 0.495827 0.504073
0.022017 0.000745781 0.977237
0.00899052 0.0723632 0.918646
9.9991E-005 0.279243 0.720657
9.999E-005 9.999E-005 0.9998
0.014045 0.290323 0.695632
0.0193699 0.913605 0.0670255
0.0633466 0.715461 0.221193
0.0153696 0.259676 0.724955
9.9991E-005 0.135456 0.864444
9.9991E-005 0.230277 0.769623
0.00505184 0.432987 0.561961
9.9991E-005 0.117375 0.882525
0.0528669 9.9991E-005 0.947033
0.282991 0.557645 0.159363
9.9991E-005 0.374955 0.624945
9.9991E-005 0.263224 0.736676
0.398116 0.380069 0.221815
0.269915 0.729985 9.9991E-005
0.00497622 0.0962642 0.89876
0.0580743 0.334673 0.607252
9.9991E-005 0.0940623 0.905838
9.9991E-005 0.85683 0.14307
9.9991E-005 0.31829 0.68161
0.0232999 0.110392 0.866308
0.365721 0.498026 0.136254
0.0135932 0.182046 0.804361
9.9991E-005 0.201157 0.798743
9.9991E-005 0.231087 0.768813
0.0236707 0.170502 0.805827
9.9991E-005 0.10535 0.89455
0.0165841 0.108647 0.874769
0.0635691 0.114514 0.821917
9.9991E-005 0.34447 0.65543
9.9991E-005 0.169533 0.830367
0.0307812 0.234273 0.734946
0.763389 0.139824 0.0967864
0.00962473 9.9991E-005 0.990275
0.00877766 9.9991E-005 0.991122
0.00270013 0.661521 0.335779
9.999E-005 9.999E-005 0.9998
9.9991E-005 0.294654 0.705246
0.0370143 0.0862902 0.876696
0.125496 0.520881 0.353623
9.9991E-005 0.216512 0.783388
0.00792471 0.0487824 0.943293
0.117379 0.181642 0.70098
0.00414122 0.250314 0.745545
0.0776909 0.315855 0.606455
0.9998 9.999E-005 9.999E-005
9.9991E-005 0.295743 0.704157
9.9991E-005 0.505774 0.494126
9.9991E-005 0.325423 0.674477
9.9991E-005 0.149418 0.850482
0.0401994 9.9991E-005 0.959701
0.0289108 0.149711 0.821378
0.757646 0.0923342 0.150019
9.9991E-005 0.231722 0.768178
0.0251624 0.200045 0.774793
9.9991E-005 0.295611 0.704289
9.9991E-005 0.275675 0.724225
0.0155997 0.124057 0.860343
0.0078995 9.9991E-005 0.992001
9.9991E-005 0.304259 0.695641
0.0221623 0.296516 0.681321
9.9991E-005 0.32802 0.67188
0.0225829 0.311672 0.665745
0.01313 0.0877364 0.899134
9.9991E-005 0.410461 0.589439
9.9991E-005 0.429835 0.570065
0.0443682 0.15 0.805632
9.9991E-005 0.318602 0.681298
0.0628762 0.384128 0.552996
9.9991E-005 0.248224 0.751676
0.0551331 9.9991E-005 0.944767
0.0249076 0.136277 0.838816
9.9991E-005 0.395148 0.604752
0.00856147 0.503503 0.487935
9.9991E-005 0.0522545 0.947645
9.9991E-005 0.499052 0.500848
9.9991E-005 0.328795 0.671105
0.9043 0.0955997 9.9991E-005
0.342416 0.580093 0.0774914
0.240362 0.544071 0.215567
0.647844 0.294037 0.0581194
0.0112947 0.716236 0.27247
9.9991E-005 0.767147 0.232753
0.177563 0.699561 0.122877
9.9991E-005 0.185102 0.814798
0.00674884 0.373829 0.619422
9.999E-005 9.999E-005 0.9998
9.9991E-005 0.543314 0.456586
0.0698651 0.202776 0.727359
0.0261384 0.266044 0.707818
0.00312858 0.34934 0.647531
9.9991E-005 0.303337 0.696563
9.9991E-005 0.310826 0.689074
0.0249493 0.15969 0.81536
0.00739419 0.408024 0.584582
0.0531762 0.683211 0.263613
0.0931676 0.158776 0.748056
0.0403736 0.0405641 0.919062
0.067132 0.21252 0.720348
0.816126 9.9991E-005 0.183774
0.219991 0.674496 0.105512
9.9991E-005 0.161353 0.838547
9.9991E-005 0.321526 0.678374
0.164875 0.754132 0.0809932
9.9991E-005 0.245391 0.754509
0.00715323 0.0156265 0.97722
0.0256572 0.974243 9.9991E-005
9.9991E-005 0.172129 0.827771
0.0358293 0.0522052 0.911965
0.0114715 0.447658 0.540871
9.9991E-005 0.196618 0.803282
0.0585877 0.278512 0.6629
9.9991E-005 0.258262 0.741638
0.329551 0.415977 0.254472
9.9991E-005 0.214774 0.785126
0.0313253 0.272382 0.696293
9.999E-005 9.999E-005 0.9998
0.206824 0.582619 0.210557
9.9991E-005 0.623042 0.376858
0.0530879 0.646064 0.300848
9.9991E-005 0.193537 0.806363
0.0481 0.803601 0.148299
9.9991E-005 0.150699 0.849201
9.9991E-005 0.495636 0.504264
0.0177146 0.263901 0.718384
0.0151149 0.329296 0.655589
0.264566 0.488012 0.247423
9.9991E-005 0.265855 0.734045
0.924898 0.0220611 0.053041
9.9991E-005 0.356994 0.642906
0.00329518 0.134488 0.862217
0.9998 9.999E-005 9.999E-005
0.97681 9.9991E-005 0.0230903
0.0121433 0.270841 0.717016
0.0219404 0.447491 0.530569
0.0144196 0.133848 0.851732
0.0624 0.0533213 0.884279
9.9991E-005 0.379837 0.620063
9.999E-005 9.999E-005 0.9998
0.0771933 0.318982 0.603824
0.348889 0.535824 0.115287
0.00259835 0.309807 0.687595
0.0505041 9.9991E-005 0.949396
9.9991E-005 0.317614 0.682287
0.0888211 0.860086 0.0510932
9.9991E-005 0.763205 0.236695
9.9991E-005 0.813658 0.186242
9.9991E-005 0.225009 0.774891
0.410948 0.316533 0.272519
0.0427274 0.189356 0.767916
0.0676874 0.284431 0.647881
9.9991E-005 0.0726069 0.927293
9.9991E-005 0.177758 0.822142
0.018074 0.37229 0.609636
9.9991E-005 0.358106 0.641794
9.9991E-005 0.360337 0.639563
0.00784341 0.752214 0.239943
9.9991E-005 0.963053 0.0368471
0.0412106 0.240983 0.717806
9.9991E-005 0.168418 0.831482
9.9991E-005 0.215911 0.783989
0.801774 0.098437 0.0997893
9.9991E-005 0.376489 0.623411
0.0251207 0.367939 0.606941
9.9991E-005 0.414258 0.585642
9.9991E-005 0.487506 0.512394
9.9991E-005 0.274628 0.725272
0.0715367 0.32831 0.600153
0.0473721 0.333549 0.619078
0.0781251 0.0856295 0.836245
0.161959 0.676853 0.161188
0.0395759 0.0935647 0.866859
0.0390167 0.27108 0.689903
9.9991E-005 0.358714 0.641186
0.0724527 0.927447 9.9991E-005
9.9991E-005 0.276391 0.723509
9.9991E-005 0.331992 0.667908
0.0802077 0.479694 0.440098
9.9991E-005 0.123496 0.876404
0.0346327 0.349445 0.615922
0.0174839 0.415488 0.567028
0.0656174 0.291638 0.642745
0.289077 0.591633 0.11929
0.0201702 0.407385 0.572445
9.9991E-005 0.341767 0.658133
9.9991E-005 0.145911 0.853989
9.9991E-005 0.438015 0.561885
9.9991E-005 0.407047 0.592853
9.9991E-005 0.387131 0.612769
0.0576166 0.127956 0.814427
9.9991E-005 0.165589 0.834311
9.9991E-005 0.260281 0.739619
0.0312098 0.213215 0.755575
0.0171792 0.794572 0.188249
0.0481632 0.30019 0.651647
0.108251 0.152838 0.738911
0.0578209 0.829045 0.113134
0.00854837 0.264602 0.72685
0.101127 0.213251 0.685622
9.9991E-005 0.318795 0.681105
0.0513813 0.125834 0.822785
9.9991E-005 0.343423 0.656477
9.9991E-005 0.888173 0.111727
9.9991E-005 0.0133034 0.986597
0.0815138 0.665697 0.252789
