9.9991E-005 0.0904074 0.909493
0.0700986 0.056857 0.873044
0.0964525 9.9991E-005 0.903448
0.148831 0.0135977 0.837571
0.0597483 0.120115 0.820137
0.913055 0.0868446 9.9991E-005
0.0067663 0.151917 0.841316
0.9619 0.0380002 9.9991E-005
0.0788164 0.0535712 0.867612
9.9991E-005 0.031379 0.968521
0.000326511 9.9991E-005 0.999573
0.236574 9.9991E-005 0.763326
9.9991E-005 0.0486512 0.951249
0.145369 0.066731 0.7879
0.718375 9.9991E-005 0.281525
0.0614261 0.0561829 0.882391
0.23243 9.9991E-005 0.76747
9.9991E-005 0.174344 0.825556
0.0848492 0.0646937 0.850457
9.999E-005 9.999E-005 0.9998
9.9991E-005 0.0845207 0.915379
0.109777 0.0504827 0.83974
0.018722 9.9991E-005 0.981178
0.630057 9.9991E-005 0.369843
9.9991E-005 0.104363 0.895537
0.718746 9.9991E-005 0.281154
0.526797 0.0753998 0.397803
0.328731 9.9991E-005 0.671169
0.771675 0.0469365 0.181389
0.157838 9.9991E-005 0.842062
0.512423 0.0221463 0.465431
0.0475107 0.0389851 0.913504
0.297416 0.0566083 0.645976
0.943752 9.9991E-005 0.0561475
0.930448 0.0694523 9.9991E-005
0.135375 0.0270714 0.837554
0.173898 9.9991E-005 0.826002
9.9991E-005 0.176463 0.823437
0.748739 0.025087 0.226174
0.432389 0.0888584 0.478752
0.275111 0.120794 0.604095
0.0832235 0.00900689 0.90777
0.1208 9.9991E-005 0.8791
0.620001 0.180875 0.199123
9.9991E-005 0.170774 0.829126
9.9991E-005 0.160388 0.839512
0.0887957 0.0569504 0.854254
0.126272 0.0706518 0.803076
0.0669285 0.00356936 0.929502
0.625348 0.00052314 0.374129
0.0442747 0.0851004 0.870625
0.444443 0.12685 0.428708
0.0533502 0.172176 0.774474
0.922637 9.9991E-005 0.0772634
0.489997 0.00522414 0.504779
9.999E-005 9.999E-005 0.9998
9.9991E-005 0.0049486 0.994951
0.181353 0.0727978 0.74585
0.379876 9.9991E-005 0.620024
0.376267 9.9991E-005 0.623633
0.905384 0.0945155 9.9991E-005
0.980421 0.019479 9.9991E-005
0.0524612 0.0201753 0.927364
0.9998 9.999E-005 9.999E-005
0.0531068 0.114489 0.832404
0.923138 0.00689072 0.0699708
9.9991E-005 0.0257171 0.974183
0.2004 0.0394338 0.760166
9.9991E-005 0.036811 0.963089
0.926533 0.0205598 0.0529067
9.9991E-005 0.220598 0.779302
0.0362912 0.0232176 0.940491
0.287719 0.115373 0.596908
0.0287768 0.120057 0.851167
0.0648568 0.105293 0.829851
0.385421 9.9991E-005 0.614479
0.0617879 0.0503881 0.887824
0.185294 0.121464 0.693242
0.158349 0.0232871 0.818364
0.0145469 0.097837 0.887616
9.999E-005 9.999E-005 0.9998
0.0379553 0.0363728 0.925672
0.0492161 0.0696049 0.881179
9.9991E-005 0.053148 0.946752
0.0159492 9.9991E-005 0.983951
0.233368 0.0438028 0.72283
0.360964 9.9991E-005 0.638936
0.274363 9.9991E-005 0.725537
0.9998 9.999E-005 9.999E-005
0.299125 0.0705415 0.630333
0.0964598 0.183192 0.720348
0.639449 9.9991E-005 0.360451
0.0181731 0.0387769 0.94305
0.250575 9.9991E-005 0.749325
0.564008 9.9991E-005 0.435892
0.9998 9.999E-005 9.999E-005
0.12098 0.0411077 0.837912
0.109393 0.0690486 0.821558
0.0699803 9.9991E-005 0.92992
0.247781 9.9991E-005 0.752119
0.606347 0.0722081 0.321445
0.0700775 9.9991E-005 0.929822
9.9991E-005 0.0468057 0.953094
9.9991E-005 0.0328513 0.967049
9.9991E-005 0.0838966 0.916003
0.87602 9.9991E-005 0.12388
0.543373 0.167556 0.289071
9.999E-005 9.999E-005 0.9998
0.0610719 9.9991E-005 0.938828
9.9991E-005 0.00207704 0.997823
0.57079 0.033708 0.395502
0.9998 9.999E-005 9.999E-005
0.488462 9.9991E-005 0.511438
9.9991E-005 0.0245557 0.975344
0.113164 9.9991E-005 0.886736
9.9991E-005 0.0830792 0.916821
9.9991E-005 0.0180642 0.981836
0.9998 9.999E-005 9.999E-005
9.9991E-005 0.0343665 0.965534
9.999E-005 9.999E-005 0.9998
0.110836 9.9991E-005 0.889064
0.633794 9.9991E-005 0.366106
9.999E-005 9.999E-005 0.9998
0.0936001 0.0372037 0.869196
9.9991E-005 0.0803637 0.919536
0.100843 0.00514911 0.894008
0.711116 9.9991E-005 0.288784
0.921891 0.0739889 0.00411992
0.00548378 0.120003 0.874513
9.9991E-005 0.224292 0.775608
9.9991E-005 0.0423211 0.957579
0.0201243 0.19544 0.784436
0.354535 9.9991E-005 0.645365
0.0500338 0.279408 0.670558
0.189412 9.9991E-005 0.810488
0.0497291 0.0451754 0.905095
0.588857 9.9991E-005 0.411043
0.329452 0.0678413 0.602707
0.245653 0.0779835 0.676363
0.680409 9.9991E-005 0.319491
0.197922 9.9991E-005 0.801978
0.436068 0.102403 0.461528
0.3317 0.0624165 0.605883
0.285584 0.125838 0.588578
0.819303 0.0612462 0.119451
0.314609 0.0979831 0.587408
0.268177 0.0576892 0.674134
9.9991E-005 0.0732993 0.926601
9.9991E-005 0.120568 0.879332
9.9991E-005 0.250274 0.749626
0.0796423 0.0182256 0.902132
0.313644 0.0142503 0.672106
0.825179 9.9991E-005 0.174721
0.465764 0.0568809 0.477356
0.0310307 0.185587 0.783382
9.9991E-005 0.149711 0.850189
0.954342 0.0455585 9.9991E-005
9.9991E-005 0.148178 0.851722
0.00972943 0.0906378 0.899633
0.18037 9.9991E-005 0.81953
9.9991E-005 0.0616977 0.938202
0.192729 0.152924 0.654347
0.135825 0.115531 0.748644
0.0702629 9.9991E-005 0.929637
9.9991E-005 0.0237824 0.976118
9.9991E-005 0.0415079 0.958392
0.232063 0.173616 0.594321
0.637385 0.0310646 0.331551
0.365229 9.9991E-005 0.634671
0.109499 0.193213 0.697288
0.173762 0.155831 0.670407
0.136131 9.9991E-005 0.863769
0.9998 9.999E-005 9.999E-005
0.160388 0.00357093 0.836041
0.383264 9.9991E-005 0.616636
0.0746144 0.216309 0.709076
0.280099 9.9991E-005 0.719801
0.632472 9.9991E-005 0.367428
0.472905 9.9991E-005 0.526995
0.565629 9.9991E-005 0.434271
0.0347036 9.9991E-005 0.965196
0.955548 0.0443519 9.9991E-005
0.408864 9.9991E-005 0.591036
0.0182261 0.153453 0.828321
0.9998 9.999E-005 9.999E-005
0.639424 9.9991E-005 0.360476
0.127083 0.0793202 0.793597
0.505138 9.9991E-005 0.494762
0.130262 9.9991E-005 0.869638
9.9991E-005 0.129936 0.869964
0.35017 0.093467 0.556363
0.0258804 9.9991E-005 0.97402
9.999E-005 9.999E-005 0.9998
0.0551866 0.0827506 0.862063
0.309607 0.150927 0.539466
0.310422 9.9991E-005 0.689478
9.9991E-005 0.176425 0.823475
0.105911 9.9991E-005 0.893989
0.0328553 0.320617 0.646528
0.0140816 0.141765 0.844154
0.362282 0.14482 0.492898
9.9991E-005 0.00373199 0.996168
0.0549506 0.173064 0.771985
0.0116737 0.298109 0.690217
9.9991E-005 0.447564 0.552336
0.348126 0.159332 0.492542
9.9991E-005 0.0820437 0.917856
0.284387 9.9991E-005 0.715513
0.069652 0.0322287 0.898119
9.9991E-005 0.0940287 0.905871
9.9991E-005 0.108065 0.891835
0.406134 9.9991E-005 0.593766
0.489753 0.0315071 0.47874
9.999E-005 9.999E-005 0.9998
9.9991E-005 0.129073 0.870827
9.9991E-005 0.0858186 0.914081
0.0482065 0.119247 0.832547
0.397297 9.9991E-005 0.602603
0.257846 9.9991E-005 0.742054
9.9991E-005 0.237994 0.761906
0.632964 0.0161286 0.350907
0.201481 0.00304888 0.795471
0.17484 0.178107 0.647053
0.84002 9.9991E-005 0.15988
0.0441364 0.124996 0.830868
0.0674085 0.0666726 0.865919
0.0808124 9.9991E-005 0.919088
9.999E-005 9.999E-005 0.9998
9.9991E-005 0.235374 0.764526
0.042017 9.99909E-005 0.957883
9.9991E-005 0.0256457 0.974254
9.9991E-005 0.0590813 0.940819
0.253979 0.00320854 0.742813
0.0115453 0.0408558 0.947599
9.999E-005 9.999E-005 0.9998
0.275093 9.9991E-005 0.724807
9.9991E-005 0.0301394 0.969761
0.0237294 9.9991E-005 0.976171
0.40357 0.025929 0.570501
0.304215 9.9991E-005 0.695685
0.0246874 9.9991E-005 0.975213
0.652894 9.9991E-005 0.347006
9.9991E-005 0.0979678 0.901932
0.403198 9.9991E-005 0.596702
0.0235587 0.0460691 0.930372
0.319518 0.0658393 0.614643
0.312691 0.263101 0.424208
0.574834 9.9991E-005 0.425066
0.0738725 9.9991E-005 0.926027
9.999E-005 9.999E-005 0.9998
0.402432 9.9991E-005 0.597468
0.0507234 0.102447 0.846829
9.999E-005 9.999E-005 0.9998
0.944659 9.9991E-005 0.0552405
0.0178045 0.000838234 0.981357
9.999E-005 9.999E-005 0.9998
0.0220555 9.9991E-005 0.977845
0.0629831 0.000961933 0.936055
0.046429 9.9991E-005 0.953471
9.999E-005 9.999E-005 0.9998
0.00715013 9.9991E-005 0.99275
0.147433 0.00565082 0.846917
0.606703 0.0893487 0.303948
9.999E-005 9.999E-005 0.9998
9.999E-005 9.999E-005 0.9998
0.305094 0.165386 0.52952
0.402625 9.9991E-005 0.597275
9.9991E-005 0.187774 0.812126
0.287521 9.9991E-005 0.712379
0.0337643 9.9991E-005 0.966136
0.408972 9.9991E-005 0.590928
0.168384 0.0987509 0.732865
0.548337 0.0422512 0.409412
0.275027 9.9991E-005 0.724873
0.0304905 0.160315 0.809194
0.292694 0.00913034 0.698176
9.999E-005 9.999E-005 0.9998
0.0806106 9.9991E-005 0.919289
0.0919279 0.048414 0.859658
0.368835 0.0241082 0.607056
0.0798944 0.015819 0.904287
9.9991E-005 0.175731 0.824169
9.9991E-005 0.0117441 0.988156
0.65453 0.0871192 0.258351
0.973041 0.0268585 9.9991E-005
0.131561 0.0932353 0.775204
0.125992 0.0729151 0.801093
0.190342 0.176412 0.633246
0.219868 9.9991E-005 0.780032
0.294816 0.102413 0.602771
0.0701265 9.9991E-005 0.929773
9.9991E-005 0.131206 0.868694
0.010722 0.152489 0.836789
0.00976707 0.0559022 0.934331
9.9991E-005 0.0741119 0.925788
9.999E-005 9.999E-005 0.9998
9.999E-005 9.999E-005 0.9998
0.11467 0.116764 0.768566
9.9991E-005 0.197433 0.802467
0.0493156 0.031564 0.91912
0.00942219 0.116452 0.874126
0.0862186 0.0786415 0.83514
0.103953 0.0582983 0.837749
0.635344 0.196673 0.167983
0.459693 0.0321621 0.508144
0.839926 0.0452667 0.114808
9.999E-005 9.999E-005 0.9998
0.921731 0.0428248 0.0354439
0.799336 0.012014 0.18865
0.0369751 0.153338 0.809687
0.0247 0.0867622 0.888538
0.00542363 0.14354 0.851036
0.783369 9.9991E-005 0.216531
9.999E-005 9.999E-005 0.9998
0.538491 0.00726515 0.454244
0.0233146 0.108938 0.867747
0.853907 0.0718958 0.0741973
0.139684 0.0420417 0.818274
0.0581888 0.0782209 0.86359
9.999E-005 9.999E-005 0.9998
0.0552182 0.0316469 0.913135
0.844202 9.9991E-005 0.155698
0.239219 9.9991E-005 0.760681
0.482123 0.156805 0.361072
9.9991E-005 0.136134 0.863766
0.85095 0.0142923 0.134758
0.123041 0.360228 0.516731
0.441674 0.0675462 0.49078
9.9991E-005 0.131563 0.868337
0.232843 0.120856 0.646301
0.618293 0.0175469 0.36416
9.9991E-005 0.155023 0.844877
9.9991E-005 0.0895696 0.91033
0.00429803 0.0877785 0.907923
9.9991E-005 0.156075 0.843825
0.47441 9.9991E-005 0.52549
0.0296735 0.170901 0.799425
9.9991E-005 0.16692 0.83298
0.0222475 9.9991E-005 0.977652
0.493138 9.9991E-005 0.506762
0.339958 0.0145652 0.645477
9.9991E-005 0.0957997 0.9041
0.235868 0.258027 0.506105
0.276392 0.122936 0.600672
9.9991E-005 0.177948 0.821952
0.411279 0.155479 0.433242
0.125088 0.0121228 0.86279
0.489055 0.0685941 0.442351
9.9991E-005 0.0596956 0.940204
9.999E-005 9.999E-005 0.9998
0.013898 0.0394334 0.946669
9.9991E-005 0.0134574 0.986443
9.9991E-005 0.148646 0.851254
9.9991E-005 0.105419 0.894481
0.347778 0.0468402 0.605382
0.0555813 0.0236909 0.920728
9.999E-005 9.999E-005 0.9998
0.0365382 9.9991E-005 0.963362
0.116226 0.0150651 0.868709
0.373406 0.226208 0.400386
0.0124403 0.257028 0.730531
0.0486922 0.214137 0.737171
0.809064 9.9991E-005 0.190836
0.648908 9.9991E-005 0.350992
9.9991E-005 0.0113813 0.988519
9.9991E-005 0.622669 0.377231
0.072519 0.927381 9.9991E-005
0.041081 0.721145 0.237774
9.9991E-005 0.216191 0.783709
9.9991E-005 0.912309 0.0875914
0.00408619 0.771341 0.224573
0.047587 0.733804 0.218609
0.0537433 0.946157 9.9991E-005
0.0898446 0.830391 0.079764
0.0397811 0.574435 0.385784
9.9991E-005 0.450079 0.549821
0.0249193 0.698349 0.276731
9.9991E-005 0.282099 0.717801
9.9991E-005 0.663992 0.335908
9.9991E-005 0.71463 0.28527
0.0838198 0.91608 9.9991E-005
9.9991E-005 0.635694 0.364206
0.0413359 0.5205 0.438164
0.84322 0.15668 9.9991E-005
0.014566 0.450749 0.534685
0.0401667 0.677793 0.282041
0.0600164 0.165369 0.774614
9.999E-005 0.9998 9.999E-005
0.00938951 0.99051 9.9991E-005
0.0347946 0.299495 0.665711
0.0601838 0.876481 0.0633354
9.9991E-005 0.640096 0.359804
0.0361293 0.646339 0.317532
0.113482 0.854399 0.032119
0.08776 0.879792 0.0324484
9.9991E-005 0.866694 0.133206
0.0986403 0.90126 9.9991E-005
0.0121914 0.780113 0.207695
9.9991E-005 0.720104 0.279796
0.153594 0.832736 0.0136699
0.00366513 0.770152 0.226182
0.10568 0.820934 0.0733856
9.9991E-005 0.209657 0.790243
0.0773855 0.900626 0.0219882
0.0218915 0.732665 0.245444
9.9991E-005 0.660784 0.339116
9.9991E-005 0.698585 0.301315
9.999E-005 0.9998 9.999E-005
0.0154416 0.244455 0.740103
0.013675 0.796272 0.190053
0.309292 0.152116 0.538592
9.9991E-005 0.329911 0.669989
0.0501056 0.216876 0.733018
0.039623 0.757396 0.202981
9.9991E-005 0.650233 0.349667
0.0503796 0.882017 0.0676034
9.9991E-005 0.653141 0.346759
0.00998115 0.649405 0.340614
0.0396225 0.775578 0.184799
9.9991E-005 0.623799 0.376101
9.9991E-005 0.995311 0.00458856
9.9991E-005 0.631242 0.368658
0.0517527 0.44821 0.500037
9.999E-005 0.9998 9.999E-005
0.0104345 0.884377 0.105189
0.0860709 0.839198 0.0747315
9.9991E-005 0.866981 0.132919
9.9991E-005 0.194981 0.804919
0.0355812 0.8266 0.137819
0.22428 0.0392045 0.736516
0.0125499 0.693799 0.293651
0.145304 0.775497 0.0791995
0.178353 0.13112 0.690527
0.0559105 0.736607 0.207482
9.9991E-005 0.738563 0.261337
9.9991E-005 0.968913 0.0309872
0.0526926 0.828873 0.118434
0.0300697 0.575885 0.394045
9.9991E-005 0.814054 0.185846
0.0541464 0.824229 0.121625
0.00395209 0.755237 0.240811
9.99927E-005 0.396582 0.603318
9.9991E-005 0.718121 0.281779
0.0357822 0.554868 0.40935
0.928781 0.0138786 0.0573404
9.9991E-005 0.69435 0.30555
0.180253 0.137288 0.682459
0.0322152 0.967685 9.9991E-005
0.0199821 0.657831 0.322187
9.9991E-005 0.409543 0.590357
9.9991E-005 0.110921 0.888979
9.9991E-005 0.655012 0.344888
9.9991E-005 0.848225 0.151675
9.9991E-005 0.846244 0.153656
0.0297679 0.815323 0.154909
0.0370556 0.147437 0.815508
9.9991E-005 0.747894 0.252006
9.9991E-005 0.707765 0.292135
9.9991E-005 0.6382 0.3617
0.0381976 9.9991E-005 0.961702
0.00253433 0.85832 0.139146
0.0357045 0.801615 0.16268
9.9991E-005 0.707479 0.292421
0.0252028 0.694951 0.279846
9.999E-005 9.999E-005 0.9998
0.986262 0.0136383 9.9991E-005
9.9991E-005 0.762895 0.237005
0.0279757 0.532391 0.439633
9.9991E-005 0.667584 0.332316
0.0335191 0.792428 0.174053
0.0459156 0.874182 0.0799023
9.9991E-005 0.762985 0.236915
0.0132917 0.957811 0.0288973
0.076453 0.823611 0.0999362
0.0736664 0.781471 0.144862
0.0105936 0.512046 0.47736
9.9991E-005 0.176515 0.823385
9.9991E-005 0.865791 0.134109
9.9991E-005 0.661685 0.338215
9.9991E-005 0.030321 0.969579
0.0534311 0.840816 0.105753
0.0467043 9.9991E-005 0.953196
0.0200123 0.624203 0.355785
9.9991E-005 0.833809 0.166091
9.9991E-005 0.284388 0.715512
0.0310327 0.681637 0.287331
0.0246057 0.475659 0.499735
0.067002 0.762328 0.17067
0.769105 0.139672 0.0912231
0.016131 0.723025 0.260844
9.9991E-005 0.752055 0.247845
9.9991E-005 0.878191 0.121709
0.0557976 0.698648 0.245554
9.9991E-005 0.914084 0.0858157
9.9991E-005 0.953117 0.0467827
9.9991E-005 0.74533 0.25457
9.999E-005 9.999E-005 0.9998
0.0961437 0.740634 0.163222
9.9991E-005 0.876916 0.122984
0.00139171 0.998508 9.9991E-005
0.0294564 0.841522 0.129022
0.00759338 0.777287 0.21512
0.0286714 0.530694 0.440635
9.9991E-005 0.360361 0.639539
0.0687736 0.556668 0.374558
0.0229734 0.66705 0.309976
0.00425895 0.88013 0.115611
0.0899568 9.9991E-005 0.909943
0.0202728 0.460144 0.519583
0.00775387 0.922028 0.0702182
0.0669681 0.815103 0.117929
0.0123437 0.673331 0.314325
9.9991E-005 0.957958 0.0419416
0.0125764 0.655769 0.331654
0.0163156 0.0261564 0.957528
0.096009 0.197914 0.706077
0.026299 0.663678 0.310023
9.9991E-005 0.819718 0.180182
9.9991E-005 0.722824 0.277076
9.9991E-005 0.569017 0.430883
0.0461836 0.824706 0.12911
0.0235501 0.97635 9.9991E-005
0.345279 0.178046 0.476675
0.0139613 0.658789 0.327249
9.9991E-005 0.606472 0.393428
0.397482 0.232828 0.369691
0.297532 9.9991E-005 0.702368
0.00357497 0.935088 0.0613368
0.0837408 0.515074 0.401185
9.9991E-005 0.843198 0.156702
9.9991E-005 0.143579 0.856321
9.9991E-005 0.659105 0.340795
0.0164782 0.744124 0.239397
0.33999 0.096911 0.563099
0.0155184 0.735056 0.249426
9.9991E-005 0.875934 0.123966
9.9991E-005 0.72387 0.27603
0.0469464 0.767972 0.185082
9.9991E-005 0.799534 0.200366
9.9991E-005 0.87372 0.12618
0.0466178 0.784516 0.168866
9.9991E-005 0.663058 0.336842
9.9991E-005 0.742211 0.257689
0.014424 0.717458 0.268118
0.706081 0.115332 0.178587
0.00580732 0.994093 9.9991E-005
0.0389588 0.931282 0.029759
9.9991E-005 0.294048 0.705852
9.999E-005 0.9998 9.999E-005
9.9991E-005 0.638361 0.361539
9.9991E-005 0.854806 0.145094
0.0988008 0.277132 0.624067
9.9991E-005 0.799261 0.200639
0.015217 0.882516 0.102267
0.0516727 0.827094 0.121233
0.0206329 0.763714 0.215653
0.00830245 0.487088 0.504609
0.9998 9.999E-005 9.999E-005
9.9991E-005 0.78537 0.21453
9.9991E-005 0.481104 0.518796
9.9991E-005 0.767803 0.232097
9.9991E-005 0.793971 0.205929
0.0503738 0.908348 0.0412786
0.0352294 0.66621 0.29856
0.773428 0.0817889 0.144783
9.9991E-005 0.79529 0.20461
0.035942 0.765078 0.19898
9.9991E-005 0.700405 0.299495
0.00408327 0.76851 0.227406
9.9991E-005 0.753787 0.246113
9.9991E-005 0.884625 0.115275
9.9991E-005 0.658421 0.341479
9.9991E-005 0.582468 0.417432
0.0317168 0.69138 0.276903
9.9991E-005 0.661318 0.338582
0.0487844 0.916555 0.0346611
9.9991E-005 0.528149 0.471751
9.9991E-005 0.501318 0.498582
0.074753 0.908851 0.0163963
9.9991E-005 0.581728 0.418172
0.0426306 0.501349 0.456021
0.00151198 0.690308 0.30818
0.0821569 0.898498 0.0193449
0.0586604 0.763849 0.177491
0.0080643 0.617721 0.374215
9.9991E-005 0.51558 0.48432
9.999E-005 0.9998 9.999E-005
9.9991E-005 0.518352 0.481548
9.9991E-005 0.632255 0.367645
0.914335 9.9991E-005 0.0855649
0.377018 0.0907712 0.532211
0.226201 0.170791 0.603008
0.644976 0.0638358 0.291188
0.0286735 0.248209 0.723118
9.9991E-005 0.16282 0.83708
0.094427 0.138069 0.767504
0.048389 0.937804 0.0138073
9.9991E-005 0.701132 0.298768
9.9991E-005 0.931701 0.0681986
9.9991E-005 0.3143 0.6856
0.0724482 0.659354 0.268198
0.0600146 0.62822 0.311765
9.9991E-005 0.604278 0.395622
9.9991E-005 0.623531 0.376369
9.9991E-005 0.757813 0.242087
0.056173 0.670492 0.273335
0.0213852 0.627714 0.350901
0.0641871 0.245025 0.690788
0.0996323 0.773431 0.126937
0.0172835 0.944653 0.0380632
0.0234077 0.721772 0.25482
0.826805 0.173095 9.9991E-005
0.231507 0.0763564 0.692137
9.9991E-005 0.752553 0.247347
9.9991E-005 0.849987 0.149913
0.216584 0.00699837 0.776417
9.9991E-005 0.706058 0.293842
0.0203236 0.962255 0.0174217
0.0228909 0.00143071 0.975678
9.9991E-005 0.724536 0.275364
0.04237 0.911943 0.0456872
9.9991E-005 0.609646 0.390254
9.9991E-005 0.775005 0.224895
0.106178 0.616166 0.277656
9.9991E-005 0.770281 0.229619
0.351002 0.256842 0.392157
9.9991E-005 0.742529 0.257371
0.0092422 0.63427 0.356488
0.00477973 0.99512 9.9991E-005
0.210791 0.229812 0.559397
9.9991E-005 0.337033 0.662867
0.0415433 0.310127 0.64833
9.9991E-005 0.733554 0.266346
9.9991E-005 0.149318 0.850582
9.9991E-005 0.776695 0.223205
9.9991E-005 0.427215 0.572685
0.0122433 0.723165 0.264592
9.9991E-005 0.669625 0.330275
0.30337 0.213481 0.48315
9.9991E-005 0.728202 0.271698
0.868437 0.0607047 0.0708583
0.00893127 0.706845 0.284224
0.012537 0.831387 0.156076
0.9998 9.999E-005 9.999E-005
0.913163 0.086737 9.9991E-005
9.9991E-005 0.630547 0.369353
0.0246552 0.51396 0.461384
0.0329223 0.794753 0.172325
0.0474198 0.779135 0.173445
9.9991E-005 0.650332 0.349569
9.9991E-005 0.982908 0.0169916
0.0563642 0.608668 0.334968
0.343699 0.0867728 0.569528
9.9991E-005 0.71923 0.28067
0.0495188 0.950381 9.9991E-005
9.9991E-005 0.499392 0.500508
0.117378 0.104912 0.77771
9.9991E-005 0.259369 0.740531
9.9991E-005 0.0679672 0.931933
9.9991E-005 0.742518 0.257382
0.36102 0.273454 0.365527
0.0784416 0.736202 0.185357
0.0358444 0.695933 0.268223
9.9991E-005 0.954476 0.0454239
9.9991E-005 0.632372 0.367528
0.00214594 0.636494 0.36136
9.9991E-005 0.635032 0.364868
9.9991E-005 0.606906 0.392994
0.0354724 0.216102 0.748425
9.9991E-005 0.118756 0.881144
9.9991E-005 0.735392 0.264508
9.9991E-005 0.818187 0.181713
9.9991E-005 0.687164 0.312736
0.780716 0.219184 9.9991E-005
9.9991E-005 0.534987 0.464913
9.9991E-005 0.651385 0.348515
9.9991E-005 0.646374 0.353526
9.9991E-005 0.477766 0.522134
9.9991E-005 0.625465 0.374435
0.0312857 0.642797 0.325918
0.053462 0.625876 0.320662
0.149473 0.835315 0.0152114
0.132085 0.237221 0.630694
0.00866422 0.972326 0.0190096
0.0727582 0.742507 0.184735
9.9991E-005 0.6389 0.361
0.0222228 9.9991E-005 0.977677
9.9991E-005 0.765397 0.234503
9.9991E-005 0.605462 0.394438
0.116737 0.434456 0.448807
9.9991E-005 0.761341 0.238559
0.0643323 0.628141 0.307526
0.0526079 0.6541 0.293292
0.0771683 0.638392 0.284439
0.320062 0.164229 0.515709
0.0286547 0.542327 0.429018
0.000650563 0.630084 0.369265
0.0287117 0.874706 0.0965824
9.9991E-005 0.514907 0.484993
9.9991E-005 0.503284 0.496616
9.9991E-005 0.624927 0.374973
0.105108 0.742805 0.152087
9.9991E-005 0.893488 0.106412
9.9991E-005 0.623818 0.376082
0.0217384 0.808869 0.169393
0.0263796 0.233828 0.739793
0.0346075 0.632471 0.332922
0.0971496 0.676008 0.226843
9.9991E-005 0.11644 0.88346
9.9991E-005 0.692319 0.307581
0.0452394 0.742543 0.212217
9.9991E-005 0.775084 0.224816
9.9991E-005 0.696602 0.303298
9.9991E-005 0.565105 0.434795
9.9991E-005 0.0967961 0.903104
9.9991E-005 0.910729 0.0891705
0.0503023 0.245105 0.704593
