9.9991E-005 0.844743 0.155157
0.0652966 0.834596 0.100108
0.116614 0.883286 9.9991E-005
0.16888 0.83102 9.9991E-005
0.0311706 0.922322 0.0465077
0.93827 0.00912581 0.0526046
9.999E-005 0.887176 0.112724
0.9998 9.999E-005 9.999E-005
0.0156139 0.916761 0.0676252
0.0403281 0.871397 0.088275
0.0296688 0.970231 9.9991E-005
0.321644 0.674476 0.00387969
9.9991E-005 0.953974 0.0459262
0.0768523 0.902523 0.0206249
0.670744 0.329156 9.9991E-005
0.110697 0.876511 0.0127917
0.226918 0.772982 9.9991E-005
9.9991E-005 0.742743 0.257157
0.0938824 0.836354 0.0697634
9.999E-005 0.9998 9.999E-005
9.9991E-005 0.926054 0.0738461
0.129361 0.833833 0.0368053
9.999E-005 0.9998 9.999E-005
0.695607 0.274385 0.0300079
9.9991E-005 0.86243 0.13747
0.757458 0.242442 9.9991E-005
0.489971 0.509929 9.9991E-005
0.353485 0.646415 9.9991E-005
0.752683 0.24001 0.00730707
0.152027 0.847873 9.9991E-005
0.559358 0.408209 0.0324331
0.0592246 0.826594 0.114181
0.268394 0.694796 0.0368097
0.949718 0.0501823 9.9991E-005
0.921784 9.9991E-005 0.078116
0.118234 0.86803 0.0137363
0.143804 0.856096 9.9991E-005
9.9991E-005 0.869933 0.129967
0.815626 0.184274 9.9991E-005
0.525102 0.443162 0.0317362
0.261874 0.607395 0.130731
0.0125493 0.987351 9.9991E-005
0.156194 0.843706 9.9991E-005
0.67817 0.213945 0.107885
9.9991E-005 0.831042 0.168858
9.9991E-005 0.749994 0.249906
0.0989202 0.767092 0.133987
0.107444 0.751672 0.140884
0.0699852 0.839483 0.0905321
0.621024 0.349017 0.0299589
0.00264654 0.93999 0.0573636
0.481533 0.319983 0.198484
0.0317322 0.763081 0.205187
0.984923 9.9991E-005 0.0149771
0.500128 0.499772 9.9991E-005
9.9991E-005 0.943645 0.0562551
9.999E-005 0.9998 9.999E-005
0.165484 0.743493 0.0910231
0.370465 0.629435 9.9991E-005
0.303387 0.696513 9.9991E-005
0.915037 9.9991E-005 0.0848628
0.9998 9.999E-005 9.999E-005
0.00478428 0.95122 0.0439957
0.9998 9.999E-005 9.999E-005
0.044998 0.845523 0.109479
0.895722 0.0659624 0.0383158
9.9991E-005 0.953871 0.0460293
0.182363 0.732356 0.085281
9.9991E-005 0.950904 0.0489959
0.80719 0.190722 0.00208739
0.00509759 0.751283 0.243619
0.0504446 0.856773 0.0927827
0.356974 0.570348 0.0726778
0.00340148 0.842586 0.154013
0.10216 0.806477 0.0913639
0.374809 0.625091 9.9991E-005
9.999E-005 0.9998 9.999E-005
0.194604 0.635046 0.17035
0.141998 0.823283 0.0347198
0.00351794 0.841078 0.155404
9.9991E-005 0.976786 0.023114
0.0240322 0.90637 0.069598
0.102321 0.897579 9.9991E-005
9.999E-005 0.9998 9.999E-005
9.999E-005 0.9998 9.999E-005
0.194347 0.805553 9.9991E-005
0.3609 0.639 9.9991E-005
0.270264 0.729636 9.9991E-005
0.962411 0.0374894 9.9991E-005
0.261816 0.667645 0.0705386
0.0783035 0.805365 0.116332
0.670083 0.258735 0.0711824
0.0710568 0.907173 0.0217698
0.260427 0.739473 9.9991E-005
0.533015 0.466885 9.9991E-005
0.9998 9.999E-005 9.999E-005
0.130404 0.758777 0.110819
0.075247 0.840168 0.0845854
0.0844046 0.901794 0.0138009
0.267112 0.732788 9.9991E-005
0.599875 0.345954 0.0541712
0.0499969 0.949903 9.9991E-005
9.9991E-005 0.845555 0.154345
9.999E-005 0.9998 9.999E-005
0.0146393 0.869843 0.115518
0.869274 0.130626 9.9991E-005
0.614567 0.197706 0.187727
9.999E-005 0.9998 9.999E-005
0.0375007 0.962399 9.9991E-005
0.0243874 0.975513 9.9991E-005
0.556434 0.412463 0.0311031
0.9998 9.999E-005 9.999E-005
0.523606 0.476294 9.9991E-005
9.9991E-005 0.964537 0.0353634
0.134417 0.865483 9.9991E-005
9.9991E-005 0.862353 0.137547
9.999E-005 0.9998 9.999E-005
0.9998 9.999E-005 9.999E-005
9.9991E-005 0.961818 0.0380823
9.9991E-005 0.994375 0.00552535
0.0708533 0.929047 9.9991E-005
0.695211 0.304689 9.9991E-005
9.9991E-005 0.944059 0.0558406
0.0443533 0.907745 0.0479019
9.9991E-005 0.90897 0.0909295
0.0866931 0.865659 0.0476481
0.702404 0.297496 9.9991E-005
0.948761 9.9991E-005 0.0511387
9.9991E-005 0.907704 0.0921957
0.0218467 0.812331 0.165822
0.00519418 0.922506 0.0722993
0.0222138 0.717957 0.259829
0.439401 0.560499 9.9991E-005
0.0941884 0.671053 0.234758
0.215226 0.784674 9.9991E-005
0.0757795 0.843084 0.0811367
0.58345 0.261447 0.155103
0.302971 0.643108 0.0539215
0.228559 0.755017 0.0164238
0.687197 0.289617 0.023186
0.210964 0.788936 9.9991E-005
0.420812 0.454147 0.125041
0.377261 0.596682 0.0260568
0.317742 0.460179 0.22208
0.832227 0.0168974 0.150876
0.285673 0.668714 0.0456135
0.282679 0.701123 0.0161979
9.9991E-005 0.947006 0.0528937
9.9991E-005 0.959925 0.0399746
0.0264881 0.768145 0.205367
0.0834272 0.897897 0.0186761
0.297265 0.692244 0.0104907
0.797128 0.202772 9.9991E-005
0.445606 0.392927 0.161467
0.0809953 0.787399 0.131606
0.02053 0.765239 0.214231
0.943211 0.0130035 0.0437855
9.9991E-005 0.828017 0.171883
0.0568631 0.77696 0.166177
0.257886 0.715724 0.0263904
9.9991E-005 0.868214 0.131686
0.24997 0.643608 0.106422
0.101823 0.866251 0.0319267
0.130116 0.727912 0.141972
9.9991E-005 0.976277 0.0236227
9.9991E-005 0.993023 0.00687748
0.222619 0.65044 0.126942
0.655777 0.280111 0.0641116
0.327145 0.672755 9.9991E-005
0.0997372 0.82062 0.0796428
0.197126 0.745391 0.0574839
0.140723 0.859177 9.9991E-005
0.9998 9.999E-005 9.999E-005
0.155519 0.844381 9.9991E-005
0.358342 0.641558 9.9991E-005
0.0433665 0.666888 0.289745
0.259844 0.740056 9.9991E-005
0.686871 0.29636 0.0167691
0.447686 0.552214 9.9991E-005
0.617413 0.382487 9.9991E-005
0.0477606 0.952139 9.9991E-005
0.905469 0.0409866 0.0535443
0.458357 0.541543 9.9991E-005
0.0192388 0.81812 0.162641
0.9998 9.999E-005 9.999E-005
0.62219 0.37771 9.9991E-005
0.127693 0.73567 0.136637
0.441436 0.558464 9.9991E-005
0.119543 0.880357 9.9991E-005
9.9991E-005 0.889214 0.110686
0.347428 0.523461 0.129112
9.999E-005 0.9998 9.999E-005
9.999E-005 0.9998 9.999E-005
0.0751923 0.832783 0.0920246
0.323597 0.445357 0.231046
0.23792 0.76198 9.9991E-005
9.9991E-005 0.749762 0.250138
0.0941132 0.821187 0.0846996
0.0396264 0.730273 0.2301
9.999E-005 0.9998 9.999E-005
0.374789 0.44747 0.177741
9.9991E-005 0.997556 0.00234431
0.0246057 0.882965 0.0924291
9.9991E-005 0.71 0.2899
9.9991E-005 0.5855 0.4144
0.313333 0.578571 0.108097
9.9991E-005 0.854744 0.145156
0.235813 0.753758 0.010429
0.0662981 0.867354 0.0663484
9.9991E-005 0.896579 0.103321
9.9991E-005 0.832337 0.167563
0.394048 0.535776 0.0701758
0.512564 0.487336 9.9991E-005
9.999E-005 0.9998 9.999E-005
9.9991E-005 0.84613 0.15377
9.9991E-005 0.963937 0.0359632
0.0558595 0.899918 0.0442228
0.409386 0.590514 9.9991E-005
0.260632 0.739268 9.9991E-005
9.9991E-005 0.754202 0.245698
0.635604 0.31163 0.052766
0.180089 0.78717 0.0327411
0.18665 0.653341 0.160009
0.894895 0.105005 9.9991E-005
0.028069 0.851269 0.120662
0.0484417 0.881581 0.0699768
0.0486213 0.951279 9.9991E-005
9.9991E-005 0.988121 0.0117791
9.9991E-005 0.812046 0.187854
0.0373473 0.962553 9.9991E-005
9.9991E-005 0.992983 0.00691729
9.999E-005 0.9998 9.999E-005
0.270628 0.729272 9.9991E-005
9.9991E-005 0.92563 0.0742699
9.999E-005 0.9998 9.999E-005
0.272925 0.709023 0.0180516
9.9991E-005 0.997145 0.00275549
9.999E-005 0.9998 9.999E-005
0.371102 0.628798 9.9991E-005
0.365601 0.634299 9.9991E-005
9.999E-005 0.9998 9.999E-005
0.615235 0.384665 9.9991E-005
9.999E-005 0.9998 9.999E-005
0.394879 0.605021 9.9991E-005
0.0622585 0.757426 0.180315
0.304075 0.584614 0.11131
0.319238 0.499712 0.181051
0.636168 0.363732 9.9991E-005
0.0260331 0.93117 0.042797
9.999E-005 0.9998 9.999E-005
0.451593 0.548307 9.9991E-005
0.0285489 0.891798 0.0796532
9.9991E-005 0.963842 0.036058
0.965239 9.9991E-005 0.034661
9.9991E-005 0.878247 0.121653
9.999E-005 0.9998 9.999E-005
9.999E-005 0.9998 9.999E-005
0.0547409 0.945159 9.9991E-005
0.075409 0.924491 9.9991E-005
9.999E-005 0.9998 9.999E-005
0.0139265 0.985974 9.9991E-005
0.162105 0.827892 0.0100039
0.576687 0.39352 0.0297938
0.00358482 0.996315 9.9991E-005
9.999E-005 0.9998 9.999E-005
0.255123 0.581723 0.163155
0.47636 0.52354 9.9991E-005
9.9991E-005 0.906182 0.093718
0.279082 0.720818 9.9991E-005
9.999E-005 0.9998 9.999E-005
0.407422 0.575089 0.0174891
0.148049 0.735202 0.11675
0.572741 0.427159 9.9991E-005
0.264504 0.735396 9.9991E-005
0.0634915 0.758209 0.178299
0.224461 0.757853 0.017686
9.999E-005 0.9998 9.999E-005
0.0587483 0.941152 9.9991E-005
0.0732403 0.877475 0.0492851
0.313534 0.656679 0.0297862
0.0646408 0.924836 0.0105236
0.0101559 0.766348 0.223496
9.9991E-005 0.978378 0.0215222
0.558611 0.307012 0.134377
0.903315 9.9991E-005 0.0965845
0.164199 0.773952 0.0618496
0.144846 0.749259 0.105894
0.124026 0.63297 0.243004
0.271862 0.707734 0.0204036
0.310599 0.628953 0.060448
0.110905 0.888995 9.9991E-005
9.9991E-005 0.883693 0.116207
0.00205955 0.826727 0.171214
9.9991E-005 0.97578 0.02412
9.9991E-005 0.890347 0.109553
9.999E-005 0.9998 9.999E-005
9.999E-005 0.9998 9.999E-005
0.119641 0.725631 0.154727
9.9991E-005 0.792202 0.207698
0.0731978 0.85758 0.0692224
0.0188629 0.836085 0.145052
0.0871304 0.832485 0.0803849
0.16455 0.826327 0.00912225
0.624881 0.0931851 0.281934
0.496422 0.467951 0.0356276
0.864779 0.0944469 0.0407742
0.00352214 0.996378 9.9991E-005
0.893625 0.106275 9.9991E-005
0.823948 0.175952 9.9991E-005
0.0509221 0.797505 0.151573
9.9991E-005 0.917837 0.0820631
0.00827609 0.838837 0.152887
0.77362 0.22628 9.9991E-005
9.999E-005 0.9998 9.999E-005
0.503658 0.456489 0.0398524
0.0139343 0.864831 0.121234
0.862829 0.0783789 0.0587921
0.16787 0.661859 0.170271
9.9991E-005 0.97284 0.0270601
9.999E-005 0.9998 9.999E-005
9.999E-005 0.9998 9.999E-005
0.718905 0.280995 9.9991E-005
0.242415 0.739349 0.0182355
0.416719 0.463131 0.12015
9.9991E-005 0.856394 0.143506
0.808415 0.173491 0.0180941
0.112637 0.498213 0.38915
0.466337 0.425283 0.108381
0.00952487 0.884505 0.105971
0.281833 0.631149 0.0870183
0.664169 0.209128 0.126703
9.9991E-005 0.809355 0.190545
9.9991E-005 0.907228 0.0926719
9.9991E-005 0.861127 0.138773
9.9991E-005 0.798617 0.201283
0.500196 0.499704 9.9991E-005
0.084417 0.766913 0.14867
9.9991E-005 0.926118 0.0737824
0.0843326 0.888345 0.0273227
0.549053 0.382046 0.0689013
0.299176 0.641476 0.0593481
9.9991E-005 0.912111 0.0877893
0.230906 0.571879 0.197216
0.243971 0.648484 0.107545
9.9991E-005 0.922383 0.0775171
0.516336 0.200834 0.28283
0.147251 0.721924 0.130826
0.539442 0.43233 0.0282278
9.9991E-005 0.962641 0.0372591
9.999E-005 0.9998 9.999E-005
9.9991E-005 0.990646 0.00925388
9.999E-005 0.9998 9.999E-005
9.9991E-005 0.805091 0.194809
9.9991E-005 0.921972 0.0779281
0.362867 0.615255 0.0218774
0.115484 0.856457 0.0280585
9.999E-005 0.9998 9.999E-005
0.0168534 0.983047 9.9991E-005
0.161318 0.804338 0.0343437
0.381542 0.420621 0.197837
9.9991E-005 0.694935 0.304965
0.0180592 0.807142 0.174799
0.812878 0.187022 9.9991E-005
0.680201 0.319699 9.9991E-005
0.00266209 0.903559 0.0937789
9.9991E-005 0.435731 0.564169
0.0712602 0.0577542 0.870986
0.0359092 0.243743 0.720348
9.9991E-005 0.841088 0.158812
9.9991E-005 0.214095 0.785805
0.0196843 0.253986 0.72633
0.0366081 0.215428 0.747964
0.0219876 0.0700001 0.908012
0.0406499 0.17536 0.78399
0.00574507 0.403697 0.590558
0.0241955 0.440629 0.535176
9.9991E-005 0.261026 0.738874
9.9991E-005 0.673143 0.326757
9.9991E-005 0.293303 0.706597
9.9991E-005 0.293515 0.706385
0.0763178 0.0950279 0.828654
9.9991E-005 0.407262 0.592638
9.9991E-005 0.340654 0.659246
0.86867 9.9991E-005 0.13123
9.9991E-005 0.363269 0.636631
9.9991E-005 0.353087 0.646813
0.0916573 0.846354 0.0619888
9.999E-005 9.999E-005 0.9998
9.9991E-005 0.0166484 0.983252
0.0431275 0.711925 0.244947
0.0491764 0.0562442 0.894579
9.9991E-005 0.353772 0.646128
9.9991E-005 0.412635 0.587265
0.0596962 0.0476592 0.892645
0.0817992 0.11806 0.800141
9.999E-005 9.999E-005 0.9998
0.0624476 9.9991E-005 0.937452
0.0332027 0.17987 0.786927
9.9991E-005 0.234934 0.764966
0.154246 0.106726 0.739028
0.0451956 0.0832968 0.871508
0.109477 0.050988 0.839535
9.9991E-005 0.807386 0.192514
0.0132052 0.049349 0.937446
9.9991E-005 0.294888 0.705012
0.0317601 0.261034 0.707205
9.9991E-005 0.379224 0.620676
9.999E-005 9.999E-005 0.9998
9.9991E-005 0.831375 0.168525
9.9991E-005 0.180945 0.818955
0.378612 0.566247 0.0551407
9.9991E-005 0.717732 0.282168
0.0466122 0.69673 0.256658
0.00531799 0.217359 0.777323
0.0261177 0.186728 0.787154
0.0195645 0.0455465 0.934889
0.00611531 0.249713 0.744172
0.0628598 0.225982 0.711158
0.0048321 0.20151 0.793658
9.9991E-005 0.421466 0.578434
0.0180183 9.9991E-005 0.981882
9.9991E-005 0.219066 0.780834
0.0322981 0.554279 0.413423
0.00359402 9.9991E-005 0.996306
9.9991E-005 0.114074 0.885826
0.0480105 0.033532 0.918457
9.9991E-005 0.100648 0.899252
0.0159437 0.837823 0.146234
0.0193213 0.163944 0.816735
0.2444 0.706681 0.0489185
0.042906 0.214012 0.743082
0.0880173 0.143692 0.76829
0.177347 0.650616 0.172036
0.055138 0.148208 0.796654
0.00960242 0.247622 0.742775
9.9991E-005 0.0153479 0.984552
0.00871839 0.160618 0.830663
0.0525193 0.410777 0.536704
9.9991E-005 0.189439 0.810461
0.0815371 0.033385 0.885078
9.9991E-005 0.309325 0.690575
9.9991E-005 0.567901 0.431999
0.0090578 0.229979 0.760963
0.0222477 0.377007 0.600746
0.911216 9.9991E-005 0.0886844
0.0420672 0.130951 0.826981
0.0597856 0.828658 0.111556
0.00441271 0.0724984 0.923089
0.0128162 0.446795 0.540389
9.9991E-005 0.597865 0.402035
9.9991E-005 0.747953 0.251947
9.9991E-005 0.334336 0.665564
9.9991E-005 0.291292 0.708608
9.9991E-005 0.260201 0.739699
0.0214408 0.131971 0.846589
0.0205784 0.692854 0.286568
0.0109992 0.156722 0.832279
9.9991E-005 0.335486 0.664414
9.9991E-005 0.266478 0.733422
0.00620287 0.946619 0.0471782
0.0125678 0.179729 0.807703
9.9991E-005 0.206334 0.793566
9.9991E-005 0.340812 0.659088
9.9991E-005 0.373813 0.626087
0.00505077 0.994849 9.9991E-005
0.9998 9.999E-005 9.999E-005
0.0314695 0.22664 0.74189
9.9991E-005 0.502692 0.497208
9.9991E-005 0.411683 0.588217
0.0281978 0.18948 0.782323
0.103412 9.9991E-005 0.896488
9.9991E-005 0.236484 0.763416
0.0277213 0.034593 0.937686
0.0267426 0.0869764 0.886281
0.0435679 0.0835062 0.872926
9.9991E-005 0.437992 0.561908
9.9991E-005 0.793194 0.206706
9.9991E-005 0.0924221 0.907478
9.9991E-005 0.385408 0.614492
9.9991E-005 0.920023 0.0798766
9.99977E-005 0.189842 0.810058
0.0151537 0.984746 9.9991E-005
0.00492149 0.263256 0.731823
0.00551516 0.202343 0.792142
9.9991E-005 0.732072 0.267828
9.9991E-005 0.220227 0.779673
0.0136637 0.437789 0.548547
0.0431735 0.242695 0.714131
0.751769 0.170502 0.0777293
0.0292569 0.142423 0.82832
9.9991E-005 0.256525 0.743375
9.9991E-005 0.251615 0.748285
0.0397755 0.252521 0.707704
9.9991E-005 0.150677 0.849223
0.0060131 0.100222 0.893765
9.9991E-005 0.284596 0.715304
9.999E-005 0.9998 9.999E-005
0.0791607 0.162657 0.758182
9.9991E-005 0.154819 0.845081
0.0185756 9.9991E-005 0.981324
0.048474 0.129138 0.822388
0.000562179 0.348065 0.651373
0.0189716 0.432348 0.54868
9.9991E-005 0.572895 0.427005
0.0835268 0.304271 0.612202
9.9991E-005 0.346172 0.653728
9.9991E-005 0.15681 0.84309
0.0413922 0.958508 9.9991E-005
9.9991E-005 0.541209 0.458691
9.999E-005 9.999E-005 0.9998
0.0657769 0.0825741 0.851649
0.0330105 0.269461 0.697529
9.9991E-005 0.0198827 0.980017
0.0211103 0.286333 0.692557
0.0246984 0.947603 0.0276982
0.0760657 0.683007 0.240928
0.0361462 0.311447 0.652407
9.9991E-005 0.22785 0.77205
9.9991E-005 0.315948 0.683952
0.00983912 0.411064 0.579097
0.0339219 0.1786 0.787478
0.0474737 9.9991E-005 0.952426
0.35405 0.461429 0.184521
0.0366683 0.250117 0.713215
0.0285412 0.240344 0.731114
0.359929 0.345008 0.295063
0.291513 0.708387 9.9991E-005
9.9991E-005 0.131809 0.868091
0.0701868 0.419902 0.509911
9.9991E-005 0.0942077 0.905692
9.9991E-005 0.852967 0.146933
0.0350687 0.24808 0.716851
0.0217243 0.191701 0.786575
0.319674 0.597761 0.0825647
0.0386354 0.211467 0.749897
0.0100705 0.179024 0.810906
9.9991E-005 0.21105 0.78885
0.0659558 0.124849 0.809195
9.9991E-005 0.149294 0.850606
9.9991E-005 0.0964127 0.903487
0.0474603 0.118284 0.834256
0.02972 0.324654 0.645626
0.00519071 0.0894286 0.905381
0.0301083 0.298169 0.671723
0.73437 0.106286 0.159344
9.9991E-005 0.0714119 0.928488
0.00241759 0.181805 0.815778
0.0226177 0.616662 0.36072
9.999E-005 9.999E-005 0.9998
9.9991E-005 0.319896 0.680004
9.9991E-005 0.223279 0.776621
0.0865603 0.610193 0.303247
9.9991E-005 0.157219 0.842681
0.0464252 9.9991E-005 0.953475
0.0627129 0.189209 0.748078
0.051642 0.123499 0.824859
0.0284744 0.340065 0.63146
0.9998 9.999E-005 9.999E-005
9.9991E-005 0.23764 0.76226
9.9991E-005 0.49878 0.50112
0.0142806 0.327102 0.658617
9.9991E-005 0.147065 0.852835
0.0781225 0.0687534 0.853124
0.086602 0.26262 0.650778
0.754219 0.102177 0.143605
9.9991E-005 0.218721 0.781179
0.0127129 0.249138 0.738149
9.9991E-005 0.352853 0.647047
9.9991E-005 0.227303 0.772597
0.020413 0.13725 0.842337
0.041558 0.0774209 0.881021
9.9991E-005 0.241803 0.758097
9.9991E-005 0.27541 0.72449
0.0344081 0.290825 0.674767
9.9991E-005 0.384097 0.615803
0.0419971 0.0517528 0.90625
9.9991E-005 0.381142 0.618758
9.9991E-005 0.467302 0.532598
0.0158616 0.1639 0.820239
9.9991E-005 0.396864 0.603036
0.00406239 0.52398 0.471957
0.0158454 0.246521 0.737633
0.0397028 9.9991E-005 0.960197
0.05532 0.139626 0.805054
9.9991E-005 0.346969 0.652931
9.9991E-005 0.4764 0.5235
9.999E-005 9.999E-005 0.9998
9.9991E-005 0.553776 0.446125
9.9991E-005 0.33357 0.66633
0.943523 0.0563769 9.9991E-005
0.330847 0.57092 0.0982335
0.214824 0.619559 0.165617
0.653254 0.286694 0.0600522
0.0139868 0.655053 0.33096
9.9991E-005 0.77756 0.22234
0.101075 0.774038 0.124887
0.0417357 0.0662196 0.892045
0.011239 0.367317 0.621444
9.9991E-005 0.0169732 0.982927
9.9991E-005 0.57118 0.42872
0.0710577 0.339712 0.58923
0.0228161 0.354221 0.622963
0.0600803 0.318151 0.621769
9.9991E-005 0.284007 0.715893
0.0316667 0.257671 0.710662
0.0558395 0.200783 0.743377
0.00648564 0.330376 0.663139
0.0608246 0.629485 0.30969
0.129731 0.109378 0.760891
9.9991E-005 0.0230575 0.976843
0.0342877 0.304048 0.661664
0.802861 0.0238461 0.173293
0.207561 0.686776 0.105663
9.9991E-005 0.146721 0.853179
9.9991E-005 0.314806 0.685094
0.242493 0.676065 0.0814417
9.9991E-005 0.160579 0.839321
0.0294623 0.050754 0.919784
0.00129766 0.976909 0.0217937
9.9991E-005 0.231177 0.768723
0.071731 0.0241346 0.904134
9.9991E-005 0.358876 0.641024
9.9991E-005 0.196721 0.803179
0.108675 0.286874 0.604452
9.9991E-005 0.218904 0.780996
0.344297 0.381386 0.274316
9.9991E-005 0.206637 0.793263
9.9991E-005 0.298928 0.700972
9.9991E-005 0.0203375 0.979562
0.225315 0.567051 0.207634
0.0182187 0.596985 0.384796
0.0275043 0.651073 0.321422
9.9991E-005 0.146754 0.853146
0.0163441 0.701395 0.282261
9.9991E-005 0.154785 0.845115
9.9991E-005 0.505677 0.494223
9.9991E-005 0.181839 0.818061
9.9991E-005 0.322555 0.677345
0.313132 0.46185 0.225018
9.9991E-005 0.304648 0.695252
0.895552 0.0572634 0.0471847
0.0119299 0.209254 0.778816
0.0326714 0.12738 0.839949
0.9998 9.999E-005 9.999E-005
0.897708 9.9991E-005 0.102192
0.0245253 0.337137 0.638337
0.00377486 0.585105 0.41112
0.0468837 0.135307 0.81781
0.0288184 0.157163 0.814019
9.9991E-005 0.375191 0.624709
9.999E-005 9.999E-005 0.9998
0.0506784 0.287674 0.661647
0.391742 0.421877 0.186381
9.9991E-005 0.278465 0.721435
0.0387023 9.9991E-005 0.961198
0.0116268 0.429174 0.559199
0.143297 0.780249 0.0764537
9.9991E-005 0.883329 0.116571
9.9991E-005 0.851342 0.148558
9.9991E-005 0.227764 0.772136
0.378416 0.303111 0.318473
0.0119207 0.169036 0.819043
0.060315 0.272526 0.667159
9.9991E-005 0.117698 0.882202
9.9991E-005 0.296447 0.703453
0.0345812 0.354588 0.610831
9.9991E-005 0.423792 0.576108
9.9991E-005 0.372695 0.627205
0.0357816 0.7903 0.173918
9.9991E-005 0.88767 0.11223
0.00741598 0.167273 0.825311
9.9991E-005 0.210727 0.789173
9.9991E-005 0.220505 0.779395
0.722814 0.128531 0.148655
9.9991E-005 0.398061 0.601839
0.00922107 0.26455 0.726229
9.9991E-005 0.440888 0.559012
9.9991E-005 0.509116 0.490784
9.9991E-005 0.406274 0.593626
0.0552749 0.336096 0.608629
0.0460689 0.399714 0.554217
0.148511 0.00890092 0.842588
0.147598 0.685113 0.167289
0.0275426 0.0327002 0.939757
0.0742865 0.280013 0.645701
9.9991E-005 0.268152 0.731748
0.06756 0.897182 0.0352578
9.9991E-005 0.212352 0.787548
0.00952955 0.283913 0.706557
0.106361 0.494988 0.398651
9.9991E-005 0.211525 0.788375
0.0381302 0.346054 0.615816
0.0185006 0.408353 0.573146
0.0813692 0.337675 0.580956
0.30065 0.618562 0.0807884
0.0603319 0.406011 0.533657
9.9991E-005 0.323651 0.676249
0.0500056 0.151183 0.798811
9.9991E-005 0.480254 0.519646
9.9991E-005 0.497493 0.502407
9.9991E-005 0.31434 0.68556
0.0402399 0.140549 0.819211
9.9991E-005 0.0734359 0.926464
9.9991E-005 0.364091 0.635809
0.0663286 0.153018 0.780654
0.0616809 0.736403 0.201916
0.0498638 0.244463 0.705673
0.0713622 0.260744 0.667894
9.9991E-005 0.870362 0.129538
9.9991E-005 0.213383 0.786517
0.0522142 0.322457 0.625328
9.9991E-005 0.392074 0.607826
0.0185482 0.311168 0.670283
9.9991E-005 0.345573 0.654327
9.9991E-005 0.918957 0.0809427
9.9991E-005 0.0357508 0.964149
0.0870692 0.679112 0.233819
