0.0112443 0.899287 0.089469
0.0641314 0.854511 0.0813579
0.0965397 0.90336 9.9991E-005
0.127927 0.871973 9.9991E-005
0.0298413 0.934414 0.0357445
0.939615 9.9991E-005 0.0602851
0.00778512 0.872219 0.119996
0.97668 0.022117 0.00120292
0.0586985 0.846863 0.0944384
0.0423334 0.954097 0.00357009
0.0487075 0.917011 0.0342811
0.287335 0.670829 0.0418356
9.9991E-005 0.991714 0.00818645
0.0501667 0.949733 9.9991E-005
0.715402 0.284498 9.9991E-005
0.173404 0.784822 0.0417744
0.209219 0.790681 9.9991E-005
9.9991E-005 0.77663 0.22327
0.0985438 0.901356 9.9991E-005
9.999E-005 0.9998 9.999E-005
9.9991E-005 0.934863 0.0650375
0.144061 0.849479 0.00646043
9.999E-005 0.9998 9.999E-005
0.665332 0.334568 9.9991E-005
0.00244688 0.819689 0.177864
0.75425 0.24565 9.9991E-005
0.523385 0.354453 0.122162
0.346401 0.653499 9.9991E-005
0.744231 0.255669 9.9991E-005
0.158933 0.840967 9.9991E-005
0.568809 0.405879 0.025312
9.9991E-005 0.920503 0.0793973
0.28985 0.671325 0.0388249
0.945036 0.0548637 9.9991E-005
0.909998 9.9991E-005 0.089902
0.127449 0.748564 0.123987
0.140838 0.859062 9.9991E-005
9.9991E-005 0.828421 0.171479
0.801109 0.198791 9.9991E-005
0.512924 0.432924 0.0541518
0.262104 0.569074 0.168822
0.0498529 0.950047 9.9991E-005
0.131924 0.867976 9.9991E-005
0.599347 0.315386 0.0852678
9.9991E-005 0.828525 0.171375
9.9991E-005 0.786654 0.213246
0.0757364 0.833247 0.091017
0.121122 0.826205 0.0526733
0.0827559 0.917144 9.9991E-005
0.583494 0.416406 9.9991E-005
9.9991E-005 0.985533 0.0143674
0.466635 0.407133 0.126233
0.0224758 0.857377 0.120147
0.907807 0.092093 9.9991E-005
0.483821 0.505006 0.0111731
9.9991E-005 0.948173 0.0517268
9.9991E-005 0.997867 0.00203266
0.222519 0.777381 9.9991E-005
0.390308 0.609592 9.9991E-005
0.375122 0.624778 9.9991E-005
0.948796 9.9991E-005 0.0511041
0.9998 9.999E-005 9.999E-005
0.0411422 0.876786 0.0820721
0.9998 9.999E-005 9.999E-005
0.0560119 0.832245 0.111743
0.88548 0.11442 9.9991E-005
9.9991E-005 0.955501 0.0443993
0.18866 0.796745 0.0145952
9.9991E-005 0.877324 0.122576
0.826731 0.0742001 0.0990688
9.9991E-005 0.796995 0.202905
0.0664501 0.878651 0.0548988
0.299249 0.675432 0.0253186
0.032447 0.848112 0.119441
0.0828149 0.832758 0.0844274
0.404099 0.595801 9.9991E-005
9.9991E-005 0.992751 0.00714901
0.254262 0.596514 0.149224
0.169128 0.79078 0.0400921
0.0306617 0.791166 0.178172
0.0243043 0.936394 0.0393016
0.0220709 0.88478 0.0931493
0.0609029 0.938997 9.9991E-005
9.9991E-005 0.949421 0.0504785
9.999E-005 0.9998 9.999E-005
0.160893 0.771193 0.0679143
0.374527 0.625373 9.9991E-005
0.331484 0.668416 9.9991E-005
0.912073 0.0878269 9.9991E-005
0.272886 0.637424 0.0896909
0.137167 0.718755 0.144078
0.59144 0.286023 0.122537
0.0283833 0.971517 9.9991E-005
0.258969 0.740931 9.9991E-005
0.593833 0.406067 9.9991E-005
0.964596 0.035304 9.9991E-005
0.101552 0.898348 9.9991E-005
0.145157 0.781244 0.0735986
0.104656 0.822287 0.0730567
0.238597 0.761303 9.9991E-005
0.5011 0.4988 9.9991E-005
0.0619978 0.937902 9.9991E-005
0.03929 0.909478 0.0512321
9.9991E-005 0.955399 0.0445006
9.9991E-005 0.939266 0.0606342
0.790245 0.209655 9.9991E-005
0.578316 0.314035 0.10765
9.999E-005 0.9998 9.999E-005
0.0521743 0.947726 9.9991E-005
9.999E-005 0.9998 9.999E-005
0.571831 0.42807 9.9991E-005
0.9998 9.999E-005 9.999E-005
0.474362 0.525538 9.9991E-005
9.9991E-005 0.952261 0.0476391
0.112854 0.887046 9.9991E-005
9.9991E-005 0.930885 0.0690154
9.999E-005 0.9998 9.999E-005
0.9998 9.999E-005 9.999E-005
9.9991E-005 0.961705 0.0381954
9.9991E-005 0.966778 0.0331219
0.104622 0.895278 9.9991E-005
0.692688 0.307212 9.9991E-005
0.0209668 0.978933 9.9991E-005
0.0435436 0.955128 0.00132854
9.9991E-005 0.91152 0.0883801
0.0610431 0.885193 0.0537636
0.712352 0.24125 0.0463981
0.996003 9.9991E-005 0.00389671
9.9991E-005 0.875874 0.124026
0.00331562 0.716503 0.280181
0.0572523 0.813526 0.129222
0.0189944 0.779244 0.201762
0.483075 0.516825 9.9991E-005
0.0609088 0.660856 0.278235
0.235367 0.728184 0.0364494
0.0768453 0.797578 0.125577
0.556378 0.418936 0.0246867
0.330799 0.668518 0.000682756
0.276982 0.706404 0.0166133
0.680664 0.243866 0.0754707
0.158419 0.841481 9.9991E-005
0.442475 0.436124 0.121402
0.340677 0.584828 0.0744943
0.252088 0.600016 0.147896
0.77153 0.141595 0.0868753
0.30048 0.69942 9.9991E-005
0.288769 0.709493 0.00173747
9.9991E-005 0.879069 0.120831
9.9991E-005 0.906101 0.0937989
0.00573958 0.686335 0.307926
0.0463546 0.938414 0.0152312
0.325848 0.617531 0.0566211
0.830125 0.169775 9.9991E-005
0.505474 0.366161 0.128365
0.033504 0.793547 0.172949
0.00162072 0.807068 0.191312
0.956538 9.9991E-005 0.0433624
9.9991E-005 0.826635 0.173265
0.0229515 0.864185 0.112863
0.195663 0.738081 0.0662559
9.9991E-005 0.868641 0.131259
0.247225 0.618063 0.134712
0.141076 0.73928 0.119645
0.104386 0.841437 0.0541767
9.999E-005 0.9998 9.999E-005
9.9991E-005 0.998055 0.00184518
0.194745 0.699416 0.105839
0.572469 0.391166 0.036365
0.39203 0.60787 9.9991E-005
0.091765 0.74136 0.166874
0.180472 0.650632 0.168896
0.161218 0.838682 9.9991E-005
0.9998 9.999E-005 9.999E-005
0.150664 0.770605 0.0787305
0.396492 0.603408 9.9991E-005
0.0789166 0.719939 0.201145
0.26749 0.73241 9.9991E-005
0.633433 0.361913 0.00465423
0.49786 0.467012 0.0351286
0.552874 0.447026 9.9991E-005
0.00288387 0.997016 9.9991E-005
0.916642 0.00809461 0.0752631
0.440538 0.529848 0.0296138
0.0326544 0.756004 0.211341
0.9998 9.999E-005 9.999E-005
0.606552 0.393349 9.9991E-005
0.0887768 0.836793 0.0744304
0.462098 0.537802 9.9991E-005
0.098331 0.901569 9.9991E-005
9.9991E-005 0.850491 0.149409
0.32854 0.531659 0.139801
9.999E-005 0.9998 9.999E-005
9.999E-005 0.9998 9.999E-005
0.0231375 0.814828 0.162035
0.299049 0.458359 0.242592
0.267719 0.732181 9.9991E-005
9.9991E-005 0.798563 0.201337
0.134372 0.865528 9.9991E-005
0.0239524 0.739839 0.236208
9.9991E-005 0.902898 0.0970022
0.378268 0.556771 0.0649606
9.9991E-005 0.942726 0.0571736
0.00580329 0.906392 0.0878043
0.0076735 0.634746 0.357581
9.9991E-005 0.560853 0.439047
0.313749 0.533818 0.152433
0.00478151 0.840158 0.155061
0.24957 0.75033 9.9991E-005
0.0377058 0.890407 0.0718873
9.9991E-005 0.954929 0.0449712
9.9991E-005 0.834042 0.165859
0.427137 0.534256 0.0386077
0.501628 0.428477 0.0698947
9.999E-005 0.9998 9.999E-005
9.9991E-005 0.830051 0.169849
9.9991E-005 0.929971 0.0699295
0.00762389 0.878872 0.113504
0.364908 0.634992 9.9991E-005
0.229413 0.75147 0.0191172
9.9991E-005 0.751465 0.248435
0.626125 0.31379 0.0600847
0.191999 0.807901 9.9991E-005
0.181219 0.636624 0.182157
0.863544 0.134594 0.00186215
0.0246624 0.848565 0.126773
0.0678229 0.903818 0.0283593
0.0465821 0.953318 9.9991E-005
9.9991E-005 0.966581 0.033319
9.9991E-005 0.787299 0.212601
0.0480802 0.856893 0.0950265
9.999E-005 0.9998 9.999E-005
9.999E-005 0.9998 9.999E-005
0.26165 0.73825 9.9991E-005
9.9991E-005 0.96723 0.03267
9.999E-005 0.9998 9.999E-005
0.252742 0.747158 9.9991E-005
0.0176974 0.982203 9.9991E-005
9.999E-005 0.9998 9.999E-005
0.413765 0.586135 9.9991E-005
0.341254 0.658646 9.9991E-005
0.00824258 0.991657 9.9991E-005
0.629415 0.370485 9.9991E-005
9.9991E-005 0.984982 0.0149177
0.385032 0.614868 9.9991E-005
0.0289047 0.784843 0.186253
0.268051 0.631963 0.0999858
0.332895 0.41635 0.250755
0.518953 0.480947 9.9991E-005
0.0630109 0.936889 9.9991E-005
9.999E-005 0.9998 9.999E-005
0.352396 0.647504 9.9991E-005
0.0133187 0.898478 0.0882029
9.9991E-005 0.978933 0.0209669
0.914967 0.0795335 0.00549914
0.0272768 0.91832 0.0544033
9.999E-005 0.9998 9.999E-005
9.999E-005 0.9998 9.999E-005
0.0113168 0.988583 9.9991E-005
0.0426317 0.957268 9.9991E-005
9.999E-005 0.9998 9.999E-005
0.053757 0.900945 0.0452985
0.0648177 0.935082 9.9991E-005
0.662974 0.271925 0.0651008
0.00748015 0.99242 9.9991E-005
9.999E-005 0.9998 9.999E-005
0.196014 0.759114 0.0448723
0.464018 0.535882 9.9991E-005
9.9991E-005 0.891459 0.108441
0.273372 0.726528 9.9991E-005
9.999E-005 0.9998 9.999E-005
0.406911 0.591907 0.00118239
0.157158 0.703199 0.139643
0.549769 0.445406 0.00482533
0.288686 0.711214 9.9991E-005
0.105032 0.697327 0.197641
0.274249 0.668786 0.0569653
9.9991E-005 0.962681 0.0372194
0.0615941 0.938306 9.9991E-005
0.0411882 0.89957 0.0592414
0.30127 0.693775 0.00495514
0.0542917 0.945608 9.9991E-005
0.00229928 0.854601 0.1431
9.9991E-005 0.953274 0.0466262
0.66707 0.1285 0.20443
0.963173 9.9991E-005 0.0367269
0.116785 0.753328 0.129887
0.147511 0.624755 0.227734
0.161686 0.640933 0.197382
0.229048 0.748309 0.0226429
0.269191 0.67721 0.0535989
0.0941666 0.905733 9.9991E-005
9.9991E-005 0.731542 0.268358
9.9991E-005 0.895408 0.104492
9.9991E-005 0.975653 0.0242471
9.9991E-005 0.847 0.1529
9.999E-005 0.9998 9.999E-005
9.999E-005 0.9998 9.999E-005
0.114598 0.78288 0.102522
9.9991E-005 0.861791 0.138109
0.126674 0.868716 0.00461002
9.9991E-005 0.899136 0.100764
0.0720313 0.850401 0.0775677
0.172733 0.732376 0.0948904
0.639246 0.178809 0.181945
0.458843 0.507441 0.0337167
0.908021 0.0451059 0.0468735
9.9991E-005 0.964801 0.0350989
0.813674 0.176561 0.00976456
0.803414 0.0453985 0.151188
0.0627156 0.8526 0.0846848
9.9991E-005 0.762871 0.237029
9.9991E-005 0.88654 0.11336
0.803875 0.196025 9.9991E-005
9.9991E-005 0.928273 0.071627
0.483746 0.442613 0.0736409
0.0390484 0.904998 0.0559537
0.905539 0.0763002 0.0181611
0.195881 0.741313 0.0628059
0.0567405 0.943159 9.9991E-005
9.999E-005 0.9998 9.999E-005
0.0203067 0.917063 0.0626306
0.751291 0.248609 9.9991E-005
0.253289 0.746611 9.9991E-005
0.443061 0.379892 0.177047
9.9991E-005 0.800588 0.199313
0.864234 0.00992726 0.125839
0.175974 0.48477 0.339256
0.484677 0.490236 0.0250861
0.0360533 0.844209 0.119737
0.275615 0.613384 0.111001
0.640728 0.303972 0.0553004
9.9991E-005 0.832894 0.167006
0.000419689 0.905404 0.0941766
9.9991E-005 0.834458 0.165442
0.0207139 0.730612 0.248674
0.526632 0.45953 0.013838
0.0502327 0.864515 0.0852528
0.00258248 0.843977 0.15344
0.0432764 0.956624 9.9991E-005
0.559759 0.440141 9.9991E-005
0.268485 0.709569 0.0219458
9.9991E-005 0.913198 0.086702
0.21839 0.571233 0.210377
0.263949 0.614789 0.121262
9.9991E-005 0.907092 0.0928076
0.443129 0.418325 0.138546
0.117732 0.77707 0.105197
0.449265 0.520577 0.0301577
9.9991E-005 0.91416 0.0857404
9.999E-005 0.9998 9.999E-005
9.9991E-005 0.976031 0.0238689
9.999E-005 0.9998 9.999E-005
9.9991E-005 0.754485 0.245415
9.9991E-005 0.869072 0.130828
0.326884 0.673016 9.9991E-005
0.0884719 0.823833 0.0876955
9.999E-005 0.9998 9.999E-005
0.0388839 0.961016 9.9991E-005
0.10756 0.831686 0.0607541
0.425007 0.406192 0.168801
9.9991E-005 0.821139 0.178761
9.9991E-005 0.824296 0.175604
0.879415 0.120485 9.9991E-005
0.673472 0.326428 9.9991E-005
0.000172663 0.904295 0.0955323
9.9991E-005 0.32996 0.66994
0.0924316 0.0245443 0.883024
0.00927178 0.348969 0.641759
9.9991E-005 0.782887 0.217013
9.9991E-005 0.143514 0.856386
0.0176068 0.228942 0.753452
0.0704197 0.134423 0.795157
0.0226386 0.137408 0.839954
0.0318411 0.237765 0.730394
9.9991E-005 0.51748 0.48242
9.9991E-005 0.519299 0.480601
0.0144297 0.251833 0.733737
9.9991E-005 0.667104 0.332796
0.0494762 0.29711 0.653414
9.9991E-005 0.282619 0.717281
0.13555 0.0146311 0.849819
9.9991E-005 0.41534 0.58456
9.9991E-005 0.353156 0.646744
0.841801 9.9991E-005 0.158099
9.9991E-005 0.541685 0.458215
0.0243824 0.338878 0.636739
0.114766 0.790455 0.0947791
9.999E-005 9.999E-005 0.9998
9.9991E-005 0.0714802 0.92842
0.0382404 0.716161 0.245599
0.00877195 0.216452 0.774776
9.9991E-005 0.349366 0.650534
0.00746374 0.327525 0.665011
0.055654 0.0668029 0.877543
0.0790882 9.9991E-005 0.920812
0.0243894 9.9991E-005 0.975511
0.0698807 9.9991E-005 0.930019
0.010832 0.29124 0.697928
9.9991E-005 0.27641 0.72349
0.125056 0.0268675 0.848077
0.0108495 0.0776218 0.911529
0.0910688 0.17829 0.730641
9.9991E-005 0.831671 0.168229
0.00949218 0.0999347 0.890573
0.0126174 0.273164 0.714218
0.0255838 0.247176 0.72724
9.9991E-005 0.430171 0.569729
9.999E-005 9.999E-005 0.9998
0.00182195 0.746688 0.25149
0.0145939 0.249388 0.736019
0.340881 0.488286 0.170832
9.9991E-005 0.707176 0.292724
0.0113286 0.771462 0.21721
9.9991E-005 0.233873 0.766027
9.9991E-005 0.337934 0.661966
0.00664854 0.105682 0.887669
0.00095938 0.301176 0.697864
0.0189457 0.293891 0.687163
0.0223463 0.177709 0.799945
9.9991E-005 0.388272 0.611628
9.9991E-005 0.0386827 0.961217
9.9991E-005 0.281155 0.718745
0.0774119 0.474874 0.447715
9.999E-005 9.999E-005 0.9998
0.0143313 0.140207 0.845462
0.0354455 0.0628158 0.901739
9.9991E-005 0.197777 0.802123
9.9991E-005 0.835979 0.163921
9.9991E-005 0.242781 0.757119
0.200268 0.66534 0.134392
0.0174217 0.291955 0.690623
0.0905645 0.121551 0.787884
0.124698 0.738852 0.13645
0.0613386 0.204194 0.734468
0.0321162 0.162025 0.805859
0.0137187 0.000495817 0.985786
0.000266804 0.197621 0.802112
0.0123344 0.442459 0.545207
0.015612 0.179845 0.804543
0.0241769 0.0293289 0.946494
0.00157582 0.369436 0.628988
9.9991E-005 0.744394 0.255506
9.9991E-005 0.252858 0.747042
0.0525443 0.344827 0.602629
0.958358 9.9991E-005 0.0415418
9.9991E-005 0.219678 0.780222
0.106024 0.801626 0.0923494
0.0609271 0.0285694 0.910503
0.0224628 0.418799 0.558739
0.00444856 0.601923 0.393629
9.9991E-005 0.788506 0.211394
9.9991E-005 0.40436 0.59554
9.9991E-005 0.287282 0.712618
0.000128379 0.243165 0.756707
0.00586627 0.195184 0.79895
9.9991E-005 0.733972 0.265928
0.0414804 0.137932 0.820588
0.0158429 0.333058 0.651099
9.9991E-005 0.34741 0.65249
0.0362424 0.963658 9.9991E-005
0.000403582 0.168083 0.831513
0.0185986 0.233292 0.74811
9.9991E-005 0.298824 0.701076
9.9991E-005 0.31931 0.68059
9.999E-005 0.9998 9.999E-005
0.9998 9.999E-005 9.999E-005
9.9991E-005 0.292555 0.707345
0.0126753 0.44918 0.538144
9.9991E-005 0.444555 0.555345
0.00966287 0.211552 0.778785
0.0970386 9.9991E-005 0.902861
9.9991E-005 0.253325 0.746575
0.0494757 0.0548227 0.895702
0.0767216 0.0533214 0.869957
0.0286246 0.20078 0.770596
9.9991E-005 0.492717 0.507183
9.9991E-005 0.875772 0.124128
9.9991E-005 0.0428272 0.957073
9.9991E-005 0.279312 0.720588
9.9991E-005 0.973266 0.0266341
0.0517323 0.0552348 0.893033
0.0151522 0.984748 9.9991E-005
0.0247392 0.401292 0.573969
9.9991E-005 0.313418 0.686482
0.000408493 0.755714 0.243878
0.0110625 0.212051 0.776886
0.0161323 0.500952 0.482916
0.0155253 0.268661 0.715814
0.686023 0.227733 0.0862447
0.033875 0.16575 0.800375
9.9991E-005 0.301488 0.698412
9.9991E-005 0.19077 0.80913
0.0185538 0.216479 0.764967
9.9991E-005 0.156659 0.843241
9.9991E-005 0.0540472 0.945853
0.0044939 0.259812 0.735694
9.999E-005 0.9998 9.999E-005
0.0743946 0.186375 0.73923
0.0162917 0.161663 0.822045
9.999E-005 9.999E-005 0.9998
0.0229255 0.113758 0.863317
0.0114012 0.319544 0.669055
9.9991E-005 0.45838 0.54152
9.9991E-005 0.582797 0.417103
0.114379 0.339424 0.546197
9.9991E-005 0.346722 0.653178
0.02415 0.100308 0.875542
0.0982878 0.901612 9.9991E-005
9.9991E-005 0.463036 0.536864
0.044558 9.9991E-005 0.955342
0.0375965 0.123425 0.838979
9.9991E-005 0.364775 0.635125
9.9991E-005 0.0880757 0.911824
0.0336918 0.298676 0.667632
9.9991E-005 0.998179 0.00172111
0.0753128 0.76703 0.157657
0.0899038 0.2341 0.675996
9.9991E-005 0.203371 0.796529
0.0150424 0.297292 0.687665
9.9991E-005 0.407384 0.592516
0.0392672 0.163457 0.797276
0.0564599 0.00581795 0.937722
0.302553 0.558223 0.139224
0.0174165 0.386359 0.596225
0.0244549 0.350177 0.625368
0.365301 0.381655 0.253044
0.305833 0.65304 0.0411269
0.0290649 0.0776879 0.893247
0.0555068 0.345598 0.598895
9.9991E-005 0.11183 0.88807
9.9991E-005 0.836679 0.163221
0.0164041 0.297291 0.686305
0.0542053 0.165314 0.78048
0.333725 0.569722 0.0965525
0.0301746 0.264113 0.705712
0.0246065 0.125912 0.849481
9.9991E-005 0.201165 0.798735
0.00709266 0.289344 0.703564
9.9991E-005 0.0862101 0.91369
9.9991E-005 0.186182 0.813718
0.0780024 0.166224 0.755774
9.9991E-005 0.284318 0.715582
0.0420683 0.13631 0.821621
0.0116134 0.304861 0.683526
0.79338 9.9991E-005 0.20652
0.00761646 9.9991E-005 0.992284
9.9991E-005 0.0736264 0.926274
0.00415793 0.652518 0.343324
9.999E-005 9.999E-005 0.9998
9.9991E-005 0.324116 0.675784
9.9991E-005 0.16387 0.83603
0.0616677 0.603084 0.335248
9.9991E-005 0.203879 0.796021
0.000426212 0.210204 0.78937
0.0979964 0.131567 0.770436
0.0230204 0.159679 0.8173
0.00954548 0.355222 0.635232
0.9998 9.999E-005 9.999E-005
9.9991E-005 0.377069 0.622831
9.9991E-005 0.411478 0.588422
0.00237855 0.346661 0.65096
9.9991E-005 0.134638 0.865262
0.0402342 0.0345404 0.925225
0.0529134 0.210143 0.736943
0.773791 0.13939 0.0868187
9.9991E-005 0.177095 0.822805
0.00220582 0.328724 0.669071
9.9991E-005 0.319993 0.679907
9.9991E-005 0.311276 0.688624
0.0052982 0.165045 0.829657
9.9991E-005 0.126945 0.872955
9.9991E-005 0.347816 0.652084
9.9991E-005 0.276568 0.723332
0.00863694 0.221907 0.769456
0.0143728 0.39015 0.595477
0.0486386 0.0167553 0.934606
9.9991E-005 0.411143 0.588757
9.9991E-005 0.437813 0.562087
0.0232502 0.166822 0.809927
9.9991E-005 0.338151 0.661749
9.9991E-005 0.50948 0.49042
9.9991E-005 0.242607 0.757293
0.0803167 9.9991E-005 0.919583
0.0376553 0.187414 0.774931
0.00853901 0.274337 0.717124
9.9991E-005 0.565898 0.434002
9.999E-005 9.999E-005 0.9998
9.9991E-005 0.435509 0.564391
9.9991E-005 0.321692 0.678208
0.9178 0.0821001 9.9991E-005
0.434831 0.461779 0.103389
0.252439 0.554129 0.193432
0.667937 0.239796 0.0922667
0.0257466 0.673841 0.300412
9.9991E-005 0.754671 0.245229
0.103655 0.757062 0.139283
0.0314696 0.189555 0.778975
0.019036 0.316521 0.664443
9.9991E-005 0.0948609 0.905039
9.9991E-005 0.640311 0.359589
0.0543785 0.302724 0.642897
0.0312958 0.414573 0.554131
0.00252346 0.316785 0.680692
9.9991E-005 0.300882 0.699018
9.9991E-005 0.257614 0.742286
0.0359924 0.234871 0.729136
0.0420383 0.348735 0.609226
0.0848469 0.583336 0.331818
0.122318 0.160462 0.71722
0.0319492 0.115524 0.852527
0.0561266 0.24054 0.703334
0.840017 0.0515485 0.108434
0.2036 0.76168 0.0347207
0.00469856 0.140488 0.854813
9.9991E-005 0.252334 0.747566
0.204785 0.682478 0.112737
9.9991E-005 0.184403 0.815497
0.0137253 0.0599739 0.926301
0.0188141 0.981086 9.9991E-005
9.9991E-005 0.166948 0.832952
0.0454094 0.0322764 0.922314
9.9991E-005 0.370608 0.629292
9.9991E-005 0.198276 0.801624
0.0498964 0.279098 0.671006
9.9991E-005 0.140852 0.859048
0.371839 0.332504 0.295658
9.9991E-005 0.313045 0.686855
0.0206063 0.33287 0.646524
0.0302073 9.9991E-005 0.969693
0.199422 0.513135 0.287443
9.9991E-005 0.626486 0.373414
0.0232248 0.626573 0.350202
9.9991E-005 0.170647 0.829253
0.023858 0.795295 0.180847
9.9991E-005 0.133373 0.866527
9.9991E-005 0.471757 0.528143
9.9991E-005 0.240673 0.759227
9.9991E-005 0.377533 0.622367
0.307574 0.451162 0.241264
9.9991E-005 0.339133 0.660767
0.822048 0.117536 0.0604165
0.0321886 0.296103 0.671708
9.9991E-005 0.154566 0.845334
0.9998 9.999E-005 9.999E-005
0.970413 9.9991E-005 0.0294872
9.9991E-005 0.366306 0.633594
0.0307584 0.48631 0.482932
9.9991E-005 0.218241 0.781659
0.0438127 0.156176 0.800011
9.9991E-005 0.384744 0.615156
9.999E-005 9.999E-005 0.9998
0.0647064 0.379064 0.556229
0.353079 0.472701 0.17422
9.9991E-005 0.322035 0.677865
0.0400277 9.9991E-005 0.959872
0.0303767 0.375978 0.593645
0.126301 0.806302 0.0673971
9.9991E-005 0.774954 0.224946
9.9991E-005 0.946184 0.0537157
9.9991E-005 0.248246 0.751654
0.348113 0.421787 0.2301
0.0286757 0.189986 0.781338
0.00925033 0.400678 0.590072
9.9991E-005 0.0727392 0.927161
9.9991E-005 0.250183 0.749717
0.0355012 0.34004 0.624459
9.9991E-005 0.432928 0.566972
9.9991E-005 0.45397 0.54593
0.0341037 0.694809 0.271087
9.9991E-005 0.922386 0.0775136
0.0120182 0.262847 0.725134
9.9991E-005 0.243667 0.756233
9.9991E-005 0.275875 0.724025
0.743013 0.188094 0.0688929
9.9991E-005 0.444973 0.554927
0.024632 0.298664 0.676704
9.9991E-005 0.434135 0.565765
9.9991E-005 0.56895 0.43095
9.9991E-005 0.43264 0.56726
0.0154944 0.401947 0.582558
9.9991E-005 0.307355 0.692545
0.0909223 0.192375 0.716702
0.178401 0.620904 0.200695
9.9991E-005 0.121316 0.878584
0.0378004 0.290622 0.671578
0.0194832 0.310462 0.670055
0.0972912 0.902609 9.9991E-005
9.9991E-005 0.240252 0.759648
9.9991E-005 0.339706 0.660194
0.0828209 0.5033 0.413879
9.9991E-005 0.171758 0.828142
0.0791102 0.31423 0.606659
0.00148185 0.467963 0.530555
0.0734681 0.338158 0.588374
0.251992 0.65047 0.0975373
0.0210105 0.35449 0.624499
9.9991E-005 0.365719 0.634181
9.9991E-005 0.250989 0.748911
9.9991E-005 0.558026 0.441874
9.9991E-005 0.51926 0.48064
9.9991E-005 0.289093 0.710807
0.120606 0.176063 0.703331
0.0112339 0.054511 0.934255
9.9991E-005 0.335596 0.664304
0.00487333 0.173508 0.821619
0.0508619 0.67845 0.270688
0.0645724 0.216321 0.719106
0.11496 0.155793 0.729247
0.0139159 0.900437 0.0856475
0.0083374 0.293236 0.698426
0.0408388 0.314298 0.644863
9.9991E-005 0.364118 0.635782
9.9991E-005 0.284229 0.715671
9.9991E-005 0.318007 0.681893
9.9991E-005 0.957524 0.0423764
9.9991E-005 0.141088 0.858812
0.0553742 0.664317 0.280309
