9.9991E-005 0.910073 0.0898271
0.0498181 0.913448 0.0367342
0.0802184 0.903776 0.0160059
0.159597 0.840303 9.9991E-005
0.0937415 0.894056 0.0122029
0.944969 0.00364887 0.0513822
0.00444055 0.849014 0.146546
0.949464 9.9991E-005 0.0504359
0.0391057 0.84765 0.113244
9.9991E-005 0.96026 0.0396401
0.027783 0.957145 0.0150715
0.252511 0.737294 0.0101942
9.999E-005 0.9998 9.999E-005
0.119591 0.769266 0.111143
0.806099 0.193801 9.9991E-005
0.0881119 0.911788 9.9991E-005
0.207691 0.792209 9.9991E-005
9.9991E-005 0.726829 0.273071
0.0256907 0.959291 0.0150179
9.999E-005 0.9998 9.999E-005
9.9991E-005 0.951747 0.0481529
0.160395 0.839505 9.9991E-005
0.0155249 0.984375 9.9991E-005
0.700122 0.299778 9.9991E-005
9.9991E-005 0.80358 0.19632
0.731503 0.268397 9.9991E-005
0.509128 0.418522 0.0723507
0.294988 0.704912 9.9991E-005
0.807116 0.187728 0.00515599
0.147501 0.852399 9.9991E-005
0.556885 0.390084 0.0530311
9.9991E-005 0.9425 0.0574002
0.256656 0.743244 9.9991E-005
0.954879 0.0450211 9.9991E-005
0.951974 9.9991E-005 0.0479263
0.120133 0.824329 0.0555379
0.121186 0.878714 9.9991E-005
9.9991E-005 0.852571 0.147329
0.846784 0.153116 9.9991E-005
0.441479 0.467323 0.0911987
0.270685 0.551023 0.178292
0.0512829 0.948617 9.9991E-005
0.124673 0.875227 9.9991E-005
0.655341 0.280718 0.0639413
9.9991E-005 0.82287 0.17703
0.0438885 0.655064 0.301047
0.104093 0.759287 0.13662
0.0936445 0.845148 0.0612074
0.0444051 0.868175 0.0874199
0.613948 0.385952 9.9991E-005
9.9991E-005 0.958049 0.0418512
0.440208 0.465069 0.0947229
0.0577235 0.762841 0.179435
0.9998 9.999E-005 9.999E-005
0.471125 0.528775 9.9991E-005
9.999E-005 0.9998 9.999E-005
9.999E-005 0.9998 9.999E-005
0.193723 0.777452 0.0288255
0.355106 0.644794 9.9991E-005
0.351561 0.648339 9.9991E-005
0.944725 9.9991E-005 0.0551753
0.9998 9.999E-005 9.999E-005
0.0343603 0.856041 0.109599
0.9998 9.999E-005 9.999E-005
0.0446547 0.782106 0.173239
0.966222 0.033678 9.9991E-005
9.999E-005 0.9998 9.999E-005
0.1877 0.749653 0.0626469
0.0113661 0.898069 0.090565
0.850227 0.10199 0.0477825
9.9991E-005 0.835114 0.164786
0.0260467 0.912861 0.0610926
0.341726 0.548222 0.110052
9.9991E-005 0.844936 0.154964
0.0495478 0.89212 0.0583318
0.378757 0.621143 9.9991E-005
0.0164253 0.983475 9.9991E-005
0.265318 0.561577 0.173104
0.208814 0.770752 0.0204344
9.9991E-005 0.851368 0.148532
9.9991E-005 0.911858 0.088042
0.023858 0.91159 0.0645521
0.113503 0.886397 9.9991E-005
9.999E-005 0.9998 9.999E-005
9.999E-005 0.9998 9.999E-005
0.167782 0.806673 0.0255445
0.316865 0.683035 9.9991E-005
0.279838 0.720062 9.9991E-005
0.933483 0.0664169 9.9991E-005
0.259014 0.633619 0.107367
0.066043 0.773439 0.160518
0.556166 0.443734 9.9991E-005
0.0333215 0.931446 0.035233
0.261139 0.738761 9.9991E-005
0.541258 0.458642 9.9991E-005
0.9998 9.999E-005 9.999E-005
0.104926 0.839063 0.0560105
0.138578 0.852361 0.00906104
0.0968645 0.881122 0.0220138
0.24364 0.75626 9.9991E-005
0.535101 0.440391 0.0245084
9.999E-005 0.9998 9.999E-005
0.0146036 0.861104 0.124292
9.999E-005 0.9998 9.999E-005
9.9991E-005 0.87604 0.12386
0.91948 0.0804201 9.9991E-005
0.513627 0.340015 0.146358
9.999E-005 0.9998 9.999E-005
0.0514109 0.948489 9.9991E-005
9.999E-005 0.9998 9.999E-005
0.537482 0.462418 9.9991E-005
0.9998 9.999E-005 9.999E-005
0.474501 0.525399 9.9991E-005
9.9991E-005 0.969808 0.0300915
0.0366059 0.963294 9.9991E-005
9.9991E-005 0.846099 0.153801
9.999E-005 0.9998 9.999E-005
0.9998 9.999E-005 9.999E-005
0.00358621 0.996314 9.9991E-005
9.9991E-005 0.928173 0.0717275
0.110124 0.889776 9.9991E-005
0.656668 0.335579 0.00775336
9.999E-005 0.9998 9.999E-005
0.0616618 0.877643 0.0606956
9.9991E-005 0.84621 0.15369
0.0856297 0.914046 0.000324438
0.758485 0.241415 9.9991E-005
0.932402 9.9991E-005 0.0674984
9.9991E-005 0.835879 0.164021
9.9991E-005 0.801062 0.198838
0.0291538 0.88688 0.0839661
0.0230298 0.704933 0.272037
0.404498 0.595402 9.9991E-005
0.0913035 0.654157 0.254539
0.153089 0.846811 9.9991E-005
0.0426751 0.9076 0.0497248
0.650839 0.31777 0.0313916
0.343533 0.546775 0.109692
0.220739 0.779161 9.9991E-005
0.714109 0.285791 9.9991E-005
0.167856 0.832044 9.9991E-005
0.44259 0.423555 0.133855
0.321754 0.654484 0.023762
0.315449 0.494387 0.190164
0.8425 0.129883 0.0276169
0.315402 0.580844 0.103754
0.273068 0.678286 0.0486458
9.9991E-005 0.951713 0.0481869
9.9991E-005 0.93083 0.0690697
0.0219939 0.773514 0.204492
0.0543203 0.933559 0.0121205
0.364762 0.524285 0.110953
0.749444 0.250456 9.9991E-005
0.509084 0.365847 0.125069
0.0812307 0.747381 0.171388
0.00184048 0.861289 0.136871
0.9998 9.999E-005 9.999E-005
0.0236433 0.893543 0.0828132
9.9991E-005 0.871844 0.128056
0.211305 0.779539 0.00915563
9.9991E-005 0.860915 0.138985
0.22419 0.64918 0.126629
0.124019 0.830374 0.0456069
0.0357825 0.900761 0.063457
9.9991E-005 0.984783 0.0151169
9.9991E-005 0.889691 0.110209
0.245599 0.558458 0.195943
0.635319 0.324568 0.0401132
0.312107 0.687793 9.9991E-005
0.172512 0.607636 0.219853
0.157911 0.690906 0.151182
0.132143 0.867757 9.9991E-005
0.9998 9.999E-005 9.999E-005
0.113314 0.796991 0.0896949
0.395752 0.604148 9.9991E-005
0.0556671 0.717915 0.226418
0.268123 0.731777 9.9991E-005
0.641431 0.274247 0.0843228
0.519083 0.477441 0.00347529
0.494709 0.505191 9.9991E-005
0.0281597 0.97174 9.9991E-005
0.965691 9.9991E-005 0.0342087
0.497082 0.473124 0.0297938
0.0156192 0.824109 0.160272
0.9998 9.999E-005 9.999E-005
0.610304 0.389596 9.9991E-005
0.0881813 0.895151 0.0166675
0.488781 0.511119 9.9991E-005
0.111462 0.888438 9.9991E-005
9.9991E-005 0.91779 0.0821096
0.338275 0.615092 0.0466332
9.999E-005 0.9998 9.999E-005
9.999E-005 0.9998 9.999E-005
0.0567628 0.75808 0.185157
0.351812 0.492212 0.155976
0.272143 0.727757 9.9991E-005
9.9991E-005 0.759683 0.240217
0.160636 0.811989 0.027375
0.0179751 0.690873 0.291152
9.9991E-005 0.839182 0.160718
0.382539 0.57167 0.0457915
9.9991E-005 0.943012 0.0568881
0.0480168 0.806713 0.14527
9.9991E-005 0.662704 0.337196
0.0201154 0.527097 0.452788
0.294391 0.616425 0.089184
0.0428387 0.837105 0.120056
0.208543 0.791357 9.9991E-005
9.9991E-005 0.96452 0.0353797
9.9991E-005 0.917116 0.0827841
0.00744952 0.837082 0.155468
0.381072 0.593204 0.0257247
0.573682 0.426218 9.9991E-005
9.999E-005 0.9998 9.999E-005
9.9991E-005 0.839201 0.160699
9.9991E-005 0.836885 0.163015
0.0419647 0.861728 0.0963077
0.368818 0.631082 9.9991E-005
0.313509 0.666114 0.0203776
9.9991E-005 0.673614 0.326286
0.636028 0.352023 0.0119493
0.202115 0.797785 9.9991E-005
0.140443 0.649981 0.209576
0.841338 0.0629333 0.0957289
0.0686324 0.7375 0.193868
0.0351268 0.964773 9.9991E-005
0.0499879 0.949912 9.9991E-005
9.999E-005 0.9998 9.999E-005
9.9991E-005 0.743505 0.256395
9.9991E-005 0.94801 0.0518896
9.9991E-005 0.964755 0.0351452
9.999E-005 0.9998 9.999E-005
0.232652 0.767248 9.9991E-005
9.9991E-005 0.932492 0.0674078
9.999E-005 0.9998 9.999E-005
0.258269 0.741631 9.9991E-005
0.0115844 0.922613 0.0658021
9.999E-005 0.9998 9.999E-005
0.389034 0.610866 9.9991E-005
0.361396 0.638504 9.9991E-005
0.0266853 0.973215 9.9991E-005
0.631916 0.367984 9.9991E-005
9.9991E-005 0.946147 0.0537534
0.324389 0.675511 9.9991E-005
9.9991E-005 0.814025 0.185875
0.3021 0.653984 0.0439157
0.360294 0.424789 0.214917
0.597054 0.366921 0.0360244
0.0475919 0.931399 0.0210088
9.999E-005 0.9998 9.999E-005
0.424664 0.575236 9.9991E-005
0.0319856 0.853279 0.114735
0.0125481 0.987352 9.9991E-005
0.976606 9.9991E-005 0.0232941
9.9991E-005 0.93314 0.0667603
9.999E-005 0.9998 9.999E-005
0.00689232 0.993008 9.9991E-005
0.0368914 0.963009 9.9991E-005
0.0500214 0.949879 9.9991E-005
0.00774182 0.992158 9.9991E-005
0.0103203 0.98958 9.9991E-005
0.190046 0.809854 9.9991E-005
0.673034 0.229999 0.0969671
9.999E-005 0.9998 9.999E-005
9.999E-005 0.9998 9.999E-005
0.19331 0.682878 0.123812
0.409862 0.575333 0.0148052
9.9991E-005 0.849448 0.150452
0.270592 0.729308 9.9991E-005
9.999E-005 0.9998 9.999E-005
0.4109 0.589 9.9991E-005
0.145971 0.668608 0.185421
0.576134 0.423766 9.9991E-005
0.241877 0.758023 9.9991E-005
0.0692265 0.801427 0.129346
0.250363 0.687432 0.0622046
9.999E-005 0.9998 9.999E-005
0.051841 0.948059 9.9991E-005
0.0487975 0.951102 9.9991E-005
0.312209 0.635944 0.0518476
0.0351967 0.964703 9.9991E-005
9.9991E-005 0.815635 0.184265
9.9991E-005 0.934752 0.0651476
0.616485 0.281941 0.101574
0.955559 9.9991E-005 0.0443411
0.167637 0.716662 0.115701
0.0831559 0.756249 0.160595
0.156143 0.585761 0.258096
0.259714 0.615037 0.125249
0.332862 0.551982 0.115156
0.0797514 0.888537 0.0317117
9.9991E-005 0.791634 0.208266
0.0396298 0.7686 0.19177
0.0264407 0.928352 0.0452069
9.9991E-005 0.84136 0.15854
0.00981221 0.990088 9.9991E-005
9.9991E-005 0.991308 0.00859202
0.0829778 0.825923 0.0910991
9.9991E-005 0.801822 0.198078
0.0913678 0.908532 9.9991E-005
0.00844746 0.817156 0.174396
0.0522112 0.844273 0.103516
0.213312 0.730776 0.055912
0.599567 0.28422 0.116213
0.436981 0.518542 0.0444769
0.926593 0.0641017 0.00930516
9.999E-005 0.9998 9.999E-005
0.869328 0.130572 9.9991E-005
0.723313 0.205602 0.0710844
0.0714307 0.762614 0.165955
9.9991E-005 0.874648 0.125252
0.0162251 0.80063 0.183145
0.808833 0.152366 0.0388008
9.9991E-005 0.948682 0.0512185
0.503165 0.488435 0.00839993
0.0448169 0.920894 0.0342887
0.942587 0.0573132 9.9991E-005
0.199145 0.691753 0.109102
0.0124607 0.987439 9.9991E-005
9.999E-005 0.9998 9.999E-005
9.999E-005 0.9998 9.999E-005
0.764269 0.235631 9.9991E-005
0.248286 0.751614 9.9991E-005
0.429864 0.406075 0.164061
9.9991E-005 0.851752 0.148148
0.854544 0.11279 0.0326659
0.148412 0.472059 0.379528
0.440937 0.340826 0.218237
0.0098523 0.842734 0.147413
0.279293 0.605245 0.115462
0.625727 0.300723 0.0735498
9.9991E-005 0.838973 0.160927
0.0264722 0.904095 0.0694331
9.9991E-005 0.829143 0.170757
0.0119282 0.760703 0.227369
0.49692 0.472139 0.0309415
0.0263072 0.846427 0.127266
9.9991E-005 0.997433 0.00246661
0.0152301 0.98467 9.9991E-005
0.558401 0.441499 9.9991E-005
0.291273 0.617931 0.0907963
0.0072446 0.856912 0.135844
0.234323 0.518267 0.24741
0.258488 0.644293 0.0972194
9.9991E-005 0.885932 0.113968
0.463914 0.449988 0.0860985
0.138757 0.815754 0.0454893
0.543579 0.403477 0.0529445
9.9991E-005 0.829862 0.170038
9.9991E-005 0.994376 0.00552412
0.0222126 0.88483 0.0929577
9.9991E-005 0.982293 0.0176068
9.9991E-005 0.875177 0.124723
0.0262474 0.837101 0.136652
0.365263 0.573455 0.061282
0.0559734 0.921787 0.02224
9.999E-005 0.9998 9.999E-005
0.00420748 0.995693 9.9991E-005
0.114578 0.87277 0.0126519
0.407651 0.374865 0.217484
9.9991E-005 0.723966 0.275934
9.9991E-005 0.831552 0.168348
0.850578 0.149322 9.9991E-005
0.676995 0.322905 9.9991E-005
9.9991E-005 0.984995 0.0149049
9.9991E-005 0.41741 0.58249
0.0793331 0.00395566 0.916711
0.032928 0.265716 0.701356
9.9991E-005 0.825361 0.174539
9.9991E-005 0.216129 0.783771
0.0472659 0.104055 0.848679
0.0448981 0.26123 0.693872
0.00286209 0.0386731 0.958465
0.0156297 0.176989 0.807381
0.0157152 0.419619 0.564666
0.0106598 0.531308 0.458032
0.0370268 0.233809 0.729164
9.9991E-005 0.648703 0.351197
9.9991E-005 0.288965 0.710935
9.9991E-005 0.206932 0.792968
0.0690206 0.00991312 0.921066
9.9991E-005 0.439118 0.560782
9.9991E-005 0.450089 0.549811
0.832275 0.0443108 0.123415
0.046769 0.46779 0.485441
0.0170312 0.337792 0.645177
0.0802115 0.818369 0.10142
9.9991E-005 0.0143337 0.985566
9.9991E-005 0.0689987 0.930901
0.083419 0.698883 0.217698
0.00981927 0.143462 0.846719
9.9991E-005 0.448158 0.551742
0.0375984 0.315417 0.646984
0.0302439 0.135465 0.834291
0.144848 0.00715454 0.847998
9.9991E-005 0.0343393 0.965561
0.0595706 9.9991E-005 0.940329
0.0126944 0.169495 0.817811
9.9991E-005 0.314114 0.685786
0.14895 9.99956E-005 0.85095
0.033607 0.053868 0.912525
0.133698 0.0277754 0.838527
9.9991E-005 0.790871 0.209029
9.9991E-005 0.14276 0.85714
9.9991E-005 0.235509 0.764391
0.0516549 0.241691 0.706654
9.9991E-005 0.350596 0.649304
9.999E-005 9.999E-005 0.9998
0.0175127 0.741601 0.240886
0.0101178 0.181189 0.808693
0.354318 0.399056 0.246626
9.9991E-005 0.651133 0.348767
0.0425696 0.7992 0.15823
0.0173181 0.265472 0.71721
0.00353606 0.329597 0.666867
0.0277969 0.0670907 0.905112
9.9991E-005 0.343604 0.656296
0.0288352 0.391568 0.579596
0.0315873 0.152595 0.815818
9.9991E-005 0.34988 0.65002
0.0043286 0.0451365 0.950535
9.9991E-005 0.265977 0.733923
0.084844 0.511455 0.403701
9.999E-005 9.999E-005 0.9998
0.0663448 0.0445013 0.889154
0.0318789 0.13653 0.831591
9.9991E-005 0.188912 0.810988
9.9991E-005 0.819426 0.180474
9.9991E-005 0.212198 0.787702
0.254315 0.648269 0.0974164
0.017516 0.244547 0.737937
0.170248 9.9991E-005 0.829652
0.139971 0.760414 0.0996151
0.0844043 0.1263 0.789296
9.9991E-005 0.230693 0.769207
0.00659503 0.102745 0.89066
9.9991E-005 0.194154 0.805746
0.00638148 0.33339 0.660229
0.0117003 0.21965 0.768649
0.113768 0.010006 0.876226
9.9991E-005 0.248967 0.750933
9.9991E-005 0.659255 0.340645
9.9991E-005 0.221213 0.778687
0.0148696 0.447852 0.537278
0.927568 0.0302199 0.0422117
9.9991E-005 0.329514 0.670386
0.129671 0.782673 0.0876565
0.0677423 0.00249126 0.929766
9.9991E-005 0.371813 0.628087
0.0026536 0.558913 0.438434
9.9991E-005 0.774372 0.225528
9.9991E-005 0.311456 0.688444
9.9991E-005 0.276196 0.723704
9.9991E-005 0.25908 0.74082
0.0180602 0.160019 0.82192
0.0284059 0.713458 0.258136
0.0301044 0.227158 0.742737
0.0319915 0.360818 0.607191
9.9991E-005 0.237563 0.762337
0.0223648 0.950341 0.0272947
0.00884735 0.126229 0.864923
0.0372833 0.184729 0.777988
9.9991E-005 0.260973 0.738927
9.9991E-005 0.421682 0.578218
9.999E-005 0.9998 9.999E-005
0.9998 9.999E-005 9.999E-005
9.9991E-005 0.259378 0.740522
9.9991E-005 0.478494 0.521406
9.9991E-005 0.493024 0.506876
0.00140369 0.313343 0.685254
0.0405145 0.057387 0.902098
9.9991E-005 0.246722 0.753178
0.0412005 9.9991E-005 0.9587
0.0419403 0.0759952 0.882065
0.0650091 0.060434 0.874557
9.9991E-005 0.501411 0.498489
9.9991E-005 0.900835 0.0990652
9.9991E-005 0.129239 0.870661
9.9991E-005 0.336046 0.663854
9.9991E-005 0.890906 0.108994
0.0124715 0.112991 0.874538
0.00826741 0.97219 0.0195428
0.113822 0.265118 0.621059
9.9991E-005 0.251057 0.748843
0.0217126 0.728499 0.249788
0.0177061 0.254228 0.728066
0.0195502 0.433613 0.546837
0.0339433 0.172301 0.793755
0.751222 0.118219 0.130559
0.0355897 0.240352 0.724058
9.9991E-005 0.35671 0.64319
9.9991E-005 0.20849 0.79141
0.035782 0.221736 0.742482
9.9991E-005 0.179457 0.820443
0.00751828 0.168277 0.824204
9.9991E-005 0.345805 0.654095
9.999E-005 0.9998 9.999E-005
0.104568 0.0877934 0.807638
9.9991E-005 0.229499 0.770401
0.0384411 9.9991E-005 0.961459
0.0247379 0.19797 0.777292
0.039818 0.291199 0.668983
0.0482249 0.489448 0.462327
0.00992488 0.622502 0.367573
0.100259 0.313033 0.586708
0.0188968 0.20113 0.779973
0.0343469 0.1293 0.836354
0.0300278 0.969872 9.9991E-005
9.9991E-005 0.473121 0.526779
0.0286142 9.9991E-005 0.971286
0.016993 0.0865246 0.896482
0.0420026 0.317464 0.640534
9.999E-005 9.999E-005 0.9998
0.00535734 0.314345 0.680298
0.0495625 0.869435 0.0810027
0.0882915 0.661946 0.249763
0.0503699 0.287966 0.661664
9.9991E-005 0.16538 0.83452
9.9991E-005 0.196468 0.803432
9.9991E-005 0.445411 0.55449
0.06226 0.0898647 0.847875
0.0605299 9.9991E-005 0.93937
0.344346 0.463063 0.19259
0.000369228 0.237644 0.761987
0.00687681 0.281191 0.711933
0.344971 0.348517 0.306511
0.312781 0.669398 0.017821
0.0147143 0.0487061 0.93658
0.070235 0.369701 0.560064
9.9991E-005 0.0955916 0.904308
9.9991E-005 0.808495 0.191405
9.9991E-005 0.278253 0.721647
9.9991E-005 0.189523 0.810377
0.341827 0.526048 0.132125
0.0317771 0.176785 0.791437
0.00249155 0.133401 0.864107
9.9991E-005 0.36071 0.63919
0.0126763 0.216739 0.770584
0.023156 0.154386 0.822458
9.9991E-005 0.0984497 0.90145
0.0543342 0.0750666 0.870599
9.9991E-005 0.330031 0.669869
9.9991E-005 0.18023 0.81967
0.0533444 0.243481 0.703175
0.796505 0.0257461 0.177749
0.0141787 0.0635428 0.922278
9.9991E-005 0.0899602 0.90994
0.0293318 0.639759 0.330909
9.999E-005 9.999E-005 0.9998
0.000334041 0.405569 0.594097
0.0163933 0.0904756 0.893131
0.119232 0.601039 0.279728
9.9991E-005 0.260009 0.739891
0.0379403 0.0851127 0.876947
0.0707604 0.189196 0.740044
0.0142065 0.26716 0.718634
0.0127307 0.349077 0.638193
0.9998 9.999E-005 9.999E-005
9.9991E-005 0.281982 0.717918
9.9991E-005 0.449418 0.550482
9.9991E-005 0.241271 0.758629
9.9991E-005 0.160849 0.839051
0.0587891 9.9991E-005 0.941111
0.0473801 0.281161 0.671459
0.709944 0.201838 0.0882178
9.9991E-005 0.182734 0.817166
0.0134466 0.270347 0.716206
9.9991E-005 0.331467 0.668433
9.9991E-005 0.310991 0.688909
0.00488016 0.184212 0.810908
0.032746 0.0427265 0.924527
9.9991E-005 0.314079 0.685821
0.0247137 0.249789 0.725497
9.9991E-005 0.29829 0.70161
0.0545172 0.375538 0.569945
0.0215245 0.105294 0.873181
9.9991E-005 0.367598 0.632302
9.9991E-005 0.404658 0.595242
0.0364106 0.131879 0.83171
9.9991E-005 0.462494 0.537406
0.0156051 0.471605 0.51279
9.9991E-005 0.274846 0.725054
0.0524037 0.0865503 0.861046
0.061801 0.132968 0.805231
9.9991E-005 0.395569 0.604331
9.9991E-005 0.417706 0.582194
9.9991E-005 0.0459136 0.953986
9.9991E-005 0.540282 0.459618
9.9991E-005 0.332849 0.667051
0.971353 0.0285471 9.9991E-005
0.415076 0.499871 0.0850531
0.261882 0.505193 0.232925
0.587227 0.37196 0.0408126
0.0517714 0.694396 0.253833
9.9991E-005 0.77463 0.22527
0.147026 0.703263 0.14971
9.9991E-005 0.219143 0.780757
0.0164783 0.306971 0.67655
9.999E-005 9.999E-005 0.9998
9.9991E-005 0.603281 0.396619
0.0960147 0.212275 0.69171
0.0204026 0.335381 0.644216
0.00665936 0.355206 0.638135
9.9991E-005 0.318761 0.681139
9.9991E-005 0.34663 0.65327
0.0312394 0.258012 0.710749
9.9991E-005 0.406684 0.593216
0.0734631 0.598091 0.328446
0.129903 0.161027 0.709069
9.9991E-005 0.200427 0.799473
0.113093 0.260315 0.626592
0.799903 0.0242256 0.175872
0.245512 0.67868 0.0758086
9.9991E-005 0.175948 0.823952
9.9991E-005 0.248425 0.751475
0.23849 0.719612 0.0418983
9.9991E-005 0.162328 0.837572
0.0294199 9.9991E-005 0.97048
0.0740953 0.92293 0.00297477
9.9991E-005 0.214765 0.785135
0.0159167 0.0214026 0.962681
9.9991E-005 0.345083 0.654817
9.9991E-005 0.136735 0.863165
0.08831 0.283892 0.627798
9.9991E-005 0.232669 0.767231
0.402199 0.318183 0.279618
9.9991E-005 0.255751 0.744149
9.9991E-005 0.345275 0.654625
9.9991E-005 0.0248668 0.975033
0.212256 0.622395 0.165349
0.0425285 0.582719 0.374753
0.0518542 0.617273 0.330873
9.9991E-005 0.272951 0.726949
0.0366639 0.709394 0.253943
9.9991E-005 0.194919 0.804981
9.9991E-005 0.547209 0.452691
0.00713492 0.31881 0.674055
0.0176779 0.358391 0.623931
0.275183 0.506018 0.218799
0.0132731 0.340815 0.645912
0.923821 0.0596181 0.0165612
0.0363955 0.320485 0.643119
9.9991E-005 0.248321 0.751579
0.9998 9.999E-005 9.999E-005
0.904949 9.9991E-005 0.0949514
9.9991E-005 0.375975 0.623925
0.0422648 0.528467 0.429268
9.9991E-005 0.193081 0.806819
0.0758284 0.0486764 0.875495
0.00534311 0.396598 0.598059
0.00812919 9.9991E-005 0.991771
0.0486897 0.342342 0.608969
0.310943 0.572031 0.117026
9.9991E-005 0.329845 0.670055
0.0827607 9.9991E-005 0.917139
0.00778028 0.436003 0.556217
0.122122 0.784142 0.0937363
9.9991E-005 0.758201 0.241699
9.9991E-005 0.916607 0.0832925
9.9991E-005 0.207389 0.792511
0.343667 0.388052 0.268281
0.0332031 0.0909 0.875897
0.0270683 0.283047 0.689885
9.9991E-005 0.0772029 0.922697
9.9991E-005 0.239564 0.760336
0.0484664 0.32059 0.630943
9.9991E-005 0.416243 0.583657
9.9991E-005 0.426749 0.573151
0.00138042 0.766194 0.232425
9.9991E-005 0.874378 0.125522
0.058095 0.188103 0.753803
9.9991E-005 0.180573 0.819327
9.9991E-005 0.312567 0.687333
0.767904 9.9991E-005 0.231996
0.00319703 0.467968 0.528835
9.9991E-005 0.410148 0.589752
9.9991E-005 0.329462 0.670438
9.9991E-005 0.493796 0.506104
9.9991E-005 0.392507 0.607393
0.0625243 0.398753 0.538722
9.9991E-005 0.374618 0.625282
0.111782 0.0612547 0.826963
0.17112 0.550631 0.278249
0.053039 0.0213168 0.925644
0.0678196 0.202609 0.729572
0.00721321 0.296623 0.696164
0.0364019 0.952186 0.0114122
9.9991E-005 0.160931 0.838969
9.9991E-005 0.296211 0.703689
0.0986086 0.484385 0.417006
0.0215439 0.173298 0.805158
0.0433285 0.307541 0.649131
0.0227385 0.499996 0.477265
0.0380678 0.419637 0.542295
0.291253 0.557898 0.150849
0.00451645 0.493497 0.501987
9.9991E-005 0.368363 0.631537
0.0104506 0.19153 0.79802
9.9991E-005 0.462865 0.537035
0.0163153 0.440577 0.543107
9.9991E-005 0.346627 0.653273
0.089669 0.244057 0.666274
9.9991E-005 0.0566374 0.943263
9.9991E-005 0.329528 0.670372
0.00142136 0.17011 0.828469
0.00384045 0.824095 0.172064
0.0601231 0.281947 0.65793
0.0614152 0.311042 0.627543
9.9991E-005 0.864466 0.135434
0.00694847 0.260424 0.732628
0.0457286 0.308603 0.645668
9.9991E-005 0.340137 0.659763
9.9991E-005 0.246186 0.753714
9.9991E-005 0.312212 0.687688
9.9991E-005 0.897422 0.102478
9.9991E-005 0.0530389 0.946861
0.0657593 0.741532 0.192709
