0.0560898 0.0123521 9.9991E-005 0.0745026 0.0426997 0.499724 0.0629786 0.134379 0.117174
0.06992 0.0349729 0.147543 0.0556294 9.9991E-005 0.227819 0.0450869 0.345109 0.0738192
0.231063 0.0194868 9.9982E-005 0.0703712 9.9982E-005 0.23801 0.0170241 0.289151 0.134694
0.0732604 0.137584 0.10001 0.0866845 9.9982E-005 0.508409 0.0383293 0.0555232 9.9982E-005
9.9973E-005 0.0145909 0.0680703 0.0555331 9.9973E-005 0.659122 9.9973E-005 0.0752379 0.127146
0.0346903 0.824887 9.9964E-005 9.9964E-005 0.0330865 0.0704811 0.036455 9.9964E-005 9.9964E-005
9.9964E-005 9.9964E-005 9.9964E-005 0.0661569 9.9964E-005 0.368278 0.0578557 0.428951 0.0783592
9.9955E-005 0.871661 9.9955E-005 9.9955E-005 0.0538185 0.0394115 9.9955E-005 9.9955E-005 0.0346087
9.9964E-005 0.0594028 9.9964E-005 9.9964E-005 9.9964E-005 0.354233 0.0387158 0.293218 0.25403
0.149951 0.0109684 0.040968 0.143118 9.9982E-005 0.398867 9.9982E-005 0.12474 0.131189
0.130711 9.9982E-005 9.9982E-005 0.00798917 0.0270831 0.589847 0.0257279 0.178874 0.0395672
0.000710051 0.246656 0.0369907 0.0252504 9.9991E-005 0.417239 0.0706348 0.19885 0.00356868
0.0881643 9.9955E-005 9.9955E-005 0.0810586 9.9955E-005 0.297335 9.9955E-005 0.532942 9.9955E-005
0.0798314 0.0940609 0.00655273 9.9982E-005 9.9982E-005 0.571778 0.0192676 0.119332 0.108977
0.130353 0.613898 9.9964E-005 0.0262245 9.9964E-005 9.9964E-005 0.0167892 0.212336 9.9964E-005
0.186843 0.0542222 9.9973E-005 9.9973E-005 9.9973E-005 0.261178 0.0749962 0.312712 0.109749
0.0796517 0.151327 9.9973E-005 0.0522759 9.9973E-005 0.52557 0.157806 9.9973E-005 0.0330687
9.9973E-005 9.9973E-005 0.088182 0.0511972 0.100113 0.450111 0.028526 0.28157 9.9973E-005
0.0598764 0.0579751 9.9982E-005 0.0506695 9.9982E-005 0.478733 0.0790932 0.19249 0.0809631
0.202176 9.9973E-005 0.00999749 0.0423789 9.9973E-005 0.623265 0.0662034 9.9973E-005 0.0556801
9.9955E-005 9.9955E-005 9.9955E-005 0.0953487 9.9955E-005 0.573399 0.0123729 0.318379 9.9955E-005
0.123665 0.0735015 9.9982E-005 0.048967 9.9982E-005 0.467176 0.101888 0.041538 0.143064
0.175569 9.9973E-005 9.9973E-005 0.00764084 9.9973E-005 0.533977 0.100453 0.116648 0.0654111
0.32756 0.546882 9.9964E-005 0.0602451 9.9964E-005 9.9964E-005 9.9964E-005 0.000982603 0.0639305
9.9973E-005 9.9973E-005 0.025881 0.136739 0.0320367 0.487766 9.9973E-005 0.204942 0.112335
9.9973E-005 0.674334 0.128907 0.0266281 9.9973E-005 0.0878423 0.0261357 0.0558532 9.9973E-005
0.155711 0.423529 9.9982E-005 0.0165174 0.0624332 0.30196 0.0329917 9.9982E-005 0.00665833
9.9964E-005 0.327123 9.9964E-005 0.0310715 9.9964E-005 0.625062 0.0143824 0.0019606 9.9964E-005
0.173165 0.618128 9.9964E-005 0.0732119 9.9964E-005 0.0432131 9.9964E-005 9.9964E-005 0.0918825
0.0176756 0.134957 0.0287487 0.0290848 9.9973E-005 0.769974 9.9973E-005 0.0192601 9.9973E-005
0.135516 0.474749 9.9964E-005 9.9964E-005 9.9964E-005 0.129601 0.195673 0.0640618 9.9964E-005
9.9964E-005 9.9964E-005 9.9964E-005 0.159218 0.0112497 0.49089 9.9964E-005 0.227287 0.110956
0.230063 0.198693 0.000445476 9.9982E-005 9.9982E-005 0.42549 0.0420079 0.0306166 0.0724841
9.9955E-005 0.862885 9.9955E-005 9.9955E-005 0.0385366 0.0608065 9.9955E-005 0.037272 9.9955E-005
0.0345101 0.797494 0.0329439 9.9964E-005 0.0374516 9.9964E-005 9.9964E-005 9.9964E-005 0.0972006
9.9973E-005 0.10854 9.9973E-005 0.0238601 9.9973E-005 0.361908 0.041197 0.414072 0.0501223
0.0236807 0.138142 0.0979001 9.9964E-005 9.9964E-005 0.669837 9.9964E-005 0.0700396 9.9964E-005
0.054778 9.9973E-005 0.199764 9.9973E-005 9.9973E-005 0.434268 0.0240932 0.204214 0.0825823
9.9955E-005 0.675975 0.0168945 0.144259 9.9955E-005 9.9955E-005 9.9955E-005 9.9955E-005 0.162372
0.1195 0.414679 0.0208706 0.0878713 0.0134052 0.0334036 0.14348 0.118723 0.0480681
0.114227 0.203084 0.161753 9.9973E-005 9.9973E-005 0.16073 0.0730033 0.286903 9.9973E-005
0.0675488 0.00317006 9.9973E-005 0.0539841 9.9973E-005 0.605875 0.0633981 0.205724 9.9973E-005
0.0521896 0.113333 0.0227785 9.9973E-005 9.9973E-005 0.489596 9.9973E-005 0.265541 0.0562616
9.9964E-005 0.528003 0.116667 9.9964E-005 9.9964E-005 0.0227927 9.9964E-005 0.243879 0.0882582
0.11032 9.9973E-005 9.9973E-005 0.0225767 0.113145 0.413618 9.9973E-005 0.258753 0.0812876
0.152202 9.9982E-005 0.151041 0.0202109 9.9982E-005 0.188504 0.0387794 0.350618 0.0984439
0.101975 0.0762462 0.0705767 0.0594509 9.9991E-005 0.505631 0.0416831 0.049072 0.0952652
0.15139 0.107235 0.025394 0.0843867 0.00205748 0.582839 0.0260954 9.9991E-005 0.0205024
0.158879 0.0486482 0.0480328 0.0854975 9.9991E-005 0.229244 0.103136 0.231806 0.094656
0.100672 0.505475 9.9973E-005 0.0721444 9.9973E-005 0.0361188 0.0807184 0.204572 9.9973E-005
0.0806478 0.00779358 9.9982E-005 0.0475109 9.9982E-005 0.483586 0.0461961 0.147789 0.186277
0.0350632 0.409354 9.9982E-005 0.0802793 0.119255 0.230515 9.9982E-005 0.0786043 0.0467287
0.0219495 0.0313484 0.0840482 0.0723323 9.9991E-005 0.259597 0.0136823 0.449469 0.0674738
0.102481 0.75994 0.0677393 0.0283796 9.9973E-005 9.9973E-005 9.9973E-005 0.0326061 0.00855405
0.131336 0.4644 9.9973E-005 9.9973E-005 9.9973E-005 0.243865 0.0833738 0.0285081 0.0482172
9.9964E-005 9.9964E-005 9.9964E-005 0.0720094 9.9964E-005 0.319017 0.0908878 0.378492 0.139193
0.0721064 9.9973E-005 9.9973E-005 0.072802 9.9973E-005 0.633595 0.0893517 0.0252189 0.106627
0.150043 0.158043 0.0311105 9.9973E-005 9.9973E-005 0.496466 0.137075 9.9973E-005 0.0269631
0.190607 0.342486 0.00445001 9.9973E-005 9.9973E-005 0.293574 0.04271 9.9973E-005 0.125873
9.9955E-005 0.290616 9.9955E-005 0.0105376 9.9955E-005 0.606168 9.9955E-005 9.9955E-005 0.0921792
0.133821 0.786789 9.9955E-005 9.9955E-005 0.0354741 9.9955E-005 0.0434157 9.9955E-005 9.9955E-005
0.124103 0.83244 9.9955E-005 0.034062 0.00889464 9.9955E-005 9.9955E-005 9.9955E-005 9.9955E-005
0.00713464 0.0326536 9.9982E-005 0.0277656 0.124999 0.505685 9.9982E-005 0.278747 0.0228152
0.114123 0.875683 9.9946E-005 0.00959391 9.9946E-005 9.9946E-005 9.9946E-005 9.9946E-005 9.9946E-005
0.0591989 9.9964E-005 9.9964E-005 0.051975 9.9964E-005 0.535753 0.215728 0.136946 9.9964E-005
9.9973E-005 0.818506 0.1044 0.0268745 9.9973E-005 0.0213601 0.00702165 0.021538 9.9973E-005
0.026777 9.9982E-005 0.0785279 0.00770363 9.9982E-005 0.603644 0.0603786 0.0780113 0.144758
0.260607 0.116313 9.9973E-005 0.0379226 9.9973E-005 0.160661 0.0778309 0.346365 9.9973E-005
0.135903 9.9973E-005 0.06717 9.9973E-005 9.9973E-005 0.431204 0.074023 0.21051 0.0808905
0.106405 0.711295 9.9973E-005 0.0437892 0.0778213 0.0319671 9.9973E-005 0.0284225 9.9973E-005
0.175512 9.9982E-005 0.0950232 0.0211211 9.9982E-005 0.207731 0.091566 0.133685 0.275162
0.108503 0.0463604 9.9982E-005 0.0685497 9.9982E-005 0.368219 0.0031912 0.288397 0.116579
0.183486 0.279388 0.0332941 0.0331274 9.9982E-005 0.285682 0.134627 9.9982E-005 0.0501955
0.0954625 9.9982E-005 9.9982E-005 0.0828769 0.00170269 0.403879 0.13345 0.271344 0.0110849
0.0895973 0.052125 0.0961335 9.9982E-005 9.9982E-005 0.300993 0.11177 0.270818 0.0783626
0.0314326 0.343565 0.04748 0.0549007 9.9991E-005 0.369051 0.0321423 0.0522173 0.0691113
0.0437372 9.9982E-005 0.0591809 0.0790078 9.9982E-005 0.610913 0.00292717 0.165268 0.0387652
0.168042 0.16202 0.216424 0.0290775 9.9982E-005 0.248204 9.9982E-005 0.0370442 0.138988
0.287981 0.100929 9.9973E-005 0.00026343 0.0593243 0.325403 9.9973E-005 0.225799 9.9973E-005
9.999E-005 0.0165454 0.0816176 0.0489966 0.00452836 0.369265 0.0179933 0.316874 0.14408
0.158733 9.9973E-005 9.9973E-005 0.178272 9.9973E-005 0.25642 0.131434 0.150899 0.123943
0.155167 0.015964 0.0575157 9.9982E-005 0.0082444 0.521829 9.9982E-005 0.128284 0.112796
0.214636 0.0154289 0.029747 0.078582 9.9991E-005 0.490667 0.0836561 0.0787362 0.00844709
0.0914261 9.9973E-005 0.110065 0.0682071 9.9973E-005 0.60888 9.9973E-005 0.0991063 0.022015
0.0296748 9.9973E-005 9.9973E-005 0.1705 9.9973E-005 0.47861 0.019673 0.283456 0.0177868
0.192704 0.0825415 9.9982E-005 0.0100064 9.9982E-005 0.173197 0.200335 0.312648 0.0283675
0.0809032 0.3216 0.0853102 0.0338116 9.9982E-005 0.193912 9.9982E-005 0.238699 0.0455634
0.171079 0.277258 9.9973E-005 0.0831744 0.0269013 0.377115 9.9973E-005 9.9973E-005 0.0641732
0.03603 0.78944 9.99551E-005 9.99551E-005 9.99551E-005 9.99551E-005 0.0577884 0.116242 9.99551E-005
0.0725005 0.267854 0.100273 0.0389636 0.0168043 0.402607 9.9982E-005 9.9982E-005 0.100798
0.336778 0.0197477 0.107113 9.9991E-005 0.0273937 0.240738 0.0376724 0.148339 0.0821174
0.0904131 0.524477 0.0725147 0.0317665 0.0287106 0.121071 9.9982E-005 0.130846 9.9982E-005
0.0842986 0.0273295 9.9973E-005 9.9973E-005 9.9973E-005 0.654861 0.0593739 0.121327 0.05251
9.9946E-005 0.22247 9.9946E-005 9.9946E-005 9.9946E-005 0.659435 9.9946E-005 9.9946E-005 0.117495
0.111646 0.49959 9.99551E-005 9.99551E-005 9.99551E-005 0.283497 0.104767 9.99551E-005 9.99551E-005
0.0552075 0.801359 9.9946E-005 9.9946E-005 9.9946E-005 9.9946E-005 0.142834 9.9946E-005 9.9946E-005
0.0812932 0.0785406 0.171514 0.013948 9.9991E-005 0.312607 0.00248305 0.32063 0.0188851
0.206499 0.0684338 9.9973E-005 0.130726 9.9973E-005 0.251974 9.9973E-005 0.292762 0.0493055
0.203995 0.0284258 0.0209658 0.109131 9.9982E-005 0.374194 0.145805 9.9982E-005 0.117284
9.9955E-005 0.261239 9.9955E-005 9.9955E-005 9.9955E-005 0.581982 0.0803555 9.9955E-005 0.0759237
0.262149 0.402768 9.9964E-005 9.9964E-005 9.9964E-005 0.01748 0.111644 0.205559 9.9964E-005
0.0304059 0.0210375 0.0412275 0.0258793 9.9973E-005 0.424612 9.9973E-005 0.456538 9.9973E-005
0.172582 9.9973E-005 9.9973E-005 0.0763267 0.0115849 0.294633 9.9973E-005 0.390731 0.0538414
0.0379732 9.9982E-005 0.103016 0.00872379 9.9982E-005 0.591558 0.0936613 0.0327449 0.132123
0.0979206 9.9982E-005 0.0268928 0.0307777 9.9982E-005 0.444208 0.0175248 0.18596 0.196516
0.157554 0.708184 9.9955E-005 9.9955E-005 9.9955E-005 9.9955E-005 9.9955E-005 0.104 0.0297623
0.11932 0.43157 9.9973E-005 0.154605 9.9973E-005 0.106006 0.0935813 9.9973E-005 0.0946183
0.089808 9.9964E-005 9.9964E-005 0.0534069 9.9964E-005 0.504433 9.9964E-005 0.138512 0.21344
0.0256497 0.0529695 9.9973E-005 9.9973E-005 9.9973E-005 0.307315 0.0171037 0.334403 0.262259
0.0243637 9.9973E-005 0.063287 9.9973E-005 9.9973E-005 0.50467 0.0021756 0.327959 0.0772446
0.0908914 0.466413 9.9964E-005 9.9964E-005 0.0218023 0.102063 9.9964E-005 0.318431 9.9964E-005
0.0247672 0.896254 9.9946E-005 9.9946E-005 9.9946E-005 9.9946E-005 0.0783791 9.9946E-005 9.9946E-005
0.127914 0.398728 9.9964E-005 9.9964E-005 0.0256014 0.438283 0.0090731 9.9964E-005 9.9964E-005
9.9964E-005 9.9964E-005 0.000199061 9.9964E-005 0.00272091 0.374676 0.0168391 0.605165 9.9964E-005
0.0743821 0.119028 0.053199 0.0486702 9.9982E-005 0.529672 0.0840466 0.090802 9.9982E-005
0.0211858 0.015869 0.135312 0.0502 9.9991E-005 0.278729 0.0730408 0.221629 0.203934
0.165377 9.9973E-005 0.031499 9.9973E-005 9.9973E-005 0.574107 0.0637289 0.13476 0.0302284
9.99371E-005 0.941971 9.99371E-005 9.99371E-005 9.99371E-005 9.99371E-005 9.99371E-005 9.99371E-005 0.0573291
9.9973E-005 9.9973E-005 9.9973E-005 0.0336981 0.00353232 0.684415 0.104555 0.147922 0.0255767
0.237597 9.9973E-005 0.0261771 9.9973E-005 0.0182071 0.467023 9.9973E-005 0.0906402 0.160056
9.9973E-005 0.0738381 9.9973E-005 0.083946 9.9973E-005 0.333165 0.0639748 0.435682 0.00909349
0.0958466 0.565996 9.9964E-005 9.9964E-005 9.9964E-005 0.18784 0.0578286 0.0920884 9.9964E-005
0.0970539 9.9955E-005 0.115458 9.9955E-005 9.9955E-005 0.659002 9.9955E-005 0.127986 9.9955E-005
0.119596 0.0459955 9.9982E-005 0.0429958 0.016955 0.296187 9.9982E-005 0.401715 0.0763558
9.9982E-005 9.9982E-005 0.0463051 0.00367717 0.0186645 0.507376 0.0349737 0.2692 0.119604
0.0565185 0.0551882 0.190178 0.00187718 9.9991E-005 0.393996 0.126129 0.17391 0.00210255
0.0676657 0.588202 0.089165 9.9964E-005 9.9964E-005 0.154655 0.0999127 9.9964E-005 9.9964E-005
0.177616 0.815942 9.99461E-005 9.99461E-005 0.00584257 9.99461E-005 9.99461E-005 9.99461E-005 9.99461E-005
0.187773 9.9973E-005 0.051987 9.9973E-005 9.9973E-005 0.195035 0.0116947 0.429537 0.123673
0.102577 9.9982E-005 0.000583281 0.137566 9.9982E-005 0.181362 0.091618 0.390063 0.0960303
9.9982E-005 0.0555687 0.0448591 0.0867769 9.9982E-005 0.405606 0.049322 0.341026 0.0166415
0.0285574 9.9991E-005 0.0328749 0.14441 0.0121836 0.209867 0.0234147 0.519562 0.0290303
0.106767 0.396881 0.0595905 0.0275581 9.9982E-005 0.286127 9.9982E-005 0.0732108 0.0496653
0.0540064 0.0611037 0.0214232 0.041949 0.185602 0.402973 9.9991E-005 0.115711 0.117131
9.9973E-005 0.159315 0.103812 0.00302388 9.9973E-005 0.657068 9.9973E-005 0.0304979 0.0459826
0.999201 9.993E-005 9.993E-005 9.993E-005 9.993E-005 9.993E-005 9.993E-005 9.993E-005 9.993E-005
0.0805244 0.543922 0.0410126 9.9973E-005 9.9973E-005 0.129323 0.0198352 9.9973E-005 0.185083
0.0481452 0.285365 0.0331841 0.00244833 0.00633933 0.310673 9.9991E-005 0.22548 0.0882647
0.999201 9.993E-005 9.993E-005 9.993E-005 9.993E-005 9.993E-005 9.993E-005 9.993E-005 9.993E-005
0.0997661 0.521482 9.9973E-005 9.9973E-005 9.9973E-005 0.0956844 0.171809 0.0602393 0.0507191
9.9946E-005 0.166794 9.9946E-005 9.9946E-005 9.9946E-005 0.590891 9.9946E-005 0.241715 9.9946E-005
0.121709 0.341312 0.0496815 0.0524589 9.9991E-005 0.16869 0.223062 0.0425285 0.00045843
9.9964E-005 0.23284 9.9964E-005 0.0807907 9.9964E-005 0.157194 9.9964E-005 0.473354 0.0554219
0.229878 0.175331 9.9973E-005 0.100782 9.9973E-005 0.151622 9.9973E-005 0.264564 0.0775225
9.9964E-005 0.675324 0.0172453 9.9964E-005 0.00980787 9.9964E-005 0.134048 0.163175 9.9964E-005
0.00886999 0.321374 0.0304854 0.0462719 9.9982E-005 0.298811 9.9982E-005 0.1853 0.108688
0.199431 0.195139 0.136143 9.9973E-005 9.9973E-005 0.313277 9.9973E-005 0.123408 0.0323022
0.130171 9.9982E-005 0.162434 0.0186377 9.9982E-005 0.374719 0.0551122 0.144115 0.114611
9.9973E-005 9.9973E-005 0.0224513 0.0831583 9.9973E-005 0.270486 0.209675 0.297842 0.116088
0.0822853 9.9991E-005 0.00131356 0.132646 0.0796682 0.391601 0.0262868 0.136043 0.150056
0.109156 0.0075328 9.9973E-005 0.174524 9.9973E-005 0.295046 9.9973E-005 0.317413 0.0960285
0.0353682 0.276592 9.9982E-005 0.0647978 0.0519867 0.493945 9.9982E-005 0.00873735 0.0683737
9.9973E-005 0.702106 9.9973E-005 0.0213083 9.9973E-005 0.169909 0.0626172 0.0129499 0.0308101
0.0143561 0.387572 9.9964E-005 0.0849017 9.9964E-005 0.372438 9.9964E-005 9.9964E-005 0.140333
0.253608 9.9982E-005 0.0762773 0.0937845 0.012174 0.33005 0.023287 0.210619 9.9982E-005
0.134929 9.9982E-005 0.075384 0.00947122 0.0105061 0.355374 0.041208 0.372927 9.9982E-005
0.0862363 0.816356 9.9955E-005 0.0759598 0.020948 9.9955E-005 9.9955E-005 9.9955E-005 9.9955E-005
0.10032 9.9964E-005 9.9964E-005 9.9964E-005 0.107102 0.328626 9.9964E-005 0.333552 0.13
0.0668728 9.9982E-005 0.0188528 0.0754209 9.9982E-005 0.372687 0.154525 0.228524 0.082918
0.0397303 0.151464 9.9982E-005 0.0422334 9.9982E-005 0.256783 0.0965416 0.34848 0.064568
0.267581 9.9973E-005 0.108143 0.0582146 9.9973E-005 0.474776 0.0294322 9.9973E-005 0.0615527
0.0711247 0.185748 9.9982E-005 0.00707857 9.9982E-005 0.199124 0.0396662 0.376088 0.120971
0.237475 0.0420927 0.158169 0.0280395 9.9973E-005 0.338322 0.195601 9.9973E-005 9.9973E-005
0.0815011 0.0162846 9.9973E-005 0.0703708 9.9973E-005 0.144678 0.108704 0.578161 9.9973E-005
0.052563 9.9982E-005 0.166335 0.0143801 9.9982E-005 0.543935 0.047835 0.131692 0.0430592
0.169785 9.9964E-005 9.9964E-005 0.0202674 9.9964E-005 0.536363 9.9964E-005 0.121021 0.152164
0.0678112 0.157663 0.046235 0.0682085 0.0618999 0.114698 0.0301499 0.453235 9.9991E-005
0.0661908 0.496221 0.0790808 9.9982E-005 9.9982E-005 0.180662 0.0453348 0.0623822 0.0699292
0.153902 0.27092 9.9973E-005 0.0159133 9.9973E-005 0.257264 0.0276873 0.274013 9.9973E-005
0.302158 0.0532442 0.011781 0.0666999 0.105875 0.344188 9.9991E-005 0.0735577 0.042397
0.141342 0.127085 0.0263775 9.9973E-005 9.9973E-005 0.255163 0.253581 0.196152 9.9973E-005
0.109243 0.127035 9.9982E-005 0.0854922 9.9982E-005 0.58689 0.0207837 0.0574244 0.0129311
0.0537495 0.938264 9.99461E-005 0.00738656 9.99461E-005 9.99461E-005 9.99461E-005 9.99461E-005 9.99461E-005
0.300804 0.0411002 9.9964E-005 9.9964E-005 9.9964E-005 0.224577 9.9964E-005 0.295614 0.137505
0.268693 0.307948 9.9964E-005 0.0752208 9.9964E-005 0.287869 9.9964E-005 9.9964E-005 0.0598694
0.295979 9.9964E-005 9.9964E-005 9.9964E-005 0.103027 0.182309 0.150302 0.267982 9.9964E-005
0.136363 0.229705 9.9982E-005 0.101802 9.9982E-005 0.306771 0.0329708 0.144246 0.0479417
0.00526876 0.536205 9.9982E-005 0.0208032 9.9982E-005 0.124047 0.0243665 0.176514 0.112595
0.0405419 0.422725 0.0862882 0.0320928 9.9991E-005 0.17769 0.0313295 0.151619 0.0576141
0.000397065 0.529769 9.9955E-005 9.9955E-005 9.9955E-005 0.337256 0.132078 9.9955E-005 9.9955E-005
0.0684263 9.9955E-005 9.9955E-005 0.0482793 9.9955E-005 0.515307 9.9955E-005 0.367488 9.9955E-005
0.116515 0.739983 0.0621883 0.0193889 9.9964E-005 9.9964E-005 9.9964E-005 0.061525 9.9964E-005
0.0780466 0.375204 0.0558205 0.0274081 9.9982E-005 0.311305 0.00683123 0.145184 9.9982E-005
0.0561388 0.0315456 9.9982E-005 0.0831121 9.9982E-005 0.389462 0.103491 0.267863 0.0681867
0.0448518 0.932637 9.99461E-005 0.0219113 9.99461E-005 9.99461E-005 9.99461E-005 9.99461E-005 9.99461E-005
0.189412 0.505495 9.9973E-005 0.0156531 9.9973E-005 0.171947 0.111875 9.9973E-005 0.00531821
0.156694 0.0528731 0.0231655 0.0451905 0.0069286 0.328445 0.0626186 0.270221 0.0538647
0.101194 0.389898 9.9973E-005 0.0582728 9.9973E-005 0.337859 0.0878039 9.9973E-005 0.0246729
0.120953 0.0757515 0.00586413 0.0136846 9.9982E-005 0.528866 9.9982E-005 0.161391 0.0932897
0.042741 9.9973E-005 9.9973E-005 9.9973E-005 0.0212693 0.588511 0.0568906 0.15679 0.133498
9.9982E-005 0.291335 0.0504976 0.136454 9.9982E-005 0.224699 0.018651 0.130554 0.147611
0.0982345 9.9964E-005 9.9964E-005 0.0128568 9.9964E-005 0.559659 0.091467 0.237383 9.9964E-005
0.071643 9.9946E-005 9.9946E-005 9.9946E-005 9.9946E-005 0.553948 9.9946E-005 0.373809 9.9946E-005
0.11136 0.0301936 0.128453 9.9982E-005 0.00772276 0.409258 0.107627 0.205186 9.9982E-005
0.13983 0.208203 9.9982E-005 0.0972675 9.9982E-005 0.0805072 0.0541987 0.203086 0.216708
9.9973E-005 0.216003 0.0482633 0.0499784 0.0223016 0.558597 9.9973E-005 0.104556 9.9973E-005
0.0308675 9.9991E-005 0.0754832 0.0717297 0.0362298 0.407551 0.0716123 0.239171 0.0672557
0.0990127 0.123582 9.9982E-005 0.099173 0.0184994 0.509194 9.9982E-005 0.103624 0.0467146
0.185259 9.9982E-005 0.0114576 0.000513679 0.121648 0.272821 0.0873448 0.320756 9.9982E-005
0.195371 9.9982E-005 0.0514903 0.0231233 9.9982E-005 0.335265 0.00974925 0.339419 0.0453822
0.131845 0.266089 0.157135 0.111908 9.9973E-005 0.180775 9.9973E-005 0.151948 9.9973E-005
0.092287 9.9964E-005 9.9964E-005 0.0302669 0.00757995 0.378268 9.9964E-005 0.491198 9.9964E-005
0.108338 0.0551748 0.0169978 0.0247654 9.9991E-005 0.204249 0.017803 0.333156 0.239416
0.105545 0.0270477 0.125696 0.0974895 0.110343 0.258394 0.0275932 0.156282 0.09161
0.0381464 9.9982E-005 9.9982E-005 0.098304 0.231512 0.34767 0.0267413 0.201408 0.0560186
0.0546508 0.25758 0.154751 0.065365 9.9982E-005 0.239131 0.0948378 9.9982E-005 0.133485
9.9964E-005 9.9964E-005 9.9964E-005 0.0376907 9.9964E-005 0.534094 0.141619 0.162585 0.123611
0.185872 0.188776 9.9982E-005 0.0443229 0.0089997 0.274613 9.9982E-005 0.277958 0.0192579
0.145227 9.9982E-005 0.0405593 0.0594111 9.9982E-005 0.380242 0.0241798 0.299869 0.0503121
0.0342313 9.9973E-005 0.0849935 0.0860931 9.9973E-005 0.470259 9.9973E-005 0.213757 0.110366
0.137612 9.9973E-005 9.9973E-005 0.0612867 0.0196325 0.41875 9.9973E-005 0.258191 0.104228
0.013905 0.3392 0.110286 0.0270788 9.9982E-005 0.261657 0.122755 0.12492 9.9982E-005
0.0993833 0.378656 0.0310219 0.00236852 9.9982E-005 0.24193 0.0777145 0.168725 9.9982E-005
0.0625329 9.9973E-005 0.0334833 0.0528799 9.9973E-005 0.736739 9.9973E-005 0.109302 0.00476275
0.0533884 9.9982E-005 0.0963759 9.9982E-005 0.00200299 0.401411 0.0151768 0.306717 0.124727
0.0409532 9.9991E-005 0.00672359 0.0471217 0.0210079 0.567087 0.0745839 0.238405 0.00401805
0.208701 9.9982E-005 9.9982E-005 0.0630732 0.0257695 0.449281 0.0594068 0.138863 0.0547061
0.355161 0.256379 9.9973E-005 0.00311482 9.9973E-005 0.227088 9.9973E-005 0.133851 0.0241071
0.320523 0.134635 0.0563192 0.0485199 9.9982E-005 0.138314 0.0950952 0.206393 9.9982E-005
0.0193554 9.9991E-005 0.0688985 0.0236023 0.0171992 0.263215 0.177943 0.347105 0.0825822
0.183713 0.480975 0.0821373 0.040627 9.9982E-005 9.9982E-005 0.0613567 0.0430574 0.107934
9.9964E-005 0.169594 0.0115928 9.9964E-005 9.9964E-005 0.381517 0.0169361 0.41996 9.9964E-005
0.301054 0.0810374 0.0916353 9.9991E-005 0.0101225 0.302073 0.0653447 0.0872799 0.0613526
9.9964E-005 0.74546 9.9964E-005 0.0534074 9.9964E-005 9.9964E-005 0.115874 0.0739488 0.0109103
0.188842 9.9964E-005 0.0514098 9.9964E-005 9.9964E-005 0.284563 9.9964E-005 0.318413 0.156372
0.213379 9.9955E-005 9.9955E-005 0.112406 9.9955E-005 0.332911 9.9955E-005 0.340805 9.9955E-005
0.107525 0.00537767 9.9964E-005 9.9964E-005 9.9964E-005 0.694115 9.9964E-005 0.13681 0.0557725
9.9973E-005 9.9973E-005 0.139346 0.0735019 9.9973E-005 0.459986 0.0725067 0.0877076 0.166653
0.162112 9.9982E-005 9.9982E-005 0.00671906 0.0939872 0.338322 0.100388 0.226722 0.0715497
0.232054 9.9964E-005 9.9964E-005 0.0772842 9.9964E-005 0.350838 9.9964E-005 0.226373 0.113051
0.0103037 9.9964E-005 9.9964E-005 0.0674661 9.9964E-005 0.462514 9.9964E-005 0.453934 0.0053818
0.127152 9.9982E-005 0.0861039 0.0915478 9.9982E-005 0.543333 0.0876047 0.0472991 0.0167595
0.0978576 0.19083 0.060499 0.0156433 9.9991E-005 0.132853 0.0154601 0.464166 0.0225907
0.0730752 9.9982E-005 0.0293109 0.0384547 9.9982E-005 0.355886 0.0886507 0.359052 0.0553702
0.162123 9.9964E-005 0.06789 0.110483 9.9964E-005 0.453315 9.9964E-005 0.20579 9.9964E-005
0.374674 0.0962269 0.0726507 0.0151871 0.0156649 0.248033 9.9982E-005 0.177364 9.9982E-005
0.111535 9.9982E-005 0.0413614 0.0467821 9.9982E-005 0.276226 0.196718 0.182674 0.144504
0.139356 9.9973E-005 0.00697963 9.9973E-005 9.9973E-005 0.407655 0.113093 0.274239 0.0583772
0.00946563 0.347421 0.0635794 0.00226748 9.9982E-005 0.421282 9.9982E-005 0.114697 0.0410868
0.192158 0.255113 9.9973E-005 0.0140741 9.9973E-005 0.335347 0.197785 9.9973E-005 0.00522338
0.0269703 0.0122794 0.0220025 0.0658139 9.9991E-005 0.743104 0.00646711 0.0815778 0.041685
0.0599143 0.562611 9.9973E-005 0.0725758 9.9973E-005 0.166326 9.9973E-005 0.131064 0.00720955
0.185164 9.9973E-005 0.157526 0.00897516 9.9973E-005 0.471463 9.9973E-005 0.173934 0.00263837
0.122734 0.350752 0.0145213 9.9973E-005 9.9973E-005 0.45606 9.9973E-005 0.00793106 0.0477011
9.9973E-005 9.9973E-005 0.0148071 0.0374524 0.04702 0.465734 9.9973E-005 0.270241 0.164446
0.30272 0.150164 9.9973E-005 0.0964578 9.9973E-005 0.12591 0.176611 9.9973E-005 0.147837
0.156381 0.270767 9.9973E-005 0.0200301 0.119268 0.429525 9.9973E-005 9.9973E-005 0.00372928
0.162832 0.491234 9.9973E-005 0.0659313 9.9973E-005 0.0741866 9.9973E-005 0.0533096 0.152207
9.9964E-005 0.0606255 9.9964E-005 0.0448106 9.9964E-005 0.373954 9.9964E-005 0.471136 0.0490743
0.213375 9.9973E-005 9.9973E-005 0.00410333 9.9973E-005 0.511679 0.141799 0.109589 0.0191546
0.131327 0.345027 9.9973E-005 0.0121654 9.9973E-005 0.359931 9.9973E-005 0.13606 0.01519
0.0203535 0.0216991 0.0621687 0.0993462 9.9991E-005 0.232821 0.0341941 0.450068 0.0792486
0.0230806 9.9973E-005 9.9973E-005 0.0889497 0.0187136 0.628916 9.9973E-005 0.0489101 0.19113
9.9946E-005 0.863801 9.9946E-005 9.9946E-005 9.9946E-005 9.9946E-005 0.0738403 0.0617593 9.9946E-005
0.0757021 0.0343695 0.000891179 0.138508 9.9982E-005 0.476 9.9982E-005 0.248947 0.0253821
0.081085 9.9973E-005 9.9973E-005 0.0371601 9.9973E-005 0.415647 0.0248849 0.360749 0.0801746
0.0298396 0.0425056 0.0134691 0.0430674 9.9991E-005 0.65345 0.0325114 0.162826 0.0222311
0.0929822 0.0150315 0.0771211 0.087022 9.9991E-005 0.359477 0.0795643 0.27393 0.014772
0.0295037 0.00199328 0.0426969 0.0805786 9.9982E-005 0.532366 0.0342847 0.278377 9.9982E-005
0.012611 9.9964E-005 9.9964E-005 0.0702852 9.9964E-005 0.541607 9.9964E-005 0.281779 0.0933184
0.111186 0.0582563 0.169975 9.9964E-005 9.9964E-005 0.633369 0.0268139 9.9964E-005 9.9964E-005
0.0885484 0.0864947 0.0364159 0.0541213 9.9982E-005 0.578305 0.0541917 0.101723 9.9982E-005
0.0454575 0.526753 0.0748886 0.0164793 9.9982E-005 0.0797435 0.0756269 9.9982E-005 0.180851
0.11945 9.9973E-005 9.9973E-005 0.00364988 9.9973E-005 0.419483 0.0274623 0.358368 0.071286
0.0522692 9.9982E-005 0.0313975 9.9982E-005 0.018945 0.607125 0.0423116 0.224041 0.0237111
0.222855 0.100113 9.9973E-005 9.9973E-005 9.9973E-005 0.140144 0.133446 0.325827 0.0773143
0.11614 0.369405 0.059691 0.00864858 9.9973E-005 0.337548 0.108268 9.9973E-005 9.9973E-005
0.0765231 9.9982E-005 0.0644907 0.0756286 9.9982E-005 0.395706 0.0427485 0.162884 0.181819
0.114198 0.212435 9.9955E-005 0.118207 9.9955E-005 0.554661 9.9955E-005 9.9955E-005 9.9955E-005
9.9982E-005 0.00059224 0.0105017 0.0898255 9.9982E-005 0.548644 0.101428 0.186146 0.0626626
0.162143 0.32908 9.9973E-005 0.0543732 9.9973E-005 0.382936 0.0514992 9.9973E-005 0.0196691
0.184836 0.135845 0.0257021 0.0552981 0.0901431 0.378179 0.00803503 9.9991E-005 0.121862
0.132265 0.451688 9.9973E-005 0.0981591 9.9973E-005 0.193208 9.9973E-005 0.0290002 0.0953802
9.9982E-005 0.233015 0.0288234 0.00696136 9.9982E-005 0.423829 0.14716 0.08333 0.0766811
0.126176 0.0468602 0.0372148 9.9991E-005 0.0235978 0.184573 0.00841861 0.359253 0.213807
0.00745647 0.202007 0.0303224 0.0636143 9.9982E-005 0.488649 0.0978703 0.10988 9.9982E-005
0.132449 9.9973E-005 9.9973E-005 0.0567149 9.9973E-005 0.253893 0.132574 0.379667 0.0444014
0.122446 0.0318949 0.0665471 0.0194304 9.9991E-005 0.584548 0.0727484 0.0263575 0.075928
0.260497 9.9973E-005 0.0902782 0.0730626 9.9973E-005 0.287195 0.000707112 0.287959 9.9973E-005
0.26069 0.17807 9.9982E-005 0.0794747 9.9982E-005 0.316503 0.120109 0.0316891 0.0132635
0.23328 0.0163163 9.9982E-005 0.0135892 0.00915738 0.326195 9.9982E-005 0.314336 0.0869261
0.0635478 9.9973E-005 0.0285499 0.0970516 9.9973E-005 0.222868 9.9973E-005 0.479684 0.107999
0.111013 9.9973E-005 0.0687527 0.0472773 0.00872309 0.58164 9.9973E-005 0.182293 9.9973E-005
0.00263636 0.608623 0.116475 0.00909004 9.9982E-005 0.143509 9.9982E-005 0.0343379 0.0851278
9.9955E-005 0.853123 0.0485758 0.0947767 9.9955E-005 9.9955E-005 0.00302437 9.9955E-005 9.9955E-005
0.0887616 0.106929 0.121149 0.0928895 0.0125031 0.460574 9.9991E-005 0.112014 0.00508049
0.104263 0.080361 0.100254 0.0180051 0.0310849 0.258961 0.017069 0.389901 9.9991E-005
0.274052 0.057747 9.9991E-005 0.0842434 0.076224 0.182552 0.00987092 0.237488 0.0777227
0.133338 0.217202 9.9982E-005 0.0522251 9.9982E-005 0.257956 0.0221428 0.298266 0.0186703
0.0177859 0.195714 0.153994 0.0261164 0.0192124 0.3566 0.08334 0.0503763 0.0968609
0.0916435 0.062537 0.123741 0.13249 9.9991E-005 0.434944 0.0537603 0.0786457 0.0221386
0.173437 9.9973E-005 0.0467768 0.0576105 9.9973E-005 0.275424 0.0488242 0.397628 9.9973E-005
0.0113202 9.9964E-005 9.9964E-005 9.9964E-005 0.0221288 0.283401 9.9964E-005 0.580954 0.101796
0.0414258 0.000534549 0.0820774 9.9982E-005 9.9982E-005 0.494607 0.109992 0.169594 0.101569
9.9964E-005 9.9964E-005 0.0541819 0.0360998 0.10853 0.581052 9.9964E-005 0.219736 9.9964E-005
0.0518823 9.9973E-005 0.0470609 0.0664026 9.9973E-005 0.80572 0.0151857 9.9973E-005 0.0134486
0.088607 9.9973E-005 0.0890978 9.9973E-005 9.9973E-005 0.625984 0.0817943 0.0633035 0.0509134
0.359275 9.9964E-005 0.0399552 9.9964E-005 9.9964E-005 0.254022 0.203391 9.9964E-005 0.142957
0.0142466 9.9973E-005 9.9973E-005 0.0510755 0.104944 0.437119 9.9973E-005 0.290309 0.102006
0.116992 0.0694753 0.0749606 0.117262 9.9991E-005 0.417451 0.0289296 0.115392 0.0594371
0.151047 0.0115469 0.0379445 0.0512437 0.0507675 0.273382 0.0435529 0.375131 0.00538456
0.000300149 0.0905477 0.0234756 0.122728 9.9982E-005 0.401855 9.9982E-005 0.317132 0.0437614
0.0518194 0.113658 0.0483052 0.115267 9.9982E-005 0.598863 0.0155397 9.9982E-005 0.0563477
9.9964E-005 0.554219 0.0615275 9.9964E-005 9.9964E-005 0.147771 0.136155 9.9964E-005 0.0999274
0.0846027 0.420082 0.0713284 0.0463076 9.9982E-005 0.126657 9.9982E-005 0.189125 0.0616971
9.9955E-005 0.82677 9.9955E-005 9.9955E-005 9.9955E-005 0.0100046 0.133015 0.0297102 9.9955E-005
0.0753124 0.025166 0.0999964 0.0793828 9.9982E-005 0.538286 9.9982E-005 0.178876 0.0027801
0.0363281 0.745295 0.130383 9.9955E-005 9.9955E-005 0.0874946 9.9955E-005 9.9955E-005 9.9955E-005
0.237351 0.669409 0.0142049 9.9955E-005 9.9955E-005 9.9955E-005 0.0785352 9.9955E-005 9.9955E-005
0.0960316 9.9973E-005 0.109923 0.0796519 9.9973E-005 0.296526 0.049625 0.367942 9.9973E-005
0.027363 9.9991E-005 0.024471 0.197864 0.00702573 0.569439 0.0535791 0.0340053 0.0861521
0.0679578 0.00157218 0.0510016 0.150399 9.9991E-005 0.392638 0.00556218 0.250449 0.0803198
0.0504652 0.78608 9.9955E-005 9.9955E-005 0.0475959 0.115359 9.9955E-005 9.9955E-005 9.9955E-005
0.138304 9.9973E-005 9.9973E-005 0.0344698 0.0419447 0.577579 9.9973E-005 0.192446 0.0149569
0.139782 0.380656 0.090743 0.043322 9.9982E-005 0.124157 0.104652 0.116488 9.9982E-005
0.122944 9.9973E-005 0.218577 0.113964 9.9973E-005 0.357296 9.9973E-005 0.00731736 0.179601
0.00277329 0.74186 0.00551749 9.9964E-005 9.9964E-005 9.9964E-005 9.9964E-005 0.221662 0.0277869
0.110634 0.145205 0.0173765 0.176655 0.0732749 0.285261 9.9991E-005 0.133811 0.057682
0.0145498 0.0238458 0.115121 9.9973E-005 0.0134223 0.769934 9.9973E-005 0.0628273 9.9973E-005
9.9964E-005 9.9964E-005 9.9964E-005 0.0183031 9.9964E-005 0.579781 0.0372084 0.229022 0.135285
0.106174 9.9973E-005 9.9973E-005 0.0721691 9.9973E-005 0.459047 0.0111015 0.164637 0.186571
9.9955E-005 0.715176 9.9955E-005 0.0203776 9.9955E-005 0.161438 0.102509 9.9955E-005 9.9955E-005
0.177415 0.190255 9.9964E-005 0.128075 9.9964E-005 0.338823 9.9964E-005 0.165032 9.9964E-005
0.12668 0.359485 9.9982E-005 0.00582863 0.0751784 0.26542 0.0451278 9.9982E-005 0.12208
0.180999 9.9964E-005 0.0821744 0.148645 9.9964E-005 0.467362 0.12042 9.9964E-005 9.9964E-005
0.0560578 0.725181 0.0435947 0.0204755 0.00665389 0.135851 9.9982E-005 9.9982E-005 0.0119863
9.9973E-005 0.154512 9.9973E-005 0.0674018 0.150931 0.140198 9.9973E-005 0.352166 0.134492
0.0956117 0.318759 9.9982E-005 0.0604265 0.00623211 0.119397 0.0188352 0.380538 9.9982E-005
0.0496041 0.0158386 0.0657434 9.9973E-005 9.9973E-005 0.442846 9.9973E-005 0.121818 0.303851
0.108239 0.18899 9.9973E-005 9.9973E-005 9.9973E-005 0.125335 0.123477 0.341969 0.11169
9.9991E-005 0.538057 0.048457 0.0905805 0.0101388 0.238362 0.00529542 0.00747662 0.0615332
0.135895 9.9973E-005 0.146216 0.0159961 9.9973E-005 0.42375 0.0750941 9.9973E-005 0.202749
0.0500744 9.9982E-005 0.0913865 0.14098 9.9982E-005 0.387381 0.136487 0.172483 0.0210083
0.0490316 9.9973E-005 0.0542729 9.9973E-005 9.9973E-005 0.136936 0.0079715 0.692744 0.0587449
9.9964E-005 0.044382 0.0527759 9.9964E-005 9.9964E-005 0.342913 9.9964E-005 0.304876 0.254653
0.149947 0.404814 9.9964E-005 0.153591 9.9964E-005 0.0993799 9.9964E-005 9.9964E-005 0.191869
0.0509915 0.0549044 0.00911871 0.0248483 0.00946962 0.459064 9.9991E-005 0.292316 0.0991875
0.00841764 9.9973E-005 0.0573682 0.115444 9.9973E-005 0.51949 0.00239636 0.296584 9.9973E-005
0.0539491 9.9973E-005 0.0196777 0.071951 9.9973E-005 0.592664 9.9973E-005 0.151007 0.110451
0.137865 0.422943 9.9964E-005 0.0795193 9.9964E-005 0.243749 0.115524 9.9964E-005 9.9964E-005
0.129896 0.191587 9.9982E-005 0.0639338 9.9982E-005 0.220551 0.0639829 0.246771 0.0830775
0.00783761 0.0113561 0.0127528 0.0833409 9.9991E-005 0.51465 0.0476205 0.306837 0.0155051
0.216976 0.0821107 0.199505 9.9973E-005 9.9973E-005 9.9973E-005 0.0351057 0.329179 0.136824
0.132083 0.165666 0.0810095 0.0807128 9.9982E-005 0.252152 0.0425473 0.245629 9.9982E-005
0.136426 9.9982E-005 0.0171558 0.0313916 9.9982E-005 0.315048 0.161317 0.2029 0.135561
0.158519 0.341393 0.0754474 0.0687763 9.9982E-005 0.203152 0.0269577 0.125555 9.9982E-005
0.342247 0.0414946 0.0948148 9.9973E-005 0.0175471 0.311945 9.9973E-005 0.191652 9.9973E-005
0.0206654 0.458692 0.0609951 0.0276705 0.00539957 0.294193 0.0213208 0.0639742 0.0470884
9.9973E-005 9.9973E-005 9.9973E-005 0.0087201 0.00132741 0.547225 0.133734 0.202629 0.106065
0.0629188 9.9973E-005 0.0447194 0.0958377 9.9973E-005 0.54198 9.9973E-005 0.125508 0.128736
0.0501422 9.9964E-005 0.168353 9.9964E-005 9.9964E-005 0.69206 0.0679199 0.0211253 9.9964E-005
0.0166231 9.9973E-005 9.9973E-005 0.0596657 9.9973E-005 0.539544 0.00398085 0.192082 0.187804
0.15849 9.9973E-005 0.120713 0.0279919 9.9973E-005 0.441146 0.233457 9.9973E-005 0.0179034
0.168136 9.9973E-005 0.142403 0.0849227 9.9973E-005 0.481629 9.9973E-005 0.0562065 0.0664028
0.178844 0.296327 0.000428304 0.010195 9.9982E-005 0.234886 9.9982E-005 0.242947 0.0361726
0.203488 0.024129 9.9982E-005 0.0100003 9.9982E-005 0.262132 0.0290217 0.425324 0.045705
9.9964E-005 9.9964E-005 0.0930513 0.0628153 9.9964E-005 0.442798 9.9964E-005 0.363969 0.0369664
0.0214174 0.0487413 9.9982E-005 0.0573833 9.9982E-005 0.672934 0.0751344 0.0705322 0.0536569
0.199914 0.0716756 0.0325514 0.0999147 9.9991E-005 0.422005 0.0017504 0.0525064 0.119583
0.0894253 0.333745 9.9982E-005 0.0462435 0.123582 0.192673 0.0327354 0.181396 9.9982E-005
0.133916 9.9991E-005 0.14012 0.0439778 0.0636981 0.315837 0.0144119 0.193682 0.0942564
0.0267899 9.9991E-005 0.0543108 0.0388282 0.0354782 0.466104 0.117855 0.134444 0.12609
0.0558066 0.746234 0.0180288 0.00665059 9.9991E-005 0.00222371 0.0962817 0.0220909 0.0525835
0.0109529 0.608009 9.9973E-005 0.0545226 9.9973E-005 0.095281 9.9973E-005 0.108913 0.122021
0.0946161 9.9982E-005 0.133361 0.106463 9.9982E-005 0.404361 0.104225 0.138986 0.0177865
9.9982E-005 9.9982E-005 0.185261 0.00192936 0.202223 0.36367 0.0466917 0.0874838 0.112541
0.0677701 0.0207231 0.0454267 0.105714 0.355016 0.097919 0.153644 0.0720864 0.0817005
9.99811E-005 9.99811E-005 0.00492176 0.0628634 0.233742 9.99811E-005 0.159544 0.435728 0.1029
9.9973E-005 9.9973E-005 0.030635 0.0571383 0.0714197 0.516255 9.9973E-005 0.0890355 0.235217
9.9982E-005 9.9982E-005 0.176192 0.0110798 0.293013 0.228096 0.113778 0.0437944 0.133846
9.9982E-005 0.0163285 0.16062 9.9982E-005 0.201792 0.130312 0.232605 0.128759 0.129384
0.0764993 0.033256 9.9973E-005 9.9973E-005 0.518157 0.217585 9.9973E-005 0.0579462 0.0962567
9.9991E-005 0.0164582 0.21372 0.0445224 0.297782 0.0849016 0.0733288 0.114374 0.154813
9.9991E-005 0.0225157 0.0830093 0.058295 0.256568 0.0680762 0.0696263 0.392765 0.0490442
9.9973E-005 9.9973E-005 0.131864 9.9973E-005 0.0643947 0.0614447 0.206858 0.386969 0.14817
0.116156 9.9982E-005 9.9982E-005 0.0791426 0.175927 0.176139 0.191706 0.188439 0.072292
9.9973E-005 9.9973E-005 0.190323 9.9973E-005 0.271518 0.257104 0.0723246 0.0942891 0.114142
0.0085501 9.9991E-005 0.0368378 0.0501772 0.131689 0.311945 0.00932263 0.244338 0.20704
9.9991E-005 0.0108561 0.378434 0.0748515 0.0830075 0.0404255 0.00299069 0.321037 0.0882981
9.9982E-005 9.9982E-005 0.129564 0.00754969 0.316642 0.137011 0.0782732 0.235308 0.0954517
0.0072034 0.0608204 9.9973E-005 0.0647474 0.47662 9.9973E-005 0.146881 0.243428 9.9973E-005
0.0790637 9.9973E-005 9.9973E-005 0.0424868 0.24106 0.38092 0.049975 9.9973E-005 0.206194
0.0824907 9.9991E-005 0.0848455 0.0594305 0.198691 0.26984 0.137394 0.0880025 0.0792052
0.138287 0.710437 9.9973E-005 0.0738533 0.046555 9.9973E-005 0.0275175 9.9973E-005 0.00305059
0.064498 9.9982E-005 0.000408962 9.9982E-005 0.262169 0.385675 0.0874013 0.0467927 0.152855
0.00184469 0.0240751 0.168727 0.00648302 0.224303 0.112059 0.0856229 0.270747 0.106138
0.0606786 0.143744 0.0632607 9.9982E-005 9.9982E-005 0.496731 0.128438 0.0647592 0.0421892
9.9982E-005 0.0294908 0.15612 0.0122714 0.486466 0.0856638 0.19696 9.9982E-005 0.0328283
0.21043 9.9964E-005 0.285256 9.9964E-005 0.251619 9.9964E-005 0.225127 9.9964E-005 0.0271689
0.250348 0.0111034 0.010487 0.0285097 0.0969912 0.221512 0.0461968 0.197641 0.137211
9.9982E-005 0.0234224 0.130831 9.9982E-005 0.368347 0.201412 0.075903 0.171781 0.0281036
9.9982E-005 9.9982E-005 0.083023 0.0378487 0.240094 0.167676 0.116654 0.325089 0.0294151
0.0351262 9.9982E-005 0.0718023 0.126443 0.25025 0.124973 0.126466 0.26474 9.9982E-005
0.0128773 0.00676388 0.0778784 0.0589111 0.416487 0.117195 0.201991 0.107796 9.9991E-005
0.0303883 0.0300144 0.259493 0.0478043 0.222511 9.9991E-005 0.0383513 0.240786 0.130551
0.0141486 9.9991E-005 0.0866393 0.290587 0.400756 0.0320696 0.0877907 0.032981 0.054928
9.993E-005 9.993E-005 9.993E-005 9.993E-005 9.993E-005 9.993E-005 0.999201 9.993E-005 9.993E-005
0.0127689 0.00297399 0.185586 0.077724 0.223638 0.0602505 0.142217 0.14326 0.151581
9.9973E-005 9.9973E-005 0.0647772 0.184721 0.372697 0.160522 0.0284441 0.188539 9.9973E-005
0.101342 0.0782492 9.9982E-005 9.9982E-005 0.442835 0.0303264 0.0798614 0.188007 0.0791795
9.9955E-005 9.9955E-005 9.9955E-005 9.9955E-005 0.404441 9.9955E-005 0.0417632 0.466572 0.0867241
9.9973E-005 0.111295 0.15372 0.0672901 0.406555 0.145962 9.9973E-005 9.9973E-005 0.114878
9.9973E-005 9.9973E-005 0.138068 0.131492 9.9973E-005 0.148774 0.0549971 0.507873 0.0184948
0.0166512 9.9991E-005 0.0697328 0.0367876 0.357409 0.00718976 0.14557 0.212813 0.153747
0.00507973 9.9982E-005 0.143134 0.118802 0.286011 0.299821 0.0514702 0.0954824 9.9982E-005
9.9973E-005 0.0159689 9.9973E-005 9.9973E-005 0.299713 0.281934 0.166463 0.0481201 0.187502
0.0231395 9.9991E-005 0.131008 0.0540996 0.261258 0.269157 0.0178006 0.125571 0.117867
9.993E-005 9.993E-005 9.993E-005 9.993E-005 9.993E-005 9.993E-005 0.999201 9.993E-005 9.993E-005
0.0304254 0.0108417 0.167066 0.0567136 0.0162018 0.521913 0.00704513 0.121813 0.06798
9.9973E-005 9.9973E-005 0.136779 0.0730824 0.243068 0.288125 0.163457 9.9973E-005 0.0951879
0.163806 0.258994 9.9982E-005 0.0948278 0.0366124 0.186786 9.9982E-005 0.218755 0.0400196
0.0540466 9.9973E-005 0.1587 0.146767 9.9973E-005 0.0780255 0.0849277 0.477233 9.9973E-005
0.0729303 0.0389351 0.0493251 0.00951563 0.119918 0.497568 0.0183375 0.0514973 0.141973
0.0195947 0.0026176 9.9982E-005 9.9982E-005 0.385424 0.124489 0.14906 0.171424 0.147192
9.9982E-005 9.9982E-005 0.169178 0.0378242 0.235012 0.0518945 0.0759608 0.389567 0.0403633
9.9982E-005 0.0182754 0.269904 9.9982E-005 0.355136 0.0347279 0.151631 0.115185 0.0549405
0.0596977 9.9982E-005 0.130449 0.0391326 0.302131 0.358083 0.105539 0.00476669 9.9982E-005
9.9991E-005 0.0214389 0.170781 0.0126928 0.266232 0.146398 0.0581792 0.320725 0.00345291
9.9982E-005 0.0256839 0.157445 9.9982E-005 0.384039 0.074486 0.0786412 0.263477 0.0160276
0.0161904 9.9973E-005 0.104576 9.9973E-005 0.299248 0.361061 9.9973E-005 0.105263 0.113362
9.9964E-005 9.9964E-005 9.9964E-005 0.0581011 0.391442 9.9964E-005 0.347185 0.130014 0.0728581
0.0145332 9.9973E-005 9.9973E-005 9.9973E-005 0.21907 0.208297 0.357288 0.0570562 0.143456
9.993E-005 9.993E-005 9.993E-005 0.999201 9.993E-005 9.993E-005 9.993E-005 9.993E-005 9.993E-005
9.9982E-005 9.9982E-005 0.0139503 0.0810148 0.607045 0.0976984 0.0779511 0.114497 0.00764302
9.9982E-005 9.9982E-005 0.0619053 0.132276 0.407758 0.200793 0.0925322 0.0312061 0.0733293
9.9991E-005 0.0474569 0.266725 0.0743674 0.257602 0.0275625 0.0622577 0.171465 0.0924628
0.0175626 9.9991E-005 0.0798032 0.0476241 0.405995 0.0217841 0.0189486 0.286045 0.122137
0.0998161 9.9982E-005 0.0319202 0.0300042 0.0481429 0.489338 0.135611 0.164967 9.9982E-005
0.00319569 9.9982E-005 0.116946 0.163983 0.381316 0.0616013 9.9982E-005 0.232411 0.0403469
0.0423097 0.246737 0.0269816 0.0542025 0.092288 0.400622 9.9991E-005 0.13017 0.00658906
0.0205421 0.025632 0.259714 9.9991E-005 0.188911 0.244975 0.146689 0.0189597 0.094477
0.0595801 0.0209824 0.121913 0.0463581 0.438535 0.185967 0.0166743 0.0373836 0.0726059
0.171471 0.07919 0.0648285 0.118956 9.9982E-005 0.501307 0.02313 0.0409182 9.9982E-005
9.9991E-005 0.0428014 0.224601 0.0430335 0.204388 0.0805294 0.105423 0.222304 0.0768196
0.0158402 9.9982E-005 9.9982E-005 0.0814818 0.39693 0.144333 0.0707745 0.284673 0.00576802
