9.9982E-005 0.012042 0.0363973 9.9982E-005 0.050062 0.291875 0.324371 0.237189 0.0478633
0.0628763 0.114074 9.9982E-005 0.0174775 9.9982E-005 0.258033 0.199781 0.194658 0.152901
0.0654538 0.232039 9.9982E-005 0.0603304 0.0331112 0.0438788 0.382527 0.182459 9.9982E-005
9.9973E-005 0.024286 9.9973E-005 0.112031 9.9973E-005 0.371444 0.249748 0.14672 0.095471
9.9973E-005 0.0512088 9.9973E-005 0.0377572 0.0814999 0.291602 0.504531 9.9973E-005 0.0331015
9.9955E-005 0.216816 0.0457839 0.711735 0.0251654 9.9955E-005 9.9955E-005 9.9955E-005 9.9955E-005
0.0517938 0.137804 0.0287877 0.00146542 0.0224527 0.0939683 0.531049 0.106672 0.0260062
9.9955E-005 0.014854 9.9955E-005 0.868341 0.0286307 9.9955E-005 9.9955E-005 0.0876741 9.9955E-005
0.0534614 0.250376 9.9964E-005 9.9964E-005 0.212669 0.103963 0.37913 9.9964E-005 9.9964E-005
0.0125057 0.241895 9.9982E-005 9.9982E-005 0.0543639 0.018058 0.425095 0.0736178 0.174265
9.9964E-005 0.144248 9.9964E-005 9.9964E-005 0.0541637 0.369746 0.333984 0.0974588 9.9964E-005
9.9973E-005 0.202092 9.9973E-005 0.180091 0.0741956 0.111329 0.336453 9.9973E-005 0.0955395
0.0510318 0.122282 9.9973E-005 9.9973E-005 9.9973E-005 0.46769 0.249385 0.0514329 0.0578784
0.0232411 0.0536257 9.9982E-005 0.0680047 0.055424 0.271968 0.352449 0.175088 9.9982E-005
9.9964E-005 0.296839 9.9964E-005 0.513304 0.0218343 0.0674218 9.9964E-005 9.9964E-005 0.100201
0.169096 0.213846 9.9973E-005 9.9973E-005 0.0137196 0.169032 0.17067 0.263337 9.9973E-005
9.9973E-005 0.290769 9.9973E-005 0.101207 0.0520157 0.286688 0.14413 0.12489 9.9973E-005
0.180742 9.9955E-005 9.9955E-005 9.9955E-005 9.9955E-005 0.554008 0.196528 9.9955E-005 0.0682213
0.0182432 0.153999 9.9982E-005 9.9982E-005 0.0195413 0.498976 0.113111 0.15847 0.0374596
9.9973E-005 0.034091 9.9973E-005 9.9973E-005 0.0080396 0.148482 0.517045 0.253232 0.0388107
0.0166653 0.0758919 9.9964E-005 9.9964E-005 9.9964E-005 0.625639 0.235911 9.9964E-005 0.045493
9.9982E-005 0.157664 9.9982E-005 0.046917 0.0070054 0.32581 0.173575 0.227914 0.0609146
9.9964E-005 0.168156 9.9964E-005 9.9964E-005 0.108611 0.201594 0.307558 0.213681 9.9964E-005
9.9973E-005 0.190708 9.9973E-005 0.562221 0.0135641 9.9973E-005 0.0230745 0.16314 0.0469923
0.0696805 0.0358865 0.0300184 9.9991E-005 0.0657952 0.27403 0.481292 0.0376839 0.00551356
9.9955E-005 0.192749 9.9955E-005 0.567277 9.9955E-005 0.0934472 9.9955E-005 9.9955E-005 0.146027
0.0664298 0.209092 0.0282222 0.381662 0.00686866 0.110371 0.182131 0.0151227 9.9991E-005
9.9955E-005 0.0322801 9.9955E-005 0.278237 9.9955E-005 0.364138 0.324845 9.9955E-005 9.9955E-005
9.9973E-005 0.326419 9.9973E-005 0.535493 0.0412372 9.9973E-005 0.00899927 0.0687816 0.0187698
9.9955E-005 9.9955E-005 9.9955E-005 0.142046 9.9955E-005 0.289592 0.512744 0.0551182 9.9955E-005
0.0310643 0.166773 9.9973E-005 0.393457 0.0420176 0.20639 9.9973E-005 0.159999 9.9973E-005
0.0945776 0.0899542 9.9982E-005 0.0299233 9.9982E-005 0.31643 0.334744 0.117262 0.0169086
9.9982E-005 0.332531 0.00923755 0.135142 0.0639516 0.152876 0.146944 0.159117 9.9982E-005
9.9937E-005 9.9937E-005 9.9937E-005 0.809917 9.9937E-005 9.9937E-005 0.189383 9.9937E-005 9.9937E-005
0.154568 9.99371E-005 9.99371E-005 0.844732 9.99371E-005 9.99371E-005 9.99371E-005 9.99371E-005 9.99371E-005
0.166818 0.148593 9.9973E-005 0.114367 0.0379294 0.304009 0.227983 9.9973E-005 9.9973E-005
9.9955E-005 9.9955E-005 9.9955E-005 0.167309 9.9955E-005 0.319868 0.402262 9.9955E-005 0.110061
0.113824 0.117683 9.9973E-005 9.9973E-005 9.9973E-005 0.424061 0.167009 0.104843 0.0722796
9.9964E-005 9.9964E-005 9.9964E-005 0.679631 0.0150523 9.9964E-005 0.144427 0.0480244 0.112466
0.0229401 0.184581 0.0034422 0.375943 0.113506 0.191316 9.9991E-005 0.063582 0.0445903
0.0519847 0.307105 9.9982E-005 0.170702 0.00604043 0.3387 9.9982E-005 0.0113207 0.113947
9.9955E-005 0.372064 0.027653 9.9955E-005 9.9955E-005 0.421959 0.177824 9.9955E-005 9.9955E-005
0.051865 0.140887 9.9982E-005 0.105661 0.0600597 0.248602 0.338065 0.0546604 9.9982E-005
0.1342 0.0565348 9.9973E-005 0.538588 0.0313191 9.9973E-005 0.142891 9.9973E-005 0.0961674
9.9973E-005 0.170954 0.0999199 9.9973E-005 9.9973E-005 0.261519 0.262455 0.140269 0.0645831
0.120437 0.0588312 9.9982E-005 9.9982E-005 0.0371652 0.437843 0.0563121 0.157571 0.131641
9.9982E-005 0.139282 9.9982E-005 0.0497692 0.0691778 0.265802 0.331237 0.0922528 0.0522796
9.9982E-005 0.379947 0.0552206 0.0411172 9.9982E-005 0.236301 0.217091 0.015312 0.0548104
0.0318385 0.258261 9.9973E-005 9.9973E-005 0.0132185 9.9973E-005 0.450094 0.177331 0.0689572
0.0129505 0.309555 9.9991E-005 0.416191 0.0301458 0.0909062 0.0401624 0.0770338 0.0229557
0.00579836 0.0597119 0.0223722 9.9982E-005 0.0684657 0.115827 0.614783 0.112842 9.9982E-005
9.9982E-005 0.102767 0.0792805 0.368895 0.0527196 9.9982E-005 0.233651 0.0770831 0.0854044
9.9973E-005 0.304183 9.9973E-005 9.9973E-005 0.137265 0.294062 0.0620415 0.0723123 0.129836
0.130876 0.129002 9.9946E-005 0.739523 9.9946E-005 9.9946E-005 9.9946E-005 9.9946E-005 9.9946E-005
9.9982E-005 0.299805 9.9982E-005 0.345467 0.0734608 0.0842947 0.0870719 0.106394 0.00330657
0.0445776 9.9964E-005 9.9964E-005 9.9964E-005 0.0456918 0.228778 0.510897 0.169656 9.9964E-005
9.9964E-005 9.9964E-005 0.0654118 9.9964E-005 0.0653431 0.103934 0.560993 0.203918 9.9964E-005
9.9982E-005 0.054167 0.0161473 0.181365 0.081467 0.19035 0.34603 0.130274 9.9982E-005
9.99639E-005 0.295282 9.99639E-005 0.266275 9.99639E-005 0.13119 0.0613752 0.245478 9.99639E-005
9.9964E-005 0.0143571 9.9964E-005 0.29151 9.9964E-005 0.366006 0.290732 0.0369955 9.9964E-005
9.9964E-005 0.0558921 0.0888888 0.794409 9.9964E-005 0.0346189 9.9964E-005 0.0257917 9.9964E-005
9.9955E-005 0.209965 9.9955E-005 0.717081 0.0373434 9.9955E-005 9.9955E-005 9.9955E-005 0.0351105
0.0134973 0.0147789 0.0976325 0.0618136 9.9982E-005 0.274462 0.531518 0.00609782 9.9982E-005
9.99371E-005 0.113035 9.99371E-005 0.886265 9.99371E-005 9.99371E-005 9.99371E-005 9.99371E-005 9.99371E-005
9.9982E-005 0.27353 0.00322123 9.9982E-005 0.0500443 0.273242 0.273493 0.0959254 0.0303453
9.9955E-005 0.0154725 9.9955E-005 0.764226 9.9955E-005 9.9955E-005 0.0513404 9.9955E-005 0.168462
9.9973E-005 0.024329 9.9973E-005 9.9973E-005 0.0897843 0.359477 0.36138 0.0680015 0.0967285
0.0259578 0.251431 9.9991E-005 0.143377 0.00163572 0.0922738 0.236668 0.163108 0.0854485
0.0180002 0.139654 9.9973E-005 9.9973E-005 0.0796592 0.315586 0.15283 0.29397 9.9973E-005
9.9937E-005 0.448543 9.9937E-005 0.550757 9.9937E-005 9.9937E-005 9.9937E-005 9.9937E-005 9.9937E-005
0.125386 9.9973E-005 9.9973E-005 9.9973E-005 0.118726 0.326923 0.0232976 0.33823 0.0671383
0.170164 0.141875 9.9991E-005 0.0605828 0.0506636 0.253112 0.229071 0.0762362 0.0181963
0.044171 0.136668 0.0301221 0.230432 0.0720389 0.0651353 0.225058 0.196275 9.9991E-005
9.9982E-005 0.279333 0.0754478 9.9982E-005 0.0547533 0.312641 0.0897567 0.0897502 0.0981188
0.0992876 0.069784 9.9991E-005 0.0639715 0.0743317 0.195683 0.331408 0.15154 0.0138939
9.9964E-005 9.9964E-005 9.9964E-005 0.348366 9.9964E-005 0.255377 0.315043 0.0376503 0.0431648
0.0807628 0.0601607 9.9982E-005 0.063742 9.9982E-005 0.0611019 0.44549 0.16206 0.126483
0.0685638 0.1656 9.9991E-005 0.165392 0.0681007 0.061067 0.278114 0.148865 0.0441981
0.00700565 0.38075 9.9991E-005 0.0702448 0.0340253 0.13376 0.279662 0.0780724 0.0163805
0.0693775 0.129372 9.9982E-005 9.9982E-005 0.0563071 0.359402 0.2798 0.0986468 0.00689474
9.9973E-005 0.260144 9.9973E-005 9.9973E-005 0.115005 0.143022 0.170369 0.0930387 0.218122
0.0515804 0.32872 9.9982E-005 9.9982E-005 0.00625554 0.164256 0.340457 0.0925312 0.0159994
9.9982E-005 0.0585079 9.9982E-005 0.0365264 0.101117 0.410796 0.221306 0.141125 0.0304213
9.9973E-005 0.0145122 0.0528952 9.9973E-005 9.9973E-005 0.24361 0.440732 0.0742861 0.173665
9.9973E-005 0.257288 9.9973E-005 9.9973E-005 0.0173597 0.0268293 0.573194 0.0733145 0.051714
9.9982E-005 0.259039 9.9982E-005 0.0998973 0.0760949 0.151468 0.100968 0.225371 0.0869615
0.0522415 0.333697 9.9973E-005 0.223363 0.0380908 9.9973E-005 0.296517 9.9973E-005 0.055791
9.9991E-005 0.376784 0.00374156 0.150657 0.00584444 0.118161 0.238985 0.0293259 0.0764018
9.99551E-005 9.99551E-005 9.99551E-005 0.825157 0.0403402 0.0856339 9.99551E-005 0.0483694 9.99551E-005
9.9973E-005 0.265117 9.9973E-005 0.176934 0.120086 0.190034 0.202249 9.9973E-005 0.04528
0.117231 0.343284 9.9973E-005 9.9973E-005 9.9973E-005 0.276307 0.0596046 0.202661 0.000611664
0.0659637 0.263808 9.9964E-005 0.423012 9.9964E-005 0.207413 9.9964E-005 9.9964E-005 0.0394029
0.100465 0.0754016 9.9991E-005 0.0459438 0.078266 0.347382 0.226205 0.125165 0.00107177
9.9964E-005 9.9964E-005 9.9964E-005 0.266105 9.9964E-005 0.216305 0.44217 0.0281099 0.0469109
9.9973E-005 0.247399 9.9973E-005 0.414919 9.9973E-005 0.180191 0.0682645 0.0519034 0.0370236
9.9955E-005 0.0808934 9.9955E-005 0.831054 0.0551827 9.9955E-005 9.9955E-005 0.0323701 9.9955E-005
0.0542814 0.156035 9.9991E-005 0.0448277 0.046288 0.139689 0.445486 0.011929 0.101364
0.0121638 0.399762 9.9973E-005 0.0123032 9.9973E-005 9.9973E-005 0.32594 0.171554 0.0779772
0.00164179 0.0509618 9.9982E-005 0.0239738 9.9982E-005 0.289213 0.0758776 0.425851 0.132282
9.9973E-005 0.0280571 9.9973E-005 0.217454 0.030143 0.281998 0.402829 9.9973E-005 0.0392201
9.9955E-005 0.268503 9.9955E-005 0.388377 9.9955E-005 0.131271 9.9955E-005 0.21135 9.9955E-005
9.9964E-005 0.12124 9.9964E-005 0.0481748 9.9964E-005 0.333373 0.42016 9.9964E-005 0.0766524
0.00561593 0.00287315 0.0411302 0.00209973 9.9991E-005 0.224017 0.448874 0.26845 0.00684019
9.9973E-005 0.0398768 9.9973E-005 9.9973E-005 0.0711465 0.347264 0.34019 0.102598 0.0986249
0.211677 0.109514 9.9973E-005 9.9973E-005 0.000746239 0.38019 0.0842073 0.213365 9.9973E-005
9.9973E-005 0.185934 9.9973E-005 0.661351 0.0307412 0.0176837 9.9973E-005 0.0675328 0.0364573
9.9973E-005 0.211804 9.9973E-005 0.438043 0.0162998 0.0513692 9.9973E-005 0.208038 0.0741458
9.9955E-005 0.00734291 9.9955E-005 9.9955E-005 9.9955E-005 9.9955E-005 0.636136 0.255271 0.10075
0.0143474 0.251506 9.9982E-005 0.0344102 0.0627645 0.31043 0.103033 0.223309 9.9982E-005
0.0581269 0.122641 9.9973E-005 9.9973E-005 0.0451185 0.0711562 0.68542 0.0172373 9.9973E-005
9.9973E-005 0.303437 0.0735683 0.405355 9.9973E-005 0.117587 0.0881723 9.9973E-005 0.0115795
9.9946E-005 9.9946E-005 0.000547892 0.865608 9.9946E-005 9.9946E-005 9.9946E-005 0.133244 9.9946E-005
9.9964E-005 0.227549 0.0138958 0.350744 9.9964E-005 0.0747355 0.332676 9.9964E-005 9.9964E-005
0.0793158 0.108797 0.016282 9.9964E-005 9.9964E-005 0.181856 0.61335 9.9964E-005 9.9964E-005
9.9973E-005 9.9973E-005 9.9973E-005 0.0797888 0.0122223 0.329528 0.400419 0.162215 0.0155276
0.0700031 9.9964E-005 9.9964E-005 9.9964E-005 9.9964E-005 0.249407 0.260874 0.314346 0.104971
9.9955E-005 9.9955E-005 9.9955E-005 9.9955E-005 0.0081699 0.419353 0.409644 0.162333 9.9955E-005
9.9946E-005 0.121908 9.9946E-005 0.848248 9.9946E-005 9.9946E-005 9.9946E-005 0.0292441 9.9946E-005
9.9964E-005 9.9964E-005 0.00977602 9.9964E-005 0.112347 0.430984 0.397273 9.9964E-005 0.04922
0.11537 0.0523384 9.9973E-005 9.9973E-005 0.0397929 0.100142 0.519617 0.17244 9.9973E-005
9.9973E-005 9.9973E-005 9.9973E-005 0.124101 0.00141559 0.394514 0.336779 0.089919 0.0529709
9.99549E-005 0.180036 9.99549E-005 0.527968 0.0939117 0.197584 9.99549E-005 9.99549E-005 9.99549E-005
0.0374655 0.103067 0.00928477 0.0107906 9.9973E-005 0.201617 0.637475 9.9973E-005 9.9973E-005
0.0131377 0.184718 0.078136 0.054028 9.9982E-005 0.00639908 0.521501 0.141881 9.9982E-005
9.9973E-005 0.0229078 0.04038 9.9973E-005 0.0706503 0.215843 0.611518 9.9973E-005 0.038401
0.0145114 0.18741 9.9991E-005 0.0664637 0.0733259 0.200573 0.306695 0.0439527 0.106969
9.9973E-005 0.032636 9.9973E-005 0.6226 0.0874243 0.113015 0.122188 9.9973E-005 0.0218361
9.9964E-005 0.126955 0.00942266 0.775102 0.0131796 9.9964E-005 9.9964E-005 0.0749405 9.9964E-005
0.138019 0.213645 9.9973E-005 9.9973E-005 0.0629878 0.106732 0.256259 0.222058 9.9973E-005
0.181523 9.9973E-005 9.9973E-005 9.9973E-005 0.0604888 0.267328 0.227569 0.251041 0.0117511
0.0797462 0.17119 9.9973E-005 9.9973E-005 9.9973E-005 0.34501 0.272649 0.0597701 0.0713343
0.0394911 0.384749 9.9973E-005 9.9973E-005 0.142642 0.237203 0.102026 9.9973E-005 0.0935888
9.9973E-005 0.187771 9.9973E-005 0.335245 0.0913822 0.101773 0.276222 0.00730707 9.9973E-005
0.0610277 0.220484 0.0862765 0.0179762 9.9991E-005 0.333791 0.0969776 0.131926 0.0514411
0.0393091 0.0646739 9.9982E-005 0.178032 0.0484912 0.390756 0.257822 9.9982E-005 0.0207162
9.993E-005 9.993E-005 9.993E-005 9.993E-005 9.993E-005 9.993E-005 9.993E-005 0.999201 9.993E-005
9.9982E-005 0.0102538 0.0714434 0.560346 0.00592161 9.9982E-005 0.200794 0.111139 0.0399021
0.0246472 0.184784 0.0284376 0.254948 0.0296892 0.0823613 0.394933 9.9982E-005 9.9982E-005
9.9937E-005 9.9937E-005 9.9937E-005 0.00831483 9.9937E-005 9.9937E-005 9.9937E-005 0.990986 9.9937E-005
9.9964E-005 0.0562589 9.9964E-005 0.566831 0.123018 0.156011 9.9964E-005 9.9964E-005 0.0974808
0.00226378 0.165745 9.9964E-005 0.145096 9.9964E-005 0.400764 0.285731 9.9964E-005 9.9964E-005
0.0296599 0.132379 9.9991E-005 0.325784 0.109403 0.159701 0.105809 0.116974 0.0201897
0.0729844 0.183467 9.9982E-005 0.23831 0.0671063 0.194142 0.201061 9.9982E-005 0.0427297
0.0699825 0.498808 0.00635182 0.12494 0.0342172 0.157027 0.038761 0.0698128 9.9991E-005
9.9964E-005 0.220021 0.0105858 0.639936 0.00385269 0.125205 9.9964E-005 9.9964E-005 9.9964E-005
0.0553917 9.9982E-005 9.9982E-005 0.296497 0.0113009 0.160623 0.366897 0.0250098 0.0840799
0.199791 0.43604 9.9991E-005 0.120745 0.0350573 0.0626901 0.0842932 0.0597707 0.00151325
0.0861558 0.194382 9.9982E-005 9.9982E-005 0.0373527 0.170188 0.309344 0.168889 0.0334891
9.9973E-005 0.0122846 9.9973E-005 9.9973E-005 0.0884297 0.305673 0.268903 0.186547 0.137864
9.9982E-005 0.098393 0.156769 9.9982E-005 0.0229397 0.142543 0.340071 0.148924 0.09016
0.0531352 0.42375 9.9973E-005 9.9973E-005 0.0383461 0.0949363 0.322953 9.9973E-005 0.0665797
9.9964E-005 0.0610769 9.9964E-005 0.274522 0.123522 0.0774253 0.463053 9.9964E-005 9.9964E-005
0.0591442 0.0497389 9.9982E-005 0.685875 0.0141087 0.146556 0.0240426 9.9982E-005 0.0203346
0.167756 9.9973E-005 9.9973E-005 0.367496 9.9973E-005 0.131464 0.194465 0.0827694 0.0557505
0.161508 0.233959 9.9973E-005 9.9973E-005 9.9973E-005 0.0339109 0.210076 0.291154 0.069092
0.164811 0.169514 9.9973E-005 9.9973E-005 9.9973E-005 0.335934 0.133063 0.193772 0.00260633
9.9964E-005 0.0370093 0.00365176 0.840021 9.9964E-005 9.9964E-005 9.9964E-005 0.00644062 0.112478
0.140695 0.246768 0.0172116 9.9982E-005 0.022847 0.253411 0.250502 0.0683653 9.9982E-005
9.9982E-005 0.0661346 0.0085827 9.9982E-005 0.00538009 0.428135 0.116753 0.318309 0.0565066
0.0946485 0.0321947 9.9982E-005 0.196524 0.0528753 0.231601 0.297293 0.0946637 9.9982E-005
0.0216633 0.135634 0.0433581 9.9991E-005 0.077937 0.225427 0.350992 0.120777 0.0241111
0.049906 0.36034 0.00765044 0.0914004 0.0917001 0.262356 0.043628 0.092919 9.9991E-005
9.9982E-005 0.352442 9.9982E-005 0.00827476 0.135611 0.0782631 0.139896 0.145306 0.140007
9.9982E-005 0.139079 9.9982E-005 0.0245766 0.0053833 0.363558 0.0724691 0.196269 0.198466
0.032562 0.108185 9.9973E-005 9.9973E-005 9.9973E-005 0.287167 0.424202 0.0549602 0.0926238
9.9964E-005 9.9964E-005 0.00954342 9.9964E-005 0.102982 0.367128 0.352557 0.167389 9.9964E-005
9.9973E-005 0.322679 0.0811059 0.136476 9.9973E-005 0.0946482 0.242889 9.9973E-005 0.121903
9.9973E-005 0.225958 9.9973E-005 0.457945 0.0383029 9.9973E-005 0.102117 0.164558 0.0108189
9.9973E-005 0.317648 9.9973E-005 0.227343 9.9973E-005 0.138467 0.160561 0.15117 0.00450993
0.132036 0.343563 0.0491493 0.019518 9.9991E-005 0.102866 0.222375 0.117035 0.0133576
0.0230029 0.199577 0.0109344 0.103685 0.0120271 0.173997 0.134403 0.33548 0.00689376
9.9973E-005 0.36745 9.9973E-005 0.0381917 0.034199 0.0825079 0.424131 0.05322 9.9973E-005
9.99461E-005 9.99461E-005 0.0323323 0.963653 9.99461E-005 9.99461E-005 9.99461E-005 9.99461E-005 0.00341473
0.011 0.553673 9.9973E-005 9.9973E-005 0.0960442 0.104798 0.214011 0.0201741 9.9973E-005
9.9964E-005 0.236031 9.9964E-005 0.225355 9.9964E-005 9.9964E-005 0.187192 0.309953 0.0410698
9.9955E-005 0.264271 0.132908 9.9955E-005 9.9955E-005 0.333229 9.9955E-005 0.269091 9.9955E-005
9.9964E-005 0.35327 9.9964E-005 0.16182 9.9964E-005 9.9964E-005 0.34092 0.0952759 0.0483133
9.9982E-005 0.219617 0.00239537 0.49127 0.044116 9.9982E-005 0.174775 0.0453766 0.0222493
0.118199 0.126937 9.9973E-005 0.395716 9.9973E-005 0.260727 0.0617185 0.0364022 9.9973E-005
9.9982E-005 0.0110057 9.9982E-005 0.494043 0.0307794 0.151975 0.20782 0.0790844 0.025092
9.9964E-005 0.21177 0.00499964 9.9964E-005 9.9964E-005 0.165146 0.513953 0.103731 9.9964E-005
0.0631148 0.301915 9.9946E-005 0.63437 9.9946E-005 9.9946E-005 9.9946E-005 9.9946E-005 9.9946E-005
0.108362 0.156315 9.9973E-005 0.359627 9.9973E-005 0.150933 0.214172 9.9973E-005 0.0102918
0.0683687 0.10543 9.9991E-005 0.0102252 0.136572 0.16537 0.441739 0.016702 0.0554931
0.00637287 0.0616713 9.99461E-005 0.931356 9.99461E-005 9.99461E-005 9.99461E-005 9.99461E-005 9.99461E-005
9.9973E-005 0.420993 0.0171539 0.44567 0.00417802 9.9973E-005 0.0670576 0.0446476 9.9973E-005
0.0458186 0.325576 9.9991E-005 0.022795 0.0170649 0.346576 0.00405896 0.221866 0.0161444
9.9973E-005 0.226023 0.0185906 0.339773 9.9973E-005 0.0998931 0.180721 0.134699 9.9973E-005
0.0140214 0.0347481 9.9973E-005 0.138623 9.9973E-005 0.146701 0.576511 0.0890961 9.9973E-005
9.9973E-005 0.167027 0.0867444 9.9973E-005 0.0679551 0.232427 0.394647 0.0508999 9.9973E-005
0.136958 0.175974 9.9973E-005 0.275382 0.0853092 9.9973E-005 0.300774 9.9973E-005 0.0253029
0.0617638 0.147059 9.9964E-005 9.9964E-005 9.9964E-005 0.267157 0.367887 0.155733 9.9964E-005
9.9964E-005 0.214209 9.9964E-005 9.9964E-005 9.9964E-005 0.403214 0.346467 0.0264888 0.00922046
0.0567002 0.152392 0.0643424 0.0140915 9.9982E-005 0.0787157 0.470837 0.162721 9.9982E-005
9.9973E-005 0.206157 9.9973E-005 0.174437 0.133792 9.9973E-005 0.18855 0.249048 0.0477163
9.9982E-005 0.0260801 9.9982E-005 0.23952 0.0130094 0.221068 0.455499 0.0236649 0.0209592
0.029992 0.0389804 0.0723955 9.9991E-005 0.0033141 0.259193 0.298038 0.20259 0.0953963
9.9982E-005 0.105033 9.9982E-005 0.131976 0.00285964 0.243757 0.420432 0.0912436 0.00449893
0.0725374 0.264915 0.0681356 9.9991E-005 0.0653148 0.327288 0.0330963 0.123387 0.0452261
0.151751 0.324065 0.0184611 9.9973E-005 9.9973E-005 0.128122 0.282106 0.0951943 9.9973E-005
0.0737705 0.176517 9.9991E-005 0.269834 0.0197008 0.105142 0.177651 0.0181796 0.159106
9.9973E-005 0.0949031 0.0422774 9.9973E-005 9.9973E-005 0.213883 0.562138 0.0277378 0.0587603
0.106402 0.277295 9.9964E-005 9.9964E-005 0.178323 9.9964E-005 0.316286 0.121294 9.9964E-005
0.100217 0.161009 0.137007 0.00735537 0.030239 0.0153275 0.357108 0.140045 0.0516935
9.9973E-005 0.00574553 0.297947 9.9973E-005 9.9973E-005 0.322142 0.193194 0.108137 0.072534
9.9973E-005 0.112807 9.9973E-005 0.259198 9.9973E-005 0.120576 0.0382747 0.259404 0.209442
9.9982E-005 9.9982E-005 0.0371513 0.0240037 0.11529 0.278122 0.378616 0.0961141 0.0705037
9.9973E-005 0.433039 9.9973E-005 0.0795803 0.00608183 0.218868 0.153 0.109132 9.9973E-005
0.0183186 0.0880332 9.9991E-005 0.0606004 0.0478662 0.368815 0.313702 0.0855197 0.0170453
0.0607075 9.9964E-005 9.9964E-005 9.9964E-005 0.0322737 0.284136 0.459163 9.9964E-005 0.16332
0.0502958 0.203186 0.0856523 9.9982E-005 9.9982E-005 0.21149 0.391148 0.00844594 0.0495817
9.9982E-005 0.104566 9.9982E-005 0.357583 0.0570904 0.1275 0.243403 0.0118667 0.0977918
9.9982E-005 0.263565 0.0148304 0.341161 9.9982E-005 0.205228 0.104147 0.0702745 0.000594586
9.9946E-005 9.9946E-005 9.9946E-005 9.9946E-005 9.9946E-005 0.263889 0.679987 9.9946E-005 0.0555243
0.225251 9.9973E-005 9.9973E-005 0.000990912 0.0185285 0.126253 0.434908 0.193769 9.9973E-005
0.0489873 0.0726174 0.0228862 9.9982E-005 9.9982E-005 0.21028 0.517822 0.122679 0.00452851
9.9973E-005 0.236684 0.0755337 9.9973E-005 9.9973E-005 0.26836 0.225169 0.151242 0.0427116
9.9982E-005 0.236804 0.0192969 0.269627 0.00493884 0.206528 0.10878 0.153825 9.9982E-005
0.03171 0.346734 9.9982E-005 0.117307 0.0195168 0.211665 9.9982E-005 0.158614 0.114252
0.0990246 0.202347 0.0116186 9.9991E-005 0.102497 0.0460019 0.285606 0.175423 0.077381
0.0434907 0.0766942 9.9991E-005 0.52936 0.110393 0.0386503 0.0370141 0.153387 0.0109109
0.0448448 0.155933 9.9982E-005 0.186944 0.0726861 0.178978 0.351472 9.9982E-005 0.0089436
9.9982E-005 0.312674 0.146912 0.082187 9.9982E-005 0.0429421 0.176747 0.172948 0.0653898
9.9955E-005 0.175977 9.9955E-005 0.656386 0.114403 0.0527341 9.9955E-005 9.9955E-005 9.9955E-005
0.0496427 0.399435 0.00794209 9.9982E-005 0.0964053 0.288375 0.125573 0.0324267 9.9982E-005
9.9973E-005 0.263679 9.9973E-005 0.0112043 9.9973E-005 0.202563 0.242113 0.193723 0.0864177
9.9982E-005 0.0360914 9.9982E-005 0.0798789 0.0186541 0.172907 0.558699 0.115442 0.018127
0.03434 0.0491199 9.9982E-005 9.9982E-005 0.122838 0.115417 0.536108 0.0481891 0.0937877
9.9982E-005 0.225933 0.141984 9.9982E-005 0.0451137 0.0679745 0.240165 0.23022 0.0484106
0.091148 0.268575 9.9982E-005 9.9982E-005 0.0563449 0.0616845 0.423274 0.0627008 0.0360734
0.158113 0.0582904 9.9973E-005 0.0217397 0.00556534 0.284962 0.47103 9.9973E-005 9.9973E-005
9.9964E-005 9.9964E-005 9.9964E-005 9.9964E-005 0.0321138 0.191559 0.521062 0.21318 0.0416858
0.0727344 0.304245 9.9982E-005 0.133239 0.0554672 0.160898 0.225329 0.0478877 9.9982E-005
0.00611868 0.158548 9.9982E-005 9.9982E-005 0.0264421 0.139587 0.498827 0.086266 0.0840118
9.9955E-005 9.9955E-005 9.9955E-005 9.9955E-005 9.9955E-005 0.359409 0.288077 0.238592 0.113422
0.109066 0.855577 9.99461E-005 9.99461E-005 9.99461E-005 0.0347577 9.99461E-005 9.99461E-005 9.99461E-005
0.0473568 0.128713 9.9973E-005 9.9973E-005 9.9973E-005 0.235572 0.227002 0.239431 0.121625
9.9964E-005 0.151207 9.9964E-005 9.9964E-005 0.0153181 0.302683 0.282123 0.248269 9.9964E-005
9.9955E-005 0.0463543 9.9955E-005 0.317639 9.9955E-005 0.571729 9.9955E-005 0.0637779 9.9955E-005
0.0258351 9.9964E-005 9.9964E-005 0.266355 9.9964E-005 0.0853471 0.373424 0.24864 9.9964E-005
0.0772348 0.15936 9.9964E-005 9.9964E-005 0.00128873 0.238469 0.523248 9.9964E-005 9.9964E-005
0.0503591 0.047525 9.9973E-005 0.491924 0.0161304 0.336615 0.0571462 9.9973E-005 9.9973E-005
0.0397337 0.25782 0.0283441 9.9982E-005 9.9982E-005 0.11194 0.398424 0.0882742 0.0752642
9.9955E-005 0.306023 9.9955E-005 0.256258 9.9955E-005 9.9955E-005 0.408097 0.0291222 9.9955E-005
0.0584228 0.0599445 9.9982E-005 0.0376145 0.107426 0.200206 0.508207 0.0279789 9.9982E-005
9.9964E-005 0.511065 9.9964E-005 0.0301504 0.0590937 9.9964E-005 9.9964E-005 0.369483 0.0298084
0.00227492 0.163258 0.173188 0.237152 0.0246432 0.00366041 0.379693 0.00567232 0.0104579
0.1 0.0445846 9.9964E-005 0.461677 9.9964E-005 0.159582 9.9964E-005 0.233756 9.9964E-005
0.00762479 0.348659 9.9964E-005 9.9964E-005 9.9964E-005 0.401089 0.225047 0.0171807 9.9964E-005
9.9964E-005 0.060495 9.9964E-005 9.9964E-005 9.9964E-005 0.414101 0.244033 0.272426 0.00854537
9.9982E-005 0.19124 9.9982E-005 0.275564 0.037567 0.0409619 0.293658 0.121223 0.0395851
0.112586 0.214358 9.9973E-005 9.9973E-005 9.9973E-005 0.0856677 0.234677 0.123159 0.229252
9.9982E-005 0.074658 0.00589326 9.9982E-005 0.0110949 0.275612 0.583901 0.0130454 0.0355946
9.9964E-005 0.085869 9.9964E-005 0.779382 0.124227 0.00627621 9.9964E-005 9.9964E-005 0.00384596
9.9973E-005 0.203735 0.022201 9.9973E-005 9.9973E-005 0.071608 0.436605 0.159258 0.106293
0.0374524 0.208782 0.026305 9.9964E-005 9.9964E-005 0.184771 0.54229 9.9964E-005 9.9964E-005
9.9973E-005 0.0798788 9.9973E-005 9.9973E-005 0.0105014 0.569711 0.251983 0.0422742 0.0453516
0.0117111 0.103544 9.9991E-005 0.0388192 0.102223 0.163795 0.425643 0.0878184 0.0663465
9.9964E-005 0.194202 9.9964E-005 9.9964E-005 9.9964E-005 0.200771 0.388491 0.105361 0.110775
9.9973E-005 0.216846 9.9973E-005 9.9973E-005 0.0365962 0.229784 0.41116 0.0227634 0.0825507
0.0221758 0.00759123 9.9973E-005 0.0276774 0.0519576 0.392193 0.498105 9.9973E-005 9.9973E-005
0.0113767 0.22421 9.9973E-005 0.0899601 0.0337121 0.365349 0.275092 9.9973E-005 9.9973E-005
0.0779239 0.0884869 9.9973E-005 0.534308 9.9973E-005 9.9973E-005 0.0658926 0.0907258 0.142363
9.9964E-005 0.221953 9.9964E-005 9.9964E-005 0.0568333 0.303652 0.304152 0.11301 9.9964E-005
9.9955E-005 9.9955E-005 9.9955E-005 9.9955E-005 9.9955E-005 0.459934 0.452437 0.0843418 0.00278721
0.0220261 0.371855 0.01648 0.107486 0.0396054 0.0247491 0.154579 0.224241 0.0389785
0.00189949 0.0990011 9.9991E-005 0.342843 0.0216039 0.0800086 0.267566 0.118447 0.0685309
0.0180609 9.9982E-005 0.0728309 9.9982E-005 0.0332279 0.106226 0.568956 0.147969 0.0525288
9.9964E-005 0.112677 9.9964E-005 0.235955 9.9964E-005 0.207867 0.40121 0.0418911 9.9964E-005
9.9973E-005 0.00363485 9.9973E-005 0.0226916 0.0322228 0.405661 0.520673 9.9973E-005 0.0148166
9.9973E-005 0.240721 9.9973E-005 0.305285 0.00642113 0.0934272 0.281742 0.0721033 9.9973E-005
9.9982E-005 0.168745 0.0830172 0.0662623 9.9982E-005 0.228778 0.174552 0.241435 0.0370108
9.9982E-005 0.217434 0.0243496 0.370265 9.9982E-005 0.1164 0.00690023 0.170383 0.0940684
9.9973E-005 0.00125855 9.9973E-005 0.247633 9.9973E-005 0.498214 0.0546193 0.132702 0.0652736
0.158355 0.21156 9.9982E-005 0.0115264 0.115249 0.0447933 0.292811 0.165506 9.9982E-005
0.00769158 0.129155 9.9982E-005 0.200745 0.044383 0.349543 0.17486 9.9982E-005 0.0934217
9.9973E-005 0.267487 9.9973E-005 9.9973E-005 0.0733926 0.193968 0.228977 0.109352 0.126524
9.9973E-005 0.0560594 9.9973E-005 0.0146042 0.0112924 0.216564 0.480876 0.220305 9.9973E-005
9.9973E-005 0.33292 9.9973E-005 9.9973E-005 0.113341 0.00655921 0.313426 0.164307 0.0691466
9.9973E-005 0.0842634 0.072135 0.275556 9.9973E-005 9.9973E-005 0.343368 0.188813 0.0355646
9.9964E-005 0.47211 0.0341086 9.9964E-005 9.9964E-005 0.00747367 0.413315 0.0725928 9.9964E-005
0.22067 0.186795 9.9982E-005 9.9982E-005 0.0348103 0.209919 0.215073 0.0258716 0.106662
9.9964E-005 0.0337478 0.113882 9.9964E-005 9.9964E-005 0.247981 0.456197 0.147793 9.9964E-005
0.116803 0.127207 9.9964E-005 0.487195 9.9964E-005 0.217443 9.9964E-005 9.9964E-005 0.0509515
0.0493904 9.9955E-005 9.9955E-005 0.848329 0.0598158 9.9955E-005 0.0419653 9.9955E-005 9.9955E-005
0.0168314 0.113972 0.0440788 0.0888081 9.9982E-005 9.9982E-005 0.581739 0.0760596 0.0783111
0.061479 0.226305 9.9982E-005 0.0356822 9.9982E-005 0.421396 0.0240438 0.0760635 0.154831
0.0834831 0.280923 9.9991E-005 0.0860689 0.118062 0.0838752 0.21923 0.046167 0.0820899
0.0606392 0.367052 9.9982E-005 0.114185 0.0155131 0.240226 0.127035 0.0751499 9.9982E-005
0.125079 0.315565 9.9973E-005 0.164118 0.0872585 0.264101 0.043579 9.9973E-005 9.9973E-005
0.210554 9.9973E-005 9.9973E-005 0.0647416 0.0340975 0.331563 0.240235 9.9973E-005 0.118509
0.103149 0.101801 0.00946835 9.9982E-005 0.0554841 0.332088 0.195631 0.202178 9.9982E-005
0.0878878 0.132202 0.00715611 9.9982E-005 9.9982E-005 0.417107 0.239207 0.116118 0.00012212
9.9982E-005 0.0317087 0.0882717 0.0342842 0.00553165 0.240828 0.476757 0.122419 9.9982E-005
0.120858 0.0496895 9.9955E-005 9.9955E-005 9.9955E-005 0.426881 0.402071 9.9955E-005 9.9955E-005
9.9964E-005 0.00652833 0.00220515 9.9964E-005 9.9964E-005 0.102746 0.71049 0.177631 9.9964E-005
0.084925 0.101001 9.9973E-005 9.9973E-005 9.9973E-005 0.2804 0.357749 0.175429 0.000196829
0.0688936 0.27377 0.00858178 9.9964E-005 9.9964E-005 9.9964E-005 0.179793 0.468562 9.9964E-005
9.9964E-005 0.0410411 0.168627 9.9964E-005 9.9964E-005 0.221466 0.444209 0.124257 9.9964E-005
0.0472751 0.0793709 9.9991E-005 0.0703193 0.0360097 0.0481833 0.37165 0.186911 0.160181
0.0907137 0.208717 9.9973E-005 9.9973E-005 9.9973E-005 0.0942598 0.443925 0.157642 0.00444266
0.0377492 0.370859 0.0129986 0.00766132 0.0160465 0.170901 0.331789 9.9991E-005 0.0518957
0.0450423 9.9982E-005 9.9982E-005 0.0803127 0.0623834 0.232811 0.480759 0.030347 0.0681446
0.0249105 9.9964E-005 9.9964E-005 0.498355 0.0979165 0.176112 9.9964E-005 0.202306 9.9964E-005
0.102215 0.184438 9.9982E-005 0.384171 9.9982E-005 0.135619 0.0695611 0.0383006 0.0854943
9.9955E-005 9.9955E-005 0.0395244 0.777137 9.9955E-005 0.145344 0.0374947 9.9955E-005 9.9955E-005
0.131038 0.133879 9.9973E-005 9.9973E-005 9.9973E-005 0.117232 0.556823 0.045045 0.0156828
9.9946E-005 9.9946E-005 9.9946E-005 0.755824 9.9946E-005 0.21113 9.9946E-005 9.9946E-005 0.032446
0.104474 0.119649 9.9955E-005 0.590409 9.9955E-005 9.9955E-005 9.9955E-005 0.184968 9.9955E-005
0.0241581 0.14105 9.9973E-005 9.9973E-005 9.9973E-005 0.513289 0.0443546 0.117322 0.159526
9.9991E-005 0.096134 0.0510398 0.00892946 0.0679811 0.14043 0.410956 0.0892074 0.135222
0.0718542 0.0904472 9.9982E-005 0.0357884 9.9982E-005 0.144114 0.356122 0.157131 0.144343
9.9964E-005 0.193444 9.9964E-005 0.620482 0.0241553 0.120127 9.9964E-005 9.9964E-005 0.0413926
9.9973E-005 0.119704 0.0237628 9.9973E-005 0.137666 0.255364 0.386754 0.0764496 9.9973E-005
0.0217937 0.394847 9.9982E-005 0.341424 9.9982E-005 0.00949336 0.0669478 0.120817 0.0444766
0.0857145 9.9964E-005 9.9964E-005 0.0300399 9.9964E-005 9.9964E-005 0.523691 0.154862 0.205293
0.028781 0.165492 9.9973E-005 0.70155 0.000405555 0.0303508 9.9973E-005 9.9973E-005 0.0731211
9.9991E-005 0.315868 0.081429 0.06721 0.0533946 0.197662 0.219409 0.0338364 0.0310901
0.0532757 0.116978 9.9973E-005 0.018418 0.0898672 0.232106 0.489055 9.9973E-005 9.9973E-005
0.0697244 9.9973E-005 9.9973E-005 9.9973E-005 0.013835 0.468551 0.332639 0.0631803 0.0517698
9.9964E-005 0.177345 0.0643539 9.9964E-005 9.9964E-005 0.235616 0.304548 0.217738 9.9964E-005
9.9964E-005 0.0231415 9.9964E-005 0.700998 0.0783787 9.9964E-005 0.167504 9.9964E-005 0.0295779
9.9991E-005 0.212863 0.0164089 0.178267 0.0699783 0.0716502 0.381458 0.053571 0.0157035
0.0543884 0.160792 0.0341717 0.324879 0.112815 0.104298 0.105911 0.102645 9.9991E-005
0.0410045 9.9982E-005 9.9982E-005 0.00216941 0.051428 0.320418 0.217197 0.18646 0.181124
0.0825347 0.136395 9.9982E-005 0.681141 0.0360129 0.0626618 0.00059895 0.000455952 9.9982E-005
0.0290836 0.188244 0.199463 0.0663804 0.0390817 0.113178 0.216323 0.0821341 0.0661105
0.0218922 0.445042 0.0334762 0.284085 0.0482787 0.103322 0.0637041 9.9982E-005 9.9982E-005
0.0589925 0.144429 0.070213 9.9973E-005 9.9973E-005 0.29814 0.259318 0.168608 9.9973E-005
0.0990634 0.434994 9.9982E-005 0.1155 0.068429 0.0698713 0.0644456 0.147497 9.9982E-005
9.9964E-005 0.0951241 9.9964E-005 0.527599 9.9964E-005 0.209218 0.101304 9.9964E-005 0.0663551
9.9973E-005 9.9973E-005 0.038911 9.9973E-005 0.0606068 0.171026 0.302792 0.296753 0.129611
0.0942762 0.00987819 9.9991E-005 0.00518706 0.0473192 0.0817026 0.502714 0.177704 0.0811186
0.141674 0.233632 9.9973E-005 9.9973E-005 0.150339 0.200206 0.195046 0.0788025 9.9973E-005
0.123166 0.110856 9.9973E-005 9.9973E-005 0.114786 0.152164 0.449606 9.9973E-005 0.0491223
9.9964E-005 0.387907 9.9964E-005 0.3077 0.134175 9.9964E-005 0.133089 0.0367295 9.9964E-005
0.0430341 0.216775 0.0645972 9.9982E-005 0.0375469 0.334748 0.255489 9.9982E-005 0.0476101
0.0692405 9.9955E-005 9.9955E-005 9.9955E-005 9.9955E-005 0.269357 0.503717 9.9955E-005 0.157186
9.9982E-005 0.0233229 9.9982E-005 0.0490861 0.00424253 0.247654 0.392275 0.193749 0.0894701
9.9973E-005 0.141621 9.9973E-005 0.387147 0.0373212 9.9973E-005 0.208972 0.181223 0.0434153
9.9982E-005 0.187488 9.9982E-005 0.211764 0.0525175 0.127033 0.233926 0.176521 0.0105512
9.9982E-005 0.0243365 0.0306932 0.00498348 0.0580875 0.458751 0.350132 9.9982E-005 0.0728165
0.0776396 0.427006 9.9964E-005 0.0416501 9.9964E-005 9.9964E-005 9.9964E-005 0.253757 0.199547
0.0772936 0.334006 9.9982E-005 0.130447 0.113688 0.0678459 0.192059 9.9982E-005 0.08446
0.1076 0.189595 9.9982E-005 9.9982E-005 0.0498859 0.293569 0.0357429 0.283255 0.0401512
9.9982E-005 0.248038 0.0015439 0.294305 0.118903 9.9982E-005 0.237762 0.048256 0.0509918
0.0965159 0.470272 9.9964E-005 9.9964E-005 9.9964E-005 0.11853 0.135363 0.17892 9.9964E-005
0.131323 0.189013 9.9964E-005 0.386181 9.9964E-005 9.9964E-005 0.239919 9.9964E-005 0.0531648
0.0567151 9.9964E-005 0.0224441 9.9964E-005 0.141831 0.205551 0.573058 9.9964E-005 9.9964E-005
0.0199392 0.0585689 0.0149363 9.9982E-005 0.0554656 0.226956 0.569029 9.9982E-005 0.0549048
0.0332934 0.102468 9.9982E-005 0.00239741 9.9982E-005 0.075208 0.583355 0.163933 0.0391464
9.9973E-005 0.0267573 0.0390189 9.9973E-005 0.0152995 9.9973E-005 0.694915 0.15255 0.0711597
0.088718 0.0566603 9.9973E-005 9.9973E-005 0.0986325 0.341443 0.0964031 0.317843 9.9973E-005
0.135896 0.0439535 9.9973E-005 9.9973E-005 9.9973E-005 0.0964157 0.44192 0.208273 0.0732428
0.137913 0.293863 0.000245666 0.246522 9.9982E-005 0.0727217 0.248195 0.000340248 9.9982E-005
9.9964E-005 0.549357 9.9964E-005 9.9964E-005 0.050405 0.144349 0.0885469 0.166942 9.9964E-005
0.0235703 0.11148 9.9973E-005 9.9973E-005 9.9973E-005 0.243434 0.46406 0.0753538 0.081802
9.9973E-005 0.0512064 0.0445877 0.0493255 0.0337804 0.467138 0.353662 9.9973E-005 9.9973E-005
9.9982E-005 0.315868 9.9982E-005 0.073568 0.0246813 0.165603 0.243311 0.0796933 0.0970757
0.00202525 0.430972 0.0765254 0.214126 9.9964E-005 0.275952 9.9964E-005 9.9964E-005 9.9964E-005
0.0579075 0.0716848 0.0665412 9.9982E-005 0.0585268 9.9982E-005 0.454332 0.202092 0.088716
0.06615 9.9991E-005 0.0647805 0.0270383 0.0890794 0.287596 0.381729 0.068643 0.0148841
9.9946E-005 9.9946E-005 9.9946E-005 0.697415 9.9946E-005 0.0108104 9.9946E-005 0.291175 9.9946E-005
9.99551E-005 9.99551E-005 9.99551E-005 0.586625 0.00702666 9.99551E-005 0.323536 0.0823128 9.99551E-005
0.0556497 0.0569355 9.9973E-005 9.9973E-005 9.9973E-005 0.121188 0.374341 0.261603 0.129982
0.226149 9.9982E-005 0.201226 9.9982E-005 0.0474937 0.102429 0.364797 0.0451247 0.0125796
9.9982E-005 0.0758044 0.400333 0.0374669 0.142052 0.122497 9.9982E-005 0.00613285 0.215514
0.140725 0.00696302 0.212546 0.00958217 0.0222917 0.366618 9.9991E-005 0.0672308 0.173943
0.181008 0.0209336 0.0301679 9.9991E-005 0.0327578 0.159203 0.48868 0.0586567 0.0284923
0.298448 9.9973E-005 0.279406 9.9973E-005 0.0404626 0.303327 9.9973E-005 0.0264518 0.0516043
0.119648 9.9982E-005 0.391339 0.0227462 0.0970176 0.200259 0.0850761 0.0837143 9.9982E-005
0.0855526 0.12462 0.409621 0.0328699 0.0526973 0.114494 0.179945 9.9982E-005 9.9982E-005
0.380182 9.9982E-005 0.178597 0.0246503 0.090105 0.162755 9.9982E-005 0.0704204 0.0930901
0.426608 0.0779778 0.151626 0.00211761 0.0896832 0.180983 0.0128682 9.9991E-005 0.0580366
0.348413 9.9982E-005 0.060521 9.9982E-005 0.0912992 0.197749 0.19887 0.0996849 0.00326377
0.203352 0.0522371 0.101737 9.9973E-005 0.0809744 9.9973E-005 0.330821 0.230579 9.9973E-005
0.135544 9.9982E-005 0.262859 0.0512656 0.0999833 0.0972438 0.214443 9.9982E-005 0.138461
0.121969 9.9982E-005 0.0636941 9.9982E-005 0.112709 0.425323 0.112651 0.0820643 0.0813892
0.341321 9.9982E-005 0.0206051 0.0012153 0.065099 0.268618 9.9982E-005 0.0374204 0.265521
0.212397 9.9973E-005 0.267138 9.9973E-005 0.0265219 0.373517 9.9973E-005 0.0800297 0.0400956
9.9973E-005 0.229434 0.502848 0.00726184 0.0542385 0.159648 9.9973E-005 9.9973E-005 0.0462697
9.9955E-005 9.9955E-005 0.399867 9.9955E-005 0.13288 0.0249156 0.441838 9.9955E-005 9.9955E-005
0.0512639 0.169418 0.264136 9.9991E-005 0.00676599 0.169473 0.0517399 0.13279 0.154314
9.9964E-005 9.9964E-005 0.0385647 0.758409 0.100125 9.9964E-005 0.0286372 9.9964E-005 0.0738637
0.233259 9.9982E-005 0.101409 0.0336363 0.193283 0.186964 0.13748 0.113769 9.9982E-005
0.307327 9.9973E-005 0.111153 9.9973E-005 0.0531643 0.260732 0.0470785 0.220246 9.9973E-005
0.0405667 9.9982E-005 0.0502608 0.127726 0.140685 0.0715587 0.486004 0.082999 9.9982E-005
0.258195 9.9964E-005 0.446816 0.0158744 9.9964E-005 0.191633 9.9964E-005 9.9964E-005 0.0870821
0.31563 0.00447705 0.30131 9.9973E-005 0.0238798 9.9973E-005 9.9973E-005 0.238455 0.115947
0.01887 0.411378 0.110222 9.9982E-005 0.102857 9.9982E-005 0.240271 0.115682 0.000520272
0.204598 9.9982E-005 0.358952 0.000536266 0.074064 0.105882 0.22815 9.9982E-005 0.0276184
0.0825744 0.0633416 0.276353 9.9982E-005 0.113116 0.358321 0.0410146 9.9982E-005 0.0650793
0.1869 0.0653741 0.204702 9.9973E-005 0.0280721 0.418214 9.9973E-005 9.9973E-005 0.0964388
0.202393 0.0846185 0.381303 0.00412681 0.0465911 0.192656 9.9991E-005 0.0268578 0.0613537
0.289597 0.0115721 0.256716 0.067793 0.172465 9.9991E-005 0.0370449 0.043792 0.12092
0.161569 9.9973E-005 0.426002 9.9973E-005 0.00360871 0.0809924 9.9973E-005 0.188444 0.139084
9.993E-005 9.993E-005 9.993E-005 9.993E-005 0.999201 9.993E-005 9.993E-005 9.993E-005 9.993E-005
0.256376 0.0410375 0.149635 0.00605025 0.157359 0.217118 9.9991E-005 0.0648621 0.107462
0.200498 9.9973E-005 0.305881 9.9973E-005 0.0159972 0.0707577 0.341269 9.9973E-005 0.0652972
0.125042 0.0502033 0.379158 0.0916656 9.9982E-005 0.207255 9.9982E-005 0.121162 0.0253138
0.172764 0.101507 0.378605 0.0121463 0.072176 0.211965 0.0506364 9.9982E-005 9.9982E-005
0.188792 0.0101658 0.353651 0.100787 9.9982E-005 9.9982E-005 0.204667 0.0895407 0.0521978
0.223021 9.9973E-005 9.9973E-005 9.9973E-005 0.0535471 0.0922922 0.318062 0.200873 0.111905
0.179023 9.9982E-005 0.376199 0.0555509 0.0915642 0.0694282 0.0848429 9.9982E-005 0.143191
0.100669 0.0172805 0.254106 0.0171038 0.0801609 0.251636 0.130899 9.9991E-005 0.148045
0.0740758 9.9973E-005 0.337064 9.9973E-005 0.0209971 0.337167 0.160396 0.0700004 9.9973E-005
0.0581499 0.223581 0.283858 9.9982E-005 0.0375098 0.0892893 0.159528 9.9982E-005 0.147884
9.99369E-005 9.99369E-005 0.0120787 9.99369E-005 0.987222 9.99369E-005 9.99369E-005 9.99369E-005 9.99369E-005
0.200342 0.0464524 0.00216225 9.9991E-005 0.0397876 0.301082 0.301449 0.0634186 0.0452062
0.185531 9.9982E-005 0.26895 0.00913002 0.10009 0.0910393 0.237401 9.9982E-005 0.107659
9.9973E-005 0.33171 0.107882 0.253378 9.9973E-005 9.9973E-005 0.245766 0.0346233 0.0263398
0.103111 0.0700834 9.9982E-005 9.9982E-005 0.0221146 0.186139 0.213261 0.239573 0.165517
9.9982E-005 0.07855 0.139877 0.0187446 9.9982E-005 0.124989 0.487634 0.126876 0.0231295
0.175418 0.00436667 0.347021 0.0456295 0.0787453 0.192159 0.0206798 0.135881 9.9991E-005
0.325242 9.9964E-005 0.140032 9.9964E-005 9.9964E-005 0.417072 9.9964E-005 0.0781726 0.0390813
0.312306 9.9982E-005 0.370174 0.0455784 9.9982E-005 0.0591938 0.133511 0.0613856 0.0176512
0.157886 0.163607 0.304371 9.9982E-005 0.0365567 0.0225451 0.254736 9.9982E-005 0.0600989
0.286982 0.106566 0.181412 9.9964E-005 9.9964E-005 9.9964E-005 0.32943 9.9964E-005 0.0952102
0.34047 9.9982E-005 0.254085 0.037492 9.9982E-005 0.19173 0.0818703 0.072515 0.0216374
0.155875 0.035863 0.305592 9.9991E-005 0.00165155 0.153814 0.289587 0.0129709 0.0445468
0.00101674 0.0508249 0.587743 0.015686 0.0917678 0.00555942 0.0738812 0.125646 0.0478742
0.0895608 9.9973E-005 0.241072 9.9973E-005 0.200644 0.370554 0.0233078 0.0745607 9.9973E-005
9.99459E-005 9.99459E-005 9.99459E-005 0.0189301 9.99459E-005 9.99459E-005 0.021958 9.99459E-005 0.958512
0.0445223 9.9973E-005 0.639113 9.9973E-005 0.0189731 0.124293 0.143758 9.9973E-005 0.0290405
0.125811 9.9982E-005 0.483326 0.00485396 0.0298364 9.9982E-005 0.22465 0.0440468 0.0872765
0.335023 9.9991E-005 0.260068 0.0544661 0.0630461 0.00947905 0.158838 0.0134382 0.105541
0.0760837 9.9973E-005 0.516362 9.9973E-005 9.9973E-005 0.124332 0.0846646 0.186355 0.0119024
0.0158262 0.0920232 0.14792 9.9973E-005 9.9973E-005 0.229877 0.298554 0.215499 9.9973E-005
0.109571 0.047372 0.283398 0.021607 0.0706081 9.9982E-005 0.244613 9.9982E-005 0.222631
9.9982E-005 0.0838581 0.0489454 0.219816 9.9982E-005 0.379638 0.181851 0.0450546 0.0406372
0.35608 0.000628988 0.156406 9.9973E-005 0.0557376 0.327432 9.9973E-005 0.103416 9.9973E-005
0.184589 0.132367 0.389775 0.0522915 9.9991E-005 0.0467187 0.111409 0.0376664 0.0450836
0.0922455 0.343916 9.9991E-005 0.0503398 0.0281306 0.141363 0.269049 0.0550744 0.0197815
0.278045 0.0123704 0.15969 0.0658457 0.0388336 0.258643 0.0387351 9.9991E-005 0.147737
