0.0294099 0.0888225 0.00437138 0.196498 0.395448 9.9991E-005 0.185595 0.0581425 0.0416126
0.223426 0.101216 0.0423152 0.091124 0.306058 9.9982E-005 0.168317 0.0673451 9.9982E-005
0.166711 9.9973E-005 9.9973E-005 0.259353 0.284993 0.0427429 0.178087 0.0678129 9.9973E-005
0.200995 0.0149333 9.9973E-005 9.9973E-005 0.544131 0.130308 0.0652313 0.0441019 9.9973E-005
0.0477656 0.0719176 9.9964E-005 9.9964E-005 0.55182 9.9964E-005 0.207418 0.12068 9.9964E-005
9.9955E-005 0.0238814 9.9955E-005 9.9955E-005 9.9955E-005 0.663944 0.278475 9.9955E-005 0.0332003
9.9982E-005 0.0934592 0.028195 0.162535 0.427721 9.9982E-005 0.244986 0.0254934 0.0174094
0.11162 0.0346075 0.0289452 9.9964E-005 9.9964E-005 0.819291 9.9964E-005 0.00513664 9.9964E-005
0.130453 0.0583818 0.0810127 0.215719 0.258632 9.9982E-005 0.237666 0.0179364 9.9982E-005
0.158772 9.9982E-005 0.00724871 0.147367 0.452284 9.9982E-005 0.12794 0.103017 0.00317162
0.131598 0.0326011 0.0292809 0.140043 0.376482 9.9982E-005 0.265578 0.0242175 9.9982E-005
0.102882 0.0897342 0.0520078 0.0784511 0.192681 0.105424 0.352738 0.0259818 9.9991E-005
0.292159 9.9964E-005 0.0647297 0.211043 0.402671 9.9964E-005 9.9964E-005 0.0289972 9.9964E-005
0.0528007 0.0200486 0.0646728 0.0579783 0.502044 0.0558327 0.204266 0.0422564 9.9991E-005
0.263021 9.9955E-005 9.9955E-005 0.0350829 9.9955E-005 0.628176 0.0732204 9.9955E-005 9.9955E-005
0.263307 0.0507944 0.0944451 0.110569 0.226534 9.9973E-005 0.25405 9.9973E-005 9.9973E-005
9.9964E-005 0.172825 9.9964E-005 0.0928497 0.198484 0.0456431 0.489799 9.9964E-005 9.9964E-005
0.137167 9.9973E-005 0.0152762 0.0530992 0.557844 9.9973E-005 9.9973E-005 0.177305 0.0590087
0.31856 0.1493 0.0296206 9.9964E-005 0.429111 9.9964E-005 0.0730086 9.9964E-005 9.9964E-005
9.9973E-005 0.0772403 0.0292991 0.211049 0.507818 9.9973E-005 0.13496 0.0393331 9.9973E-005
0.267848 0.00362039 0.0154018 9.9973E-005 0.671755 9.9973E-005 9.9973E-005 0.0290864 0.0119886
0.0448805 0.165869 0.033126 0.119148 0.345477 0.0833742 0.169492 0.0385334 9.9991E-005
9.9955E-005 0.137123 9.9955E-005 0.137461 0.475814 9.9955E-005 0.249101 9.9955E-005 9.9955E-005
0.124729 9.9964E-005 0.0414884 0.211583 9.9964E-005 0.545608 0.076192 9.9964E-005 9.9964E-005
0.0941226 0.0157329 0.0207321 0.110306 0.468114 9.9991E-005 0.082944 0.201787 0.00616197
0.151325 0.0744409 9.9973E-005 9.9973E-005 0.0821418 0.562094 0.128852 0.000846836 9.9973E-005
0.0909378 0.0388285 0.0764497 9.9982E-005 0.233788 0.397607 0.152536 9.9982E-005 0.00965215
9.9964E-005 9.9964E-005 0.00780929 9.9964E-005 0.614417 0.29806 0.0596708 9.9964E-005 0.0196431
9.9964E-005 0.0878643 9.9964E-005 0.0487053 9.9964E-005 0.527536 0.321749 0.013746 9.9964E-005
9.9955E-005 9.9955E-005 9.9955E-005 9.9955E-005 0.675988 0.0920933 0.229581 9.9955E-005 0.00183748
0.195986 0.0626579 0.0414751 0.131282 0.0969138 0.422612 0.0488732 9.9982E-005 9.9982E-005
0.0260411 9.9982E-005 9.9982E-005 0.0788093 0.607034 0.00486592 0.0970595 0.183364 0.00262639
0.00148744 0.0993973 0.14076 0.0273895 0.248941 0.12552 0.35068 0.00572343 9.9991E-005
9.9946E-005 0.0416883 9.9946E-005 9.9946E-005 0.14329 0.814422 9.9946E-005 9.9946E-005 9.9946E-005
9.9955E-005 9.9955E-005 0.0430221 0.00660207 9.9955E-005 0.797037 9.9955E-005 9.9955E-005 0.15284
0.246699 0.0795348 9.9982E-005 0.031832 0.465471 0.0524202 0.0655057 0.0583372 9.9982E-005
0.132221 9.9973E-005 0.0425939 0.0173278 0.626089 0.130983 0.0504851 9.9973E-005 9.9973E-005
0.216115 0.027759 0.0388421 0.110683 0.488335 9.9973E-005 9.9973E-005 0.117966 9.9973E-005
9.9964E-005 9.9964E-005 0.0260646 9.9964E-005 0.048056 0.637073 0.0657594 0.222647 9.9964E-005
0.187824 0.143471 9.9982E-005 0.069652 0.155672 0.361467 0.0600742 0.0216398 9.9982E-005
0.302787 0.000543898 0.0630729 0.11295 0.100621 0.14815 0.264949 0.00682629 9.9991E-005
0.209678 9.9964E-005 0.00061243 0.00191652 0.385131 9.9964E-005 0.402263 9.9964E-005 9.9964E-005
0.108488 0.13341 0.0541554 0.00405618 0.550745 0.148846 9.9973E-005 9.9973E-005 9.9973E-005
0.269109 9.9973E-005 0.0249091 0.106123 0.0528189 0.515512 9.9973E-005 0.0312283 9.9973E-005
0.147627 9.9982E-005 0.0562568 0.098379 0.315388 9.9982E-005 0.270013 0.0209064 0.0912305
0.2271 0.0292415 0.104098 0.214144 0.197025 9.9982E-005 0.0540175 0.174175 9.9982E-005
9.9973E-005 0.053425 9.9973E-005 0.225585 0.369565 0.0497035 0.215077 0.086345 9.9973E-005
0.0395722 0.0915284 9.9982E-005 0.0986937 0.335198 0.0110358 0.398715 0.0250574 9.9982E-005
0.283912 0.00412386 0.0812633 0.170832 0.270336 0.0463524 0.0274326 0.115647 9.9991E-005
0.199517 0.0841565 9.9964E-005 0.0237994 9.9964E-005 0.390722 0.301405 9.9964E-005 9.9964E-005
0.00223014 0.0178611 9.9982E-005 0.174112 0.546806 9.9982E-005 0.153716 0.0717038 0.0333701
9.9964E-005 9.9964E-005 9.9964E-005 0.265637 0.111102 0.339685 0.236451 9.9964E-005 0.0467249
0.179336 0.0781617 0.130001 0.0826676 0.254189 9.9982E-005 0.175604 0.0998401 9.9982E-005
0.126934 9.9946E-005 9.9946E-005 9.9946E-005 9.9946E-005 0.798387 0.0740788 9.9946E-005 9.9946E-005
0.0281829 0.0377641 0.149312 9.9973E-005 0.114986 0.351827 0.317629 9.9973E-005 9.9973E-005
0.0234875 0.0391161 0.0799606 0.240321 0.616715 9.9964E-005 9.9964E-005 9.9964E-005 9.9964E-005
9.9964E-005 0.0533215 9.9964E-005 0.291885 0.573679 9.9964E-005 0.056446 0.0242683 9.9964E-005
0.0688461 0.109742 0.0694911 0.00597048 0.347352 0.12261 0.275788 9.9982E-005 9.9982E-005
0.049887 0.123159 0.0349708 0.0229471 0.113731 0.171309 0.483796 9.9982E-005 9.9982E-005
0.0269839 9.9964E-005 9.9964E-005 0.0246097 0.518891 0.35314 0.0759756 9.9964E-005 9.9964E-005
0.0343993 9.9964E-005 9.9964E-005 0.152767 9.9964E-005 0.785245 9.9964E-005 0.0176269 0.00956248
9.9955E-005 0.00706806 9.9955E-005 0.0628374 9.9955E-005 0.754677 0.174918 9.9955E-005 9.9955E-005
0.0472833 9.9991E-005 0.0350958 0.100894 0.561891 0.0226128 0.122256 0.00606928 0.103798
0.0213966 9.9955E-005 9.9955E-005 0.00148129 9.9955E-005 0.906685 0.0699373 9.9955E-005 9.9955E-005
0.0700028 0.155253 0.041661 0.117455 0.298754 9.9991E-005 0.272939 0.0368449 0.00699106
9.9973E-005 9.9973E-005 0.0399725 0.0684323 0.0552093 0.803292 9.9973E-005 0.0202327 0.0125612
9.9973E-005 0.0259208 0.0949112 0.126796 0.713069 9.9973E-005 0.0274699 9.9973E-005 0.0115334
0.242932 0.080767 9.9973E-005 0.242456 0.145784 0.116647 0.171114 9.9973E-005 9.9973E-005
0.254383 0.0504922 0.0458547 0.247829 0.371049 9.9973E-005 0.0300917 9.9973E-005 9.9973E-005
9.9964E-005 0.0222568 9.9964E-005 0.0380704 9.9964E-005 0.567885 0.356882 9.9964E-005 0.0145057
0.0393092 0.0986337 0.173454 0.308346 0.272782 9.9982E-005 0.0702174 0.0370576 9.9982E-005
0.234174 0.0926559 0.0454646 0.149976 0.389428 0.0727252 9.9982E-005 0.0153769 9.9982E-005
0.123992 0.0711944 0.0219622 0.0244695 0.392525 0.263511 0.0412504 0.0280359 0.0330599
0.0151486 0.0714109 9.9982E-005 0.206899 0.343679 9.9982E-005 0.275587 0.0477951 0.0392805
0.168357 0.0431307 0.0443454 0.148251 0.439763 0.0692786 0.0230529 0.0637214 9.9991E-005
9.9973E-005 9.9973E-005 0.0466499 0.120773 0.415307 0.287017 0.10058 9.9973E-005 0.0293731
0.0601758 9.9973E-005 9.9973E-005 0.0645764 0.630421 9.9973E-005 0.129964 0.112692 0.00187141
9.9973E-005 9.9973E-005 0.0964737 0.181131 0.0425587 0.101442 0.364445 0.213649 9.9973E-005
0.0527191 0.0440164 9.9982E-005 0.251518 0.24308 0.110323 0.202593 0.095551 9.9982E-005
0.0359931 0.0617759 0.0868125 0.033955 0.486339 0.0246243 0.175876 0.0940812 0.000543115
0.219335 0.15896 0.0451266 0.224046 0.21231 9.9982E-005 0.05874 0.0812823 9.9982E-005
0.0434237 9.9982E-005 0.197344 0.0785113 0.386943 9.9982E-005 0.251841 0.0313863 0.0103508
0.115819 0.0827968 0.0835275 0.182012 0.397469 0.0405103 0.0976658 9.9982E-005 9.9982E-005
0.0112068 9.9964E-005 9.9964E-005 0.212435 0.607767 9.9964E-005 0.134551 0.0336416 9.9964E-005
0.0399678 9.9964E-005 9.9964E-005 0.0957649 0.524215 9.9964E-005 0.225988 0.113665 9.9964E-005
0.309784 0.0656904 0.11222 0.242248 0.0691297 0.0714479 0.12928 9.9982E-005 9.9982E-005
0.173112 9.9982E-005 0.011222 0.0757359 0.279218 0.261357 0.164948 0.0342066 9.9982E-005
9.9964E-005 9.9964E-005 0.0701837 9.9964E-005 0.271416 0.167434 0.48302 0.00754576 9.9964E-005
9.99641E-005 0.0204953 0.0934326 9.99641E-005 0.0437477 0.795797 0.0461271 9.99641E-005 9.99641E-005
9.9982E-005 9.9982E-005 0.00968755 0.0935921 0.268671 0.143043 0.33935 0.112089 0.0333671
0.283734 0.00254285 0.021008 0.355074 0.0536851 9.9982E-005 0.18683 0.0969262 9.9982E-005
0.092486 9.9955E-005 9.9955E-005 9.9955E-005 9.9955E-005 0.415073 0.417039 0.0749014 9.9955E-005
0.253083 0.0626068 9.9973E-005 9.9973E-005 0.406369 0.0254876 0.239345 0.0128089 9.9973E-005
0.0347275 9.9964E-005 9.9964E-005 9.9964E-005 0.549381 0.267363 0.14779 0.000338693 9.9964E-005
0.0215201 0.104544 9.9973E-005 0.0404552 0.0793992 0.309453 0.444328 9.9973E-005 9.9973E-005
9.9946E-005 0.126904 0.0599314 9.9946E-005 9.9946E-005 0.812565 9.9946E-005 9.9946E-005 9.9946E-005
0.116724 0.0665231 0.0613987 0.0244808 0.438331 0.0901445 0.157017 0.0452812 9.9991E-005
0.03498 0.00954388 0.0830439 9.99816E-005 0.28978 9.99816E-005 0.51475 9.99816E-005 0.0676022
0.14606 0.171806 0.0114564 0.154471 0.324364 0.0570398 0.0335992 0.101104 9.9991E-005
0.0690337 0.0160241 0.0438397 0.0371854 0.478705 0.257705 0.0973072 9.9982E-005 9.9982E-005
0.250822 0.0107898 0.0238149 0.253208 9.9973E-005 0.392231 0.0688344 9.9973E-005 9.9973E-005
0.231399 0.0289749 9.9982E-005 0.0647191 0.480985 0.0850966 0.098108 0.0105171 9.9982E-005
0.0691663 9.9991E-005 0.0166867 0.182177 0.419798 0.0216667 0.111323 0.111131 0.0679507
0.0231003 0.0762857 9.9973E-005 0.254392 0.539717 9.9973E-005 0.0450793 0.061126 9.9973E-005
0.100438 0.0408948 0.0553108 9.9991E-005 0.490705 0.0324625 0.123875 0.12015 0.0360637
0.11431 9.9955E-005 0.0514899 0.114668 9.9955E-005 0.719032 9.9955E-005 9.9955E-005 9.9955E-005
9.9964E-005 0.142639 9.9964E-005 0.0691477 9.9964E-005 0.342839 0.386273 0.0587016 9.9964E-005
9.9955E-005 9.9955E-005 9.9955E-005 0.259599 0.53885 9.9955E-005 0.150393 0.0506577 9.9955E-005
0.00409797 9.9973E-005 0.1872 0.119156 0.419208 9.9973E-005 0.269421 9.9973E-005 0.000617272
0.0629158 0.0157494 9.9964E-005 0.151058 0.643878 9.9964E-005 0.125999 9.9964E-005 9.9964E-005
0.264097 9.9973E-005 9.9973E-005 0.0138164 0.0685391 0.364431 0.285358 9.9973E-005 0.0034583
9.9955E-005 0.0410263 9.9955E-005 0.0671037 9.9955E-005 0.878821 0.0125492 9.9955E-005 9.9955E-005
9.9964E-005 0.0619178 9.9964E-005 0.0819364 0.252896 0.335222 0.267629 9.9964E-005 9.9964E-005
0.257143 0.0143687 9.9973E-005 0.133973 0.561038 0.0194725 9.9973E-005 9.9973E-005 0.0137047
0.119455 0.0394901 0.0501455 0.143003 0.547211 0.081264 0.00244161 0.0168902 9.9991E-005
0.210337 9.9973E-005 0.0680227 0.176618 0.439686 9.9973E-005 9.9973E-005 0.091679 0.0133575
0.0390149 0.0343916 0.0779736 0.250017 0.526542 9.9973E-005 0.0717606 9.9973E-005 9.9973E-005
9.9946E-005 9.9946E-005 0.0279671 9.9946E-005 9.9946E-005 0.840847 0.130586 9.9946E-005 9.9946E-005
9.9973E-005 0.1118 0.00947692 0.0864674 0.769881 0.0134622 9.9973E-005 0.00861182 9.9973E-005
9.9973E-005 9.9973E-005 0.105612 0.393388 0.357354 9.9973E-005 0.0907727 0.0185787 0.0339957
9.9973E-005 0.00510582 0.0340517 0.108134 0.641273 0.0982691 9.9973E-005 0.112867 9.9973E-005
0.0340245 0.0707142 0.00241973 0.110091 0.0871167 0.526863 0.168571 9.9982E-005 9.9982E-005
0.0676064 9.9973E-005 9.9973E-005 0.143186 0.565386 9.9973E-005 0.148583 0.0574776 0.0174609
0.0844353 9.9964E-005 9.9964E-005 0.236156 0.377215 9.9964E-005 0.255213 9.9964E-005 0.0465813
0.0348673 0.00734428 0.0380418 0.2137 0.540926 0.00814061 0.0786623 0.0521472 0.0261704
0.131403 0.0904845 0.0182626 0.159834 0.401584 0.0290051 0.160923 0.00840399 9.9991E-005
9.9964E-005 0.148553 0.0969327 9.9964E-005 0.174007 0.549735 0.0303715 9.9964E-005 9.9964E-005
9.9955E-005 9.9955E-005 9.9955E-005 0.067445 9.9955E-005 0.737454 0.107281 9.9955E-005 0.0873205
0.164514 0.0266025 0.0880069 0.252637 0.174151 9.9982E-005 0.23731 0.0565791 9.9982E-005
0.187116 0.0960354 0.0576299 0.210479 0.282806 0.023402 9.9982E-005 0.142332 9.9982E-005
0.0822019 0.0419486 0.00966266 0.145048 0.503253 0.0335254 0.0144298 0.16983 9.9991E-005
0.309357 0.0853279 0.0172883 9.9973E-005 0.229794 9.9973E-005 0.196549 0.161384 9.9973E-005
0.00337742 9.9964E-005 0.154303 9.9964E-005 0.234582 0.244203 0.363135 9.9964E-005 9.9964E-005
0.18575 9.9964E-005 9.9964E-005 0.128174 0.305501 9.9964E-005 0.230013 9.9964E-005 0.150162
9.9982E-005 0.0837325 9.9982E-005 0.0496999 0.423514 0.154237 0.22644 0.0454112 0.0167655
9.993E-005 9.993E-005 9.993E-005 0.999201 9.993E-005 9.993E-005 9.993E-005 9.993E-005 9.993E-005
9.9982E-005 0.0394783 0.0901865 0.087882 0.0670786 0.514037 0.160453 9.9982E-005 0.0406852
0.155042 0.046109 0.0519989 0.0594636 0.305642 0.236584 0.131737 9.9991E-005 0.0133234
9.993E-005 9.993E-005 9.993E-005 0.999201 9.993E-005 9.993E-005 9.993E-005 9.993E-005 9.993E-005
0.0631331 0.171494 0.00782391 0.115953 9.9982E-005 0.509922 0.0890655 0.0424087 9.9982E-005
0.135944 9.9973E-005 0.000623595 0.0126428 0.52871 0.0783261 0.243453 9.9973E-005 9.9973E-005
0.188119 0.306508 9.9964E-005 9.9964E-005 0.128956 0.335464 0.040554 9.9964E-005 9.9964E-005
0.0968237 0.0162546 0.118559 0.0872767 0.300387 0.195894 0.184605 9.9982E-005 9.9982E-005
0.202673 9.9973E-005 0.115041 0.0901357 9.9973E-005 0.109734 0.454647 0.027469 9.9973E-005
0.188438 0.0805052 0.0271201 9.9964E-005 9.9964E-005 0.638229 0.065308 9.9964E-005 9.9964E-005
0.180041 0.046109 0.090274 0.0991909 0.292047 0.251832 0.0403061 9.9982E-005 9.9982E-005
0.189902 0.0409743 9.9982E-005 0.0146935 0.194813 0.0942605 0.423401 0.0417551 9.9982E-005
0.0648695 0.139526 0.0729363 0.169909 0.380706 9.9982E-005 0.109559 0.0622933 9.9982E-005
0.115998 0.103943 0.0198493 0.300294 0.397617 9.9973E-005 9.9973E-005 0.0619989 9.9973E-005
0.189373 0.0490347 9.9991E-005 0.321525 0.230777 0.0253831 0.0475062 0.106717 0.0295846
0.300256 9.9982E-005 0.0674785 0.0113724 0.384242 0.045334 0.155518 0.0355993 9.9982E-005
9.9991E-005 0.00659694 0.0398186 0.0183658 0.513919 0.235731 0.123314 0.0162729 0.0458816
0.0804947 0.0425281 0.0704537 9.9973E-005 0.117952 0.678079 9.9973E-005 0.0101924 9.9973E-005
0.00231089 9.9991E-005 0.0604375 0.0196418 0.105703 0.334697 0.351795 0.120533 0.00478149
0.10189 0.0889492 0.0144286 0.172412 0.175758 0.00311116 0.234973 0.208379 9.9991E-005
0.37084 0.0529223 9.9973E-005 0.0789048 0.349626 9.9973E-005 0.140112 9.9973E-005 0.00729449
0.0854892 9.9955E-005 9.9955E-005 9.9955E-005 9.9955E-005 0.794167 0.0179567 0.101887 9.9955E-005
0.0819445 9.9973E-005 0.0377448 0.217418 0.381542 9.9973E-005 0.150592 0.13046 9.9973E-005
0.00458276 0.130755 0.161726 0.109779 0.317949 9.9982E-005 0.259621 0.015387 9.9982E-005
0.0583032 0.111078 0.0756668 0.0708487 0.302249 0.0988583 0.282796 9.9982E-005 9.9982E-005
9.9964E-005 9.9964E-005 0.0555261 0.117319 0.345499 9.9964E-005 0.289695 0.191561 9.9964E-005
0.197687 0.101721 0.108769 0.174886 0.0420571 0.062164 0.312517 9.9982E-005 9.9982E-005
9.9982E-005 0.194706 0.0223581 0.196472 0.204893 0.0798363 0.174873 0.126661 9.9982E-005
0.257943 0.0823465 9.9982E-005 0.239663 0.243559 0.0193798 0.0847042 0.0722045 9.9982E-005
0.0290088 9.9973E-005 0.0567561 0.170007 0.465238 9.9973E-005 0.159521 0.119169 9.9973E-005
0.0583624 0.0564844 0.00250404 0.276647 0.532352 9.9973E-005 9.9973E-005 9.9973E-005 0.0733502
0.271676 0.00724496 0.012893 0.171574 0.134074 0.149476 0.127952 0.125009 9.9991E-005
9.9982E-005 0.0535145 0.0131754 0.117848 0.0553052 0.417639 0.321488 0.02083 9.9982E-005
0.147506 9.9973E-005 0.00372819 0.294705 0.13481 0.211771 0.20718 9.9973E-005 9.9973E-005
0.219109 9.9982E-005 0.0136207 0.236078 0.0969309 9.9982E-005 0.317549 0.083572 0.0329402
0.178451 0.242944 9.9973E-005 0.179429 0.195477 0.0791336 0.124265 9.9973E-005 9.9973E-005
9.9973E-005 0.0126035 0.0106145 0.137141 0.418436 0.0440814 0.376824 9.9973E-005 9.9973E-005
0.0207439 9.9955E-005 9.9955E-005 9.9955E-005 9.9955E-005 0.940232 0.0180007 9.9955E-005 0.020524
0.448661 9.9973E-005 0.0421838 0.0678813 0.230045 0.00122707 0.209702 9.9973E-005 9.9973E-005
9.9955E-005 9.9955E-005 9.9955E-005 0.231424 0.10033 0.207912 0.459834 9.9955E-005 9.9955E-005
0.0746328 0.119173 9.9982E-005 0.339801 0.0870902 9.9982E-005 0.2782 0.0479509 0.0529513
0.193115 0.00711362 9.9982E-005 0.0592887 0.170852 0.164834 0.30693 0.0976653 9.9982E-005
0.177778 9.9982E-005 0.0209647 0.0369619 0.0181261 0.534043 0.141542 0.0703845 9.9982E-005
0.167678 9.9973E-005 9.9973E-005 0.0493216 0.155149 0.350845 0.170995 0.105711 9.9973E-005
9.9955E-005 0.106315 9.9955E-005 0.00167063 0.403984 0.487531 9.9955E-005 9.9955E-005 9.9955E-005
0.0645913 9.9955E-005 9.9955E-005 0.125478 0.552595 9.9955E-005 0.256836 9.9955E-005 9.9955E-005
9.9946E-005 9.9946E-005 9.9946E-005 9.9946E-005 9.9946E-005 0.624335 0.288796 0.0862699 9.9946E-005
0.256557 9.9973E-005 9.9973E-005 0.0321767 0.224324 0.391366 0.0388155 0.0564614 9.9973E-005
0.119914 0.0887565 0.122919 0.158495 0.436816 0.0293431 9.9991E-005 0.0262942 0.017363
0.114279 9.99371E-005 9.99371E-005 9.99371E-005 9.99371E-005 0.885022 9.99371E-005 9.99371E-005 9.99371E-005
9.9955E-005 0.137321 0.0300605 9.9955E-005 9.9955E-005 0.347367 0.484752 9.9955E-005 9.9955E-005
0.126403 0.0111019 9.9973E-005 0.0802111 0.155472 9.9973E-005 0.554675 0.071837 9.9973E-005
9.9955E-005 0.0222441 9.9955E-005 9.9955E-005 0.215552 0.260816 0.500888 9.9955E-005 9.9955E-005
0.00396339 9.9973E-005 0.0366773 0.214817 0.524535 0.0926235 0.127084 9.9973E-005 9.9973E-005
0.107102 0.0424548 0.0784327 0.0111359 0.582428 9.9982E-005 0.0673796 0.110868 9.9982E-005
0.00873337 9.9973E-005 0.0598275 9.9973E-005 0.345866 0.26871 0.11588 0.200683 9.9973E-005
0.142955 0.0561808 9.9964E-005 0.0510326 0.624351 9.9964E-005 0.125081 9.9964E-005 9.9964E-005
0.175078 9.9955E-005 9.9955E-005 0.131478 0.492512 9.9955E-005 0.200432 9.9955E-005 9.9955E-005
0.114579 0.0970828 0.0373522 0.122252 0.449861 0.036998 0.0710958 9.9991E-005 0.070679
0.00125831 0.12644 0.104812 0.117808 0.0649213 0.136718 0.447843 9.9982E-005 9.9982E-005
9.9982E-005 9.9982E-005 0.0238265 0.0239554 0.533885 0.21061 0.132184 0.0190788 0.0562611
0.0768529 0.0761361 9.9982E-005 0.125294 0.499935 9.9982E-005 0.00616627 0.10035 0.115065
9.9982E-005 9.9982E-005 0.01562 0.0762407 0.549064 0.104443 0.206975 0.00113048 0.0463268
0.296518 0.0672659 0.0422299 0.150198 0.126223 9.9991E-005 0.187574 0.0128098 0.117081
0.155828 0.0102088 0.0208565 0.20253 0.250897 9.9982E-005 0.223463 0.136018 9.9982E-005
0.154915 9.9982E-005 0.070547 0.0258125 0.200138 0.280183 0.13436 0.133844 9.9982E-005
0.134405 9.9964E-005 9.9964E-005 0.234094 0.484669 9.9964E-005 0.141869 9.9964E-005 0.00456334
0.29556 0.0169362 0.0635775 0.200947 0.183193 9.9982E-005 0.147427 0.0921591 9.9982E-005
0.118538 0.0313809 0.0127336 0.116804 0.304296 9.9991E-005 0.109994 0.241712 0.0644417
0.104782 0.0795512 0.00884134 0.195365 0.281719 9.9991E-005 0.0703933 0.0652241 0.194024
0.072608 0.0430109 0.0360099 0.243391 0.0992908 0.219954 0.194714 0.0909203 9.9991E-005
0.00329957 0.0502255 0.0306292 0.172889 0.567771 0.063208 9.9991E-005 0.0274419 0.0844357
0.213031 0.0390994 9.9982E-005 0.0518499 0.228854 0.0832226 0.365079 0.0186648 9.9982E-005
0.25086 9.9982E-005 0.076124 0.189521 0.366991 0.0164011 0.0579558 0.041948 9.9982E-005
0.0956627 0.00512756 9.9982E-005 0.156603 0.605449 9.9982E-005 0.00426642 0.0683249 0.0643659
0.204722 9.9973E-005 0.0644469 0.135666 0.465087 9.9973E-005 0.0454261 9.9973E-005 0.0843512
0.0744354 0.125184 9.9982E-005 0.0265629 0.178996 0.272413 0.244902 0.0773069 9.9982E-005
0.275574 9.9964E-005 9.9964E-005 9.9964E-005 0.0448284 0.306595 0.372403 9.9964E-005 0.000199561
9.9964E-005 9.9964E-005 0.0184263 0.0480146 0.894157 9.9964E-005 9.9964E-005 0.0101951 0.0288066
0.0881322 0.00314607 0.0563445 0.215326 0.481183 9.9982E-005 9.9982E-005 0.118908 0.03676
0.12554 0.0885698 0.0144881 0.203562 0.542624 9.9973E-005 9.9973E-005 0.0249161 9.9973E-005
0.307356 0.134238 9.9973E-005 0.10133 0.288639 9.9973E-005 0.0855665 0.0825708 9.9973E-005
9.9964E-005 9.9964E-005 0.0215257 0.338305 0.148769 0.199299 0.291702 9.9964E-005 9.9964E-005
0.503375 0.0315396 9.9973E-005 0.106076 0.100632 0.238507 0.01957 9.9973E-005 9.9973E-005
0.13559 0.0803187 9.9982E-005 0.21947 0.206479 9.9982E-005 0.207633 0.08248 0.0678296
9.9964E-005 0.00391297 0.12388 0.234685 9.9964E-005 0.445522 0.1916 9.9964E-005 9.9964E-005
0.0677906 9.9973E-005 0.0597256 0.00922034 0.485673 0.152148 0.225142 9.9973E-005 9.9973E-005
0.0439334 0.0465972 0.0327488 0.158973 0.208965 0.0318912 0.382023 9.9991E-005 0.0947688
9.9964E-005 0.0961046 0.017369 0.141969 9.9964E-005 0.691954 0.0522036 9.9964E-005 9.9964E-005
0.330167 0.0260639 0.0818173 0.0371294 0.124875 9.9991E-005 0.396897 0.00278965 0.000160598
0.264711 0.00867353 0.0335745 0.317586 0.321448 0.032356 0.00120008 0.0203508 9.9991E-005
9.9982E-005 0.0119494 0.0216629 0.148575 0.664432 0.0488981 0.0994982 9.9982E-005 0.00478478
0.246706 0.0558075 0.0734658 0.149873 0.460815 9.9973E-005 9.9973E-005 0.0130319 9.9973E-005
0.17799 0.0555516 9.9982E-005 0.290266 0.170247 9.9982E-005 0.220785 0.00621777 0.0787437
0.161084 9.9973E-005 0.0486849 0.120997 0.429883 9.9973E-005 0.181377 0.0576741 9.9973E-005
0.215642 0.0131141 0.0316019 0.0522485 0.612387 9.9973E-005 9.9973E-005 0.0747059 9.9973E-005
0.130133 0.0740916 9.9973E-005 0.133346 0.641373 0.00271667 9.9973E-005 0.0180398 9.9973E-005
0.240289 9.9982E-005 0.0800678 0.213492 0.232056 0.157606 0.0551933 0.0210959 9.9982E-005
0.217733 0.0394035 0.00360356 0.155492 0.55074 0.00627777 9.9991E-005 0.00155296 0.0250973
0.063488 9.9964E-005 9.9964E-005 0.36175 0.357389 9.9964E-005 0.112035 0.104939 9.9964E-005
0.389662 9.99371E-005 9.99371E-005 9.99371E-005 9.99371E-005 9.99371E-005 0.609638 9.99371E-005 9.99371E-005
0.240344 0.174351 9.9973E-005 0.0936189 0.30368 9.9973E-005 0.0889541 0.0987522 9.9973E-005
0.167739 0.0921488 0.0316549 0.211012 0.372746 9.9973E-005 0.124399 9.9973E-005 9.9973E-005
0.0260682 0.0166841 0.0339429 0.102977 0.323549 0.339124 0.119703 0.0378518 9.9991E-005
0.0422111 0.167332 9.9973E-005 0.128966 0.285933 0.298409 0.0768489 9.9973E-005 9.9973E-005
0.11363 0.0141616 0.0115162 9.9973E-005 0.676477 9.9973E-005 0.0987162 0.0851986 9.9973E-005
0.042324 0.0129822 0.0101854 0.0678268 0.171848 0.54121 0.0706309 0.0828927 9.9991E-005
0.106667 9.9964E-005 9.9964E-005 0.126648 0.408625 9.9964E-005 0.237388 0.120272 9.9964E-005
9.9955E-005 9.9955E-005 9.9955E-005 0.0223469 0.350088 0.167994 0.459072 9.9955E-005 9.9955E-005
0.0925871 0.00716616 0.0216571 0.0632836 0.691619 0.0225567 9.9991E-005 0.0414242 0.0596066
0.117619 0.286785 9.9964E-005 9.9964E-005 9.9964E-005 0.0260432 0.553006 0.0161472 9.9964E-005
9.9973E-005 0.0415687 9.9973E-005 0.102156 0.140721 0.214019 0.390661 9.9973E-005 0.110575
0.215767 9.9973E-005 0.130029 0.0584977 0.0330152 0.414987 0.147404 9.9973E-005 9.9973E-005
0.300883 0.0161573 0.0183754 0.0349678 0.378351 9.9973E-005 0.250966 9.9973E-005 9.9973E-005
0.178824 0.0770908 0.0217579 0.203608 0.406163 9.9973E-005 9.9973E-005 0.112256 9.9973E-005
0.173715 0.0220904 9.9973E-005 0.0251659 0.333598 0.33579 0.10934 9.9973E-005 9.9973E-005
0.331073 0.0929215 9.9973E-005 0.148126 0.172648 9.9973E-005 0.137456 0.117476 9.9973E-005
0.0563899 9.9964E-005 0.0651128 9.9964E-005 0.65366 9.9964E-005 0.178861 9.9964E-005 0.0455765
9.9946E-005 0.0366431 0.133703 9.9946E-005 9.9946E-005 0.829054 9.9946E-005 9.9946E-005 9.9946E-005
9.9964E-005 9.9964E-005 0.0283276 0.248467 0.480272 9.9964E-005 0.170814 0.07172 9.9964E-005
0.161215 9.9982E-005 0.0416528 0.0302495 0.493677 9.9982E-005 0.250905 0.00724102 0.0148598
0.264515 0.0124779 9.9973E-005 0.052258 0.520068 9.9973E-005 0.109707 0.0406738 9.9973E-005
0.0326765 0.173175 9.9982E-005 0.0569397 0.376147 0.00178899 0.224802 0.13427 9.9982E-005
9.9973E-005 0.0237904 0.0241616 0.131422 0.537855 9.9973E-005 0.251231 0.0312407 9.9973E-005
0.268418 0.00158357 0.0429119 0.11095 0.417225 0.00595291 0.12274 0.0301185 9.9991E-005
9.9973E-005 9.9973E-005 0.0700769 0.0296066 0.672558 0.00142135 0.214642 0.0113955 9.9973E-005
0.134642 0.0819134 0.0334808 9.9973E-005 0.461869 0.0754234 0.212372 9.9973E-005 9.9973E-005
9.9973E-005 0.054758 0.0408092 9.9973E-005 0.107647 0.459681 0.23516 0.101645 9.9973E-005
0.387016 9.9955E-005 9.9955E-005 0.0438767 0.516007 9.9955E-005 0.0526008 9.9955E-005 9.9955E-005
0.0304337 0.0375311 0.00735412 0.163365 0.760916 9.9964E-005 9.9964E-005 9.9964E-005 9.9964E-005
0.226567 0.133377 0.00415301 0.160714 0.228673 0.140736 0.10558 9.9982E-005 9.9982E-005
9.9973E-005 0.133355 9.9973E-005 0.0082393 0.272956 0.299441 0.257809 0.0278995 9.9973E-005
0.116814 9.9982E-005 0.0363498 0.215061 0.43897 9.9982E-005 0.0334212 0.125434 0.0337508
9.9973E-005 9.9973E-005 0.0182512 0.0887004 0.356056 0.185739 0.313474 0.0374795 9.9973E-005
0.0755491 0.0119408 0.0177351 0.155542 0.635662 0.034966 9.9982E-005 0.0684053 9.9982E-005
0.00105751 0.0272624 9.9982E-005 0.068801 0.379361 0.332376 0.189514 0.00142886 9.9982E-005
0.0485148 0.00517879 0.0378568 0.210058 0.245242 0.040252 0.307672 0.0596985 0.0455261
9.9973E-005 9.9973E-005 0.0195032 0.202514 0.0474349 0.332358 0.389717 0.00817377 9.9973E-005
9.9955E-005 0.122491 9.9955E-005 0.0589213 0.511269 0.306819 9.9955E-005 9.9955E-005 9.9955E-005
0.157343 0.127989 0.0874194 0.215354 0.177825 9.9973E-005 0.23377 9.9973E-005 9.9973E-005
0.166478 0.0826335 0.0364916 0.00516498 0.311637 0.20234 0.157628 0.037528 9.9991E-005
0.166021 0.0874775 0.0664911 0.173025 0.294106 9.9982E-005 0.167925 0.0447545 9.9982E-005
9.9973E-005 0.0929934 9.9973E-005 0.27892 0.455717 0.0260729 0.124857 0.0211403 9.9973E-005
0.0919296 0.01456 0.035257 0.148438 0.273428 9.9982E-005 0.328745 0.107442 9.9982E-005
9.9973E-005 0.0730843 9.9973E-005 0.31488 0.194722 0.215459 0.163202 0.0383526 9.9973E-005
0.224432 9.99549E-005 9.99549E-005 0.176106 0.189788 9.99549E-005 0.409174 9.99549E-005 9.99549E-005
0.256315 9.9973E-005 0.130947 0.0879272 0.280505 9.9973E-005 0.125627 0.118379 9.9973E-005
0.117282 9.9982E-005 0.000362492 0.0729191 0.48043 9.9982E-005 0.257344 0.0697607 0.00170219
0.0709025 9.9973E-005 9.9973E-005 9.9973E-005 0.211166 0.523413 0.0910127 0.0118602 0.0913462
9.9955E-005 0.0167378 9.9955E-005 9.9955E-005 0.000998378 0.867723 9.9955E-005 0.114041 9.9955E-005
0.00869375 0.0401662 9.9991E-005 0.111192 0.417712 0.101895 0.226997 0.0905524 0.00269244
0.483233 0.00495253 9.9973E-005 0.0510254 0.354999 0.0678383 9.9973E-005 0.0376516 9.9973E-005
0.110559 9.9982E-005 0.094787 0.0902872 0.174002 9.9982E-005 0.440915 0.012193 0.077057
0.305503 9.9982E-005 0.0025529 0.0137685 0.0895401 0.0800937 0.477099 0.0312426 9.9982E-005
0.23461 9.9973E-005 0.0545517 9.9973E-005 0.200041 0.169968 0.268006 0.072523 9.9973E-005
0.244133 0.053711 0.019419 9.9982E-005 0.311959 0.0838028 0.0602503 0.226525 9.9982E-005
0.0789855 0.126383 0.0468034 0.20459 0.415839 9.9991E-005 0.0894353 0.0278069 0.0100568
0.186611 0.0214671 9.9973E-005 0.118371 0.418261 9.9973E-005 0.180798 9.9973E-005 0.0741909
0.0188023 0.0220389 0.116767 0.20504 0.541845 9.9973E-005 9.9973E-005 0.0952061 9.9973E-005
0.0732534 9.9964E-005 9.9964E-005 0.125113 0.584121 9.9964E-005 9.9964E-005 0.133994 0.083119
9.9964E-005 0.00545734 9.9964E-005 0.0349857 0.698199 9.9964E-005 0.192159 0.0687989 9.9964E-005
0.178217 0.0342574 0.0784864 0.0258324 0.649901 9.9973E-005 0.0330054 9.9973E-005 9.9973E-005
0.012864 0.183459 9.9973E-005 0.235433 0.221981 9.9973E-005 0.315459 0.0305046 9.9973E-005
9.9973E-005 9.9973E-005 0.0206187 0.0696755 0.552133 9.9973E-005 0.183713 0.043334 0.130226
0.0293631 0.0609322 0.0476276 0.0943728 0.387721 0.0176832 0.180925 0.181275 9.9991E-005
0.324603 0.042851 9.9982E-005 0.140261 0.333098 0.0210556 9.9982E-005 0.130872 0.00706051
0.130348 9.9973E-005 0.0129527 9.9973E-005 0.42645 0.00232952 0.26361 0.16401 9.9973E-005
0.00393629 0.0363384 0.0234496 0.185126 0.498594 0.149804 0.0185553 0.0777536 0.00644284
9.9991E-005 0.142352 0.0868107 0.0121937 0.197431 0.443173 0.0619383 0.0472542 0.00874719
0.14485 0.0285369 0.0549719 9.9982E-005 0.136091 0.341195 0.217274 0.0768817 9.9982E-005
9.99551E-005 0.0759185 9.99551E-005 9.99551E-005 0.167036 0.730486 9.99551E-005 9.99551E-005 0.0260597
0.133381 9.9964E-005 9.9964E-005 0.095713 0.470219 9.9964E-005 0.0960304 0.204256 9.9964E-005
9.9964E-005 9.9964E-005 0.100667 9.9964E-005 0.180354 0.672656 0.0382179 9.9964E-005 0.00770454
0.0866663 0.146512 9.9982E-005 0.0238001 0.0064936 0.595906 0.0788796 0.0615431 9.9982E-005
0.231984 0.118605 9.9973E-005 0.0435007 0.439984 9.9973E-005 0.121605 0.0440207 9.9973E-005
0.0184432 0.092836 0.0519323 0.0166487 0.568943 0.0116877 0.121991 0.0620887 0.0554288
0.231607 0.0158435 0.00362302 0.212825 0.40833 0.00713482 0.0279669 0.0576888 0.034981
0.0723603 9.9964E-005 9.9964E-005 9.9964E-005 0.0044374 0.647203 0.238607 9.9964E-005 0.0369926
0.0256394 0.00803137 0.0301458 0.215258 0.521633 9.9982E-005 0.149823 0.0492699 9.9982E-005
0.108939 0.101123 9.9973E-005 0.0807674 9.9973E-005 0.284317 0.420464 0.00408961 9.9973E-005
9.9955E-005 9.9955E-005 9.9955E-005 0.164175 0.553676 0.0417136 9.9955E-005 0.239936 9.9955E-005
0.116877 9.9964E-005 0.0325869 9.9964E-005 9.9964E-005 0.705762 0.0823195 0.0620551 9.9964E-005
0.105144 0.012726 0.0560517 0.119705 0.183917 0.0110637 0.471608 0.0396843 9.9991E-005
0.0605313 0.000260554 9.9973E-005 0.13169 0.646426 9.9973E-005 0.155155 0.00563667 9.9973E-005
0.0668054 0.0291739 9.9973E-005 0.151788 0.599443 9.9973E-005 0.0844249 0.0680652 9.9973E-005
0.0780224 9.9973E-005 0.0115279 0.299569 0.338429 9.9973E-005 0.201659 0.0704929 9.9973E-005
9.9964E-005 0.0502862 9.9964E-005 0.044996 0.246351 0.628712 9.9964E-005 0.0292545 9.9964E-005
0.0342397 0.0788489 0.0191117 0.100623 0.324173 0.143774 0.265841 0.0332887 9.9991E-005
9.9982E-005 0.0849244 0.0988053 0.0670957 0.115021 0.250084 0.310974 0.0728951 9.9982E-005
9.9982E-005 0.092497 0.0410164 0.197626 0.368808 9.9982E-005 0.166741 0.0462758 0.0868358
9.9964E-005 9.9964E-005 9.9964E-005 9.9964E-005 0.0438518 0.626141 0.228912 0.0817918 0.0189036
0.216641 9.9991E-005 0.0330635 0.0859885 0.212085 0.0581446 0.155829 0.0429773 0.195172
0.0446792 0.0150198 9.9973E-005 9.9973E-005 0.165507 0.282905 0.427215 0.0643736 9.9973E-005
0.202762 9.9982E-005 0.024697 0.156085 0.390785 0.00418479 0.140372 0.0809143 9.9982E-005
0.203629 0.14714 9.9973E-005 0.0868506 0.0542664 0.110195 0.397619 9.9973E-005 9.9973E-005
9.9964E-005 9.9964E-005 0.023959 9.9964E-005 0.19081 0.530723 0.162205 9.9964E-005 0.0919037
0.108504 0.122972 0.0611064 0.170211 0.433132 9.9991E-005 0.0435719 0.0470953 0.0133075
0.214402 0.0921761 9.9982E-005 0.151622 0.312013 0.00883775 0.0381003 0.182648 9.9982E-005
0.502785 0.0261608 0.0754239 0.132155 0.246689 9.9973E-005 0.016486 9.9973E-005 9.9973E-005
0.255403 0.0265858 0.102925 9.9982E-005 0.490266 0.0361045 9.9982E-005 0.0111461 0.077369
9.9973E-005 0.0470605 0.103375 9.9973E-005 0.0158604 0.28301 0.494666 0.0557275 9.9973E-005
0.249694 9.9982E-005 0.0633783 0.157089 0.332547 0.00803958 0.147827 9.9982E-005 0.0412241
0.017584 9.9973E-005 0.0190573 0.0371193 0.720349 9.9973E-005 0.0960721 0.109519 9.9973E-005
9.9964E-005 9.9964E-005 0.0238393 0.0611622 0.660882 9.9964E-005 0.225931 0.0277858 9.9964E-005
0.0129018 0.135217 9.9982E-005 0.0242876 0.169336 0.430945 0.188095 0.0390184 9.9982E-005
0.0284687 0.0263164 0.0901759 0.23121 0.0972472 0.159693 0.285364 0.0814238 9.9991E-005
0.126792 0.00427881 0.115408 0.103001 0.560227 0.0309493 9.9982E-005 0.0591442 9.9982E-005
0.370282 0.058358 0.0265627 0.215956 9.9982E-005 0.0511774 0.258176 0.019288 9.9982E-005
0.179103 0.142738 0.0550226 9.9982E-005 0.186208 0.158411 0.109447 0.168871 9.9982E-005
0.323539 0.144423 0.0408281 0.100619 0.214121 9.9982E-005 0.145558 0.030713 9.9982E-005
9.9982E-005 0.0964797 0.0351607 0.0395452 0.100335 0.273046 0.342234 0.112999 9.9982E-005
0.208116 9.9982E-005 0.00421234 0.160461 0.130295 9.9982E-005 0.424091 0.0354361 0.0371886
0.00809188 0.0395941 0.00247214 9.9982E-005 0.289476 0.334533 0.310252 0.0153803 9.9982E-005
0.135163 0.146677 0.0296358 0.142631 0.536684 9.9973E-005 9.9973E-005 0.00890915 9.9973E-005
9.99639E-005 9.99639E-005 0.0862206 0.103278 0.551536 9.99639E-005 0.0777911 0.180775 9.99639E-005
0.0108988 0.0569746 0.0407453 0.0275451 0.590293 9.9991E-005 0.192903 0.0745863 0.00595378
9.9964E-005 0.0394937 9.9964E-005 0.307529 0.618347 9.9964E-005 9.9964E-005 0.0330943 0.00113638
9.9973E-005 0.215758 0.0531804 0.20567 0.474522 9.9973E-005 9.9973E-005 0.0471156 0.00345346
0.109271 0.016717 0.0793767 0.183358 0.408786 0.00706645 0.0554589 0.139866 9.9991E-005
0.278734 9.9973E-005 0.0327438 9.9973E-005 0.175934 0.198166 0.288769 0.0253533 9.9973E-005
0.294067 0.0620787 9.9973E-005 0.0416744 0.0959997 9.9973E-005 0.495008 0.0108723 9.9973E-005
0.193207 9.9964E-005 9.9964E-005 0.0420961 0.718284 9.9964E-005 0.0440899 0.00192317 9.9964E-005
0.0284594 0.0501617 0.0343226 0.0742272 0.646202 0.0173592 0.117711 0.0314565 9.9991E-005
0.153588 0.032244 0.063232 9.9982E-005 0.285918 0.0214356 0.28673 0.156653 9.9982E-005
0.215613 9.9973E-005 0.0242981 9.9973E-005 9.9973E-005 0.215768 0.421985 0.0199106 0.102126
0.0774657 9.9982E-005 0.0240449 0.248476 0.351751 9.9982E-005 0.0497822 0.182539 0.0657413
0.0014225 0.119925 9.9991E-005 0.0121924 0.499758 0.00427664 0.1967 0.131708 0.033918
9.9973E-005 0.06478 0.00536531 0.0124013 0.0762125 0.687524 0.153417 9.9973E-005 9.9973E-005
9.9955E-005 9.9955E-005 9.9955E-005 0.146905 0.175984 0.660552 9.9955E-005 0.0160593 9.9955E-005
9.9973E-005 0.0671619 0.0246078 0.193245 0.454589 9.9973E-005 0.106721 0.153376 9.9973E-005
0.148453 0.0693472 9.9964E-005 9.9964E-005 0.353253 9.9964E-005 9.9964E-005 0.105918 0.322628
0.299954 0.280039 0.0484582 9.9973E-005 9.9973E-005 9.9973E-005 0.0311316 0.065784 0.274333
0.417975 0.0735437 0.0713578 0.122395 0.0247192 9.9982E-005 9.9982E-005 0.0682316 0.221578
9.9982E-005 0.0229478 0.0271016 0.12732 0.457045 9.9982E-005 0.150469 0.122435 0.0924825
0.207371 0.100524 0.0308041 0.0594744 0.174187 9.9982E-005 9.9982E-005 0.0450933 0.382346
0.113621 0.256578 0.061876 9.9991E-005 0.0705188 0.0345267 0.0319454 0.129424 0.301409
9.9964E-005 0.0240552 9.9964E-005 9.9964E-005 0.202101 9.9964E-005 0.246089 0.0745825 0.452773
0.0871994 0.0351773 0.0659641 0.0460393 0.114025 9.9991E-005 0.0228658 0.290427 0.338202
0.396267 9.9964E-005 0.0521593 9.9964E-005 0.0921471 9.9964E-005 9.9964E-005 0.0823288 0.376698
0.208999 0.162158 0.0378264 0.118457 0.274176 9.9982E-005 9.9982E-005 0.0782331 0.11995
0.0751077 0.207973 0.0173124 0.0842506 0.210708 9.9991E-005 0.196298 0.0165286 0.191722
0.127505 0.0833515 0.0443929 0.0219209 0.209416 0.00839685 0.0141872 0.0638542 0.426975
0.0684956 0.0820603 0.155274 0.0132206 0.408981 9.9991E-005 0.0200939 0.0948042 0.156971
0.206304 0.0318178 0.0795623 0.104109 0.146979 9.9982E-005 9.9982E-005 0.244449 0.186579
0.161398 0.0178791 0.0590964 0.0878644 0.235326 9.9982E-005 9.9982E-005 0.109333 0.328903
0.144644 0.0998243 0.0985721 9.9964E-005 9.9964E-005 9.9964E-005 0.219644 9.9964E-005 0.436916
9.9982E-005 0.0673363 0.0829887 0.115949 0.282397 9.9982E-005 0.0632321 0.0905827 0.297314
0.106304 0.131341 0.040168 0.0536296 0.103688 9.9991E-005 0.203216 0.160519 0.201035
9.9973E-005 0.0355875 0.0406976 0.0401622 9.9973E-005 0.721605 0.0398782 9.9973E-005 0.121769
9.9991E-005 0.186913 0.11623 0.107947 0.226875 0.0259636 0.00937207 0.105319 0.221281
0.273329 0.0751032 0.0316514 0.100227 0.13839 9.9991E-005 0.0264809 0.0707312 0.283987
9.9982E-005 0.265052 0.0149102 9.9982E-005 0.470379 0.0853943 0.136166 0.0187233 0.00917644
0.130138 0.154088 9.9982E-005 0.0298766 0.051171 0.0182305 9.9982E-005 0.051793 0.564503
0.0931164 0.196712 0.0149407 0.244382 9.9973E-005 9.9973E-005 9.9973E-005 0.135847 0.314702
0.190483 0.0354562 0.0585242 0.220612 0.0517252 9.9991E-005 0.326815 0.0401778 0.0761064
0.114102 0.155187 0.111725 9.9982E-005 0.144158 0.00248537 9.9982E-005 0.0478536 0.424289
0.272789 0.128191 0.0524468 9.9982E-005 0.183736 9.9982E-005 0.0847044 0.0961559 0.181777
0.521187 0.128243 9.9973E-005 0.0175708 0.0284019 9.9973E-005 9.9973E-005 0.0961278 0.20817
0.0702492 0.26327 0.0547992 0.0109023 0.0264211 0.0307849 0.0488963 0.148953 0.345725
0.132539 0.0924458 0.13725 0.104785 9.9982E-005 0.0545235 9.9982E-005 0.0911118 0.387145
9.9955E-005 0.146581 9.9955E-005 9.9955E-005 9.9955E-005 9.9955E-005 0.105045 0.389692 0.358183
9.993E-005 0.999201 9.993E-005 9.993E-005 9.993E-005 9.993E-005 9.993E-005 9.993E-005 9.993E-005
0.124369 0.126537 0.202894 9.9991E-005 0.0889725 0.0156896 0.00155175 0.0820666 0.35782
0.0347215 0.0298125 0.0259585 9.9982E-005 0.331019 9.9982E-005 0.0184629 0.144803 0.415023
0.209622 0.0599408 0.0493515 9.9973E-005 9.9973E-005 0.0891994 0.0318633 9.9973E-005 0.559723
0.109124 0.0907528 0.041304 0.202869 9.9991E-005 0.00942727 0.0524459 0.10696 0.387018
0.021161 0.0169903 0.078687 0.0542227 0.0452001 0.074967 0.0596225 0.136211 0.512938
0.171411 0.0289111 0.0175661 0.132183 0.393682 9.9973E-005 9.9973E-005 0.255946 9.9973E-005
0.0651006 9.9955E-005 0.175174 9.9955E-005 0.20706 9.9955E-005 9.9955E-005 9.9955E-005 0.552166
0.170195 0.0762662 0.0615736 0.0396468 0.223604 9.9982E-005 9.9982E-005 0.132851 0.295663
0.109974 0.132571 0.0154122 0.101346 0.137427 9.9982E-005 0.055115 9.9982E-005 0.447955
0.360585 9.9973E-005 0.0479047 9.9973E-005 0.118066 9.9973E-005 0.0663327 0.106766 0.300046
9.993E-005 0.999201 9.993E-005 9.993E-005 9.993E-005 9.993E-005 9.993E-005 9.993E-005 9.993E-005
0.0839613 9.9982E-005 0.0379315 0.0922991 0.412812 9.9982E-005 0.142744 0.163092 0.0669604
0.119408 0.198879 0.0715897 0.00258834 0.181412 9.9982E-005 9.9982E-005 0.104659 0.321264
0.0381325 0.130449 0.0081772 9.9982E-005 0.184617 0.259381 0.359071 0.0199714 9.9982E-005
0.149565 0.15213 0.0599128 0.158675 0.275113 0.0119138 0.00253054 0.190059 9.9991E-005
9.9982E-005 9.9982E-005 0.00941513 0.198207 0.416421 0.0120237 0.208818 0.0178548 0.13706
0.0823676 0.0650439 0.0837655 0.0988273 0.176668 0.00317367 9.9991E-005 0.0651246 0.424929
0.283616 0.0499632 0.0368948 9.9973E-005 0.156669 9.9973E-005 9.9973E-005 0.215646 0.256912
0.11091 0.0731813 0.0889029 0.0412048 0.168224 9.9982E-005 9.9982E-005 0.151319 0.366058
0.178653 0.164137 9.9982E-005 0.0233732 0.227855 9.9982E-005 0.0277733 0.00569144 0.372318
0.400893 0.0585302 9.9973E-005 9.9973E-005 0.206911 0.0292251 9.9973E-005 0.0396566 0.264485
0.174633 0.0640008 0.0869437 9.9982E-005 0.19593 0.0168639 9.9982E-005 0.0198064 0.441623
0.0925927 0.0139602 0.0109658 0.0329802 0.222772 9.9991E-005 0.0989186 0.106409 0.421301
0.195332 0.312525 9.9955E-005 0.0224219 9.9955E-005 9.9955E-005 9.9955E-005 9.9955E-005 0.469222
0.0345657 0.283187 0.0834453 0.0586085 0.241399 9.9982E-005 9.9982E-005 0.00896825 0.289626
9.99369E-005 9.99369E-005 9.99369E-005 9.99369E-005 9.99369E-005 9.99369E-005 0.0571262 0.942174 9.99369E-005
9.9955E-005 0.13193 9.9955E-005 9.9955E-005 0.154054 9.9955E-005 9.9955E-005 0.135182 0.578333
9.9973E-005 0.0135422 0.0581789 0.0351051 0.243021 9.9973E-005 9.9973E-005 0.154421 0.495433
0.0168895 0.0731335 0.0663685 0.19505 0.0191339 0.0343671 9.9991E-005 0.227855 0.367103
0.15347 9.9982E-005 0.0253481 0.130188 0.026705 9.9982E-005 0.0681623 0.0694552 0.526471
0.119479 0.141291 9.9973E-005 0.291795 0.350221 9.9973E-005 0.0659453 9.9973E-005 0.0309681
0.0988447 0.0618981 9.9973E-005 9.9973E-005 0.223842 9.9973E-005 0.0482095 0.155871 0.411035
0.0104842 9.9982E-005 0.00183613 0.0229452 0.403208 0.0660455 0.391757 9.9982E-005 0.103524
0.233267 0.169814 0.0889862 9.9973E-005 0.177359 9.9973E-005 9.9973E-005 0.102025 0.228248
9.9982E-005 9.9982E-005 0.0063668 0.0930092 0.182882 0.0692183 0.00704477 0.0776145 0.563664
0.0652661 0.159718 9.9982E-005 9.9982E-005 0.353125 0.0805095 0.249359 0.0833647 0.0084575
0.157324 0.0583364 0.121751 9.9982E-005 0.121256 9.9982E-005 0.101309 0.199762 0.240062
