9.9973E-005 0.0864311 0.560449 9.9973E-005 0.0978776 0.145469 0.0765786 9.9973E-005 0.0328952
0.0845287 0.0608249 0.323354 0.115014 0.178972 0.171633 9.9991E-005 0.0175623 0.0480119
9.9973E-005 0.159712 0.348254 0.116666 0.312784 9.9973E-005 9.9973E-005 0.0347219 0.0275622
0.044807 0.0680085 0.618148 0.039603 0.0335996 0.0660256 9.9982E-005 0.129609 9.9982E-005
0.0110451 0.0112018 0.552221 0.0525299 0.238543 0.056583 9.9982E-005 9.9982E-005 0.0776766
9.9946E-005 9.9946E-005 9.9946E-005 9.9946E-005 0.271726 9.9946E-005 0.0391976 0.688477 9.9946E-005
0.0488093 9.9991E-005 0.59715 0.0218797 0.162602 0.0616689 0.0909057 0.00324732 0.0136373
9.9964E-005 0.0603469 9.9964E-005 0.0410043 9.9964E-005 0.0450129 9.9964E-005 0.816373 0.0368629
0.0581646 9.9982E-005 0.425208 0.0687874 0.182801 0.0513032 9.9982E-005 0.0428177 0.170718
0.150907 9.9973E-005 0.4942 9.9973E-005 0.214871 0.0301941 0.0053157 9.9973E-005 0.104213
9.9982E-005 0.0641108 0.544304 0.0199036 0.273741 0.0233128 0.0446548 9.9982E-005 0.0297732
0.114685 9.99655E-005 0.399003 9.99655E-005 0.149506 0.11008 9.99655E-005 0.226326 9.99655E-005
0.110016 0.0570004 0.654833 9.9973E-005 0.0451902 0.0427076 9.9973E-005 9.9973E-005 0.0899534
0.0641357 0.103336 0.613559 9.9982E-005 0.16982 9.9982E-005 0.00297596 0.0389571 0.00701685
0.0728526 9.9964E-005 0.0245506 9.9964E-005 0.310683 0.031509 9.9964E-005 0.560004 9.9964E-005
9.9964E-005 0.0925651 0.269184 0.143638 0.384426 9.9964E-005 9.9964E-005 9.9964E-005 0.109787
9.9973E-005 0.0895533 0.363703 9.9973E-005 0.315349 0.112293 9.9973E-005 0.107919 0.0108831
0.0458121 9.9973E-005 0.685383 0.0920729 9.9973E-005 0.0646883 0.0885153 9.9973E-005 0.0232286
0.12138 0.0321242 0.447516 0.0394189 0.325448 0.0195167 9.9982E-005 0.0143965 9.9982E-005
9.9964E-005 0.122373 0.650616 9.9964E-005 0.0784993 0.0534619 9.9964E-005 9.9964E-005 0.0946503
0.0669426 0.00147523 0.692253 0.124511 0.101487 0.0130315 9.9973E-005 9.9973E-005 9.9973E-005
0.0208869 0.0189075 0.466727 9.9982E-005 0.246069 0.118073 9.9982E-005 0.054904 0.0742325
0.0190071 0.130284 0.470655 9.9973E-005 0.225393 0.114334 9.9973E-005 9.9973E-005 0.0400277
9.9964E-005 0.162611 9.9964E-005 9.9964E-005 0.259481 9.9964E-005 0.00254194 0.504193 0.0707735
0.0325534 0.0667284 0.576154 0.147919 0.0106489 0.118632 9.9982E-005 9.9982E-005 0.0471647
0.0579072 9.9964E-005 0.105997 9.9964E-005 0.200034 0.0824448 9.9964E-005 0.553218 9.9964E-005
9.9964E-005 0.0664631 0.0614773 0.208321 0.251604 9.9964E-005 9.9964E-005 0.411735 9.9964E-005
0.0117991 9.9973E-005 0.584581 9.9973E-005 9.9973E-005 0.0100114 0.00112078 0.372827 0.0193603
9.9964E-005 0.0368273 9.9964E-005 9.9964E-005 0.282474 0.0563084 9.9964E-005 0.558025 0.0659654
0.000433891 0.0656826 0.717998 9.9964E-005 0.0582367 9.9964E-005 9.9964E-005 0.157249 9.9964E-005
0.0283433 0.048162 0.195992 9.9991E-005 0.153129 0.0352105 0.0481485 0.46294 0.0279742
0.0261306 0.029114 0.547233 0.00489712 0.155128 0.0960673 0.0777644 0.0320576 0.0316082
9.9973E-005 0.118948 0.184979 0.0662789 0.399091 9.9973E-005 9.9973E-005 0.135363 0.0950388
9.9946E-005 9.9946E-005 0.152661 9.9946E-005 9.9946E-005 9.9946E-005 0.0425704 0.804169 9.9946E-005
0.0822146 0.0228118 9.9955E-005 9.9955E-005 9.9955E-005 9.9955E-005 0.0712071 0.823267 9.9955E-005
0.032152 9.9973E-005 0.551977 0.135267 0.19254 9.9973E-005 9.9973E-005 0.0553208 0.0324424
0.158816 9.9964E-005 0.632061 0.0175532 0.0491652 9.9964E-005 9.9964E-005 0.142005 9.9964E-005
0.216911 0.0360582 0.484719 0.202529 0.0485886 9.9973E-005 9.9973E-005 9.9973E-005 0.010894
9.9964E-005 9.9964E-005 0.0549586 9.9964E-005 0.0700971 0.122631 9.9964E-005 0.667777 0.0841364
9.9982E-005 0.0757016 0.0648337 9.9982E-005 0.261471 0.14677 0.0289595 0.352815 0.0692491
0.151762 0.059569 0.134591 0.118335 0.373013 9.9973E-005 9.9973E-005 0.16243 9.9973E-005
0.0510991 0.0655644 0.486814 9.9964E-005 0.379243 9.9964E-005 0.0168802 9.9964E-005 9.9964E-005
0.0279625 0.0305812 0.474204 0.159233 0.0713159 0.0910723 9.9991E-005 0.114185 0.0313453
0.0991786 0.0132716 0.187656 0.142073 0.0440492 9.9982E-005 9.9982E-005 0.507653 0.00591883
0.0628191 0.0562909 0.507098 9.9973E-005 0.201784 9.9973E-005 0.136288 9.9973E-005 0.0354201
0.261118 0.0696437 0.35551 0.0758513 0.0939201 0.0912309 9.9982E-005 9.9982E-005 0.0525259
0.00392401 0.119137 0.462962 0.140545 0.165144 9.9991E-005 0.0246848 0.0430861 0.0404169
9.9982E-005 0.0686095 0.480171 0.0433025 0.349757 0.0110666 9.9982E-005 0.0360848 0.0108089
0.0736169 0.102183 0.295684 0.120998 0.242332 0.0343858 9.9991E-005 0.0199808 0.110719
9.9964E-005 9.9964E-005 0.0127625 0.00176171 0.39592 0.158053 9.9964E-005 0.431103 9.9964E-005
9.9982E-005 0.043232 0.615307 9.9982E-005 0.117099 0.00742635 0.115119 0.00372361 0.0978935
0.0102308 0.12863 0.214125 9.9991E-005 0.0778733 0.0477948 0.0710701 0.35413 0.0960457
0.160358 0.0142693 0.311394 0.0521794 0.258741 0.0842281 9.9982E-005 9.9982E-005 0.11863
9.99551E-005 0.00351576 9.99551E-005 0.0561486 0.231484 9.99551E-005 9.99551E-005 0.708352 9.99551E-005
9.9964E-005 0.0330023 0.16688 9.9964E-005 0.259606 9.9964E-005 9.9964E-005 0.408064 0.132049
0.00211131 0.0269254 0.634354 9.9982E-005 0.0973173 0.0808969 0.0456183 9.9982E-005 0.112577
9.9973E-005 0.136885 0.655978 0.0426919 0.0351479 9.9973E-005 0.010114 9.9973E-005 0.118882
0.0658069 0.0372109 0.404656 0.00621181 0.15839 0.0917088 9.9991E-005 0.143405 0.0925104
0.0411799 0.0795587 0.160491 9.9973E-005 0.376919 9.9973E-005 9.9973E-005 0.209644 0.131907
9.9955E-005 9.9955E-005 0.602589 9.9955E-005 0.0401761 9.9955E-005 9.9955E-005 0.349571 0.00716397
9.9973E-005 0.0557012 9.9973E-005 0.0483376 0.0375619 0.0640634 0.0390509 0.754985 9.9973E-005
9.9964E-005 0.0225153 9.9964E-005 0.0013015 0.137779 9.9964E-005 9.9964E-005 0.810696 0.0273085
9.9973E-005 9.9973E-005 0.628475 0.122876 0.155967 0.0226294 0.0435798 0.0261724 9.9973E-005
9.99461E-005 0.0155576 9.99461E-005 9.99461E-005 0.0662485 9.99461E-005 9.99461E-005 0.917594 9.99461E-005
0.101872 0.00264127 0.493405 9.9973E-005 0.28914 0.0929341 9.9973E-005 9.9973E-005 0.0197077
0.118663 0.000632431 0.0733864 9.9955E-005 9.9955E-005 9.9955E-005 9.9955E-005 0.806818 9.9955E-005
0.174665 0.0598617 0.634559 9.9973E-005 9.9973E-005 0.0318204 0.0107684 9.9973E-005 0.0880255
9.9973E-005 0.120894 0.178224 0.048832 0.432269 0.155002 9.9973E-005 0.0644793 9.9973E-005
0.0807021 0.112064 0.499508 0.0726052 0.0981388 0.0429447 9.9982E-005 9.9982E-005 0.0938376
0.0191359 9.9955E-005 9.9955E-005 9.9955E-005 0.386569 9.9955E-005 0.0133883 0.580407 9.9955E-005
0.135886 0.15781 0.334282 9.9991E-005 0.0230553 0.129804 0.0257336 0.0155846 0.177744
0.0609024 0.0258727 0.517648 0.104759 0.0400674 0.10117 9.9991E-005 0.0698812 0.0795994
0.0282437 0.0966097 0.390625 9.9991E-005 0.0576545 0.0770957 0.0449499 0.302834 0.00188806
0.0205462 0.0744387 0.455812 9.9982E-005 0.31078 0.108587 0.0207922 9.9982E-005 0.00884407
0.0802477 0.0914438 0.507569 0.0537269 0.094274 0.142495 9.9991E-005 0.0255466 0.00459784
0.0915171 0.0759025 0.366649 9.9973E-005 0.104383 0.0157269 9.9973E-005 0.345522 9.9973E-005
0.0734074 0.104802 0.612381 0.00913794 0.158479 0.0414933 9.9973E-005 9.9973E-005 9.9973E-005
9.9982E-005 0.0774074 0.297222 0.133108 0.226356 0.0476185 9.9982E-005 0.125863 0.092225
0.0111289 0.141442 0.401518 0.0687118 0.277871 0.0107585 0.00384853 0.0846218 9.9991E-005
0.00970157 0.0643922 0.513053 0.13875 0.0277745 0.0954854 9.9991E-005 0.0439392 0.106805
0.0829742 0.145655 0.336905 9.9973E-005 0.14043 0.238336 9.9973E-005 9.9973E-005 0.0554006
0.0633744 0.0945622 0.367012 0.0431869 0.288026 9.9973E-005 9.9973E-005 9.9973E-005 0.143538
0.0537223 0.109941 0.486804 9.9982E-005 0.0941193 0.101018 9.9982E-005 0.0503653 0.10383
0.101824 0.080348 0.65862 9.9964E-005 0.0384693 0.120339 9.9964E-005 9.9964E-005 9.9964E-005
9.9964E-005 0.0756675 0.591353 9.9964E-005 0.171217 0.0699433 9.9964E-005 9.9964E-005 0.0914187
0.222771 0.0781225 0.242436 0.0129303 0.241843 0.0245647 9.9991E-005 0.076349 0.100883
9.9973E-005 0.0625073 0.312589 0.100621 0.229958 9.9973E-005 9.9973E-005 0.25771 0.0363158
9.9973E-005 0.0991389 0.202027 9.9973E-005 0.417761 9.9973E-005 0.067995 0.137202 0.0755764
9.99461E-005 0.0372953 9.99461E-005 9.99461E-005 0.202864 9.99461E-005 9.99461E-005 0.759241 9.99461E-005
0.0803953 0.0774638 0.315931 9.9982E-005 0.165786 9.9982E-005 0.0479921 0.236159 0.0760729
0.110909 0.264641 0.301952 0.0108986 0.285868 0.0133985 9.9991E-005 0.00393972 0.00829399
0.0399694 0.0179584 0.168388 0.0115247 0.309646 9.9973E-005 9.9973E-005 0.452214 9.9973E-005
0.0844148 0.0655886 0.53141 0.0903186 0.144164 0.0273 9.9991E-005 0.0425673 0.0141367
9.9964E-005 9.9964E-005 0.52052 9.9964E-005 0.157948 9.9964E-005 0.0402599 0.255246 0.0256268
0.0450151 0.0420175 0.146624 9.9973E-005 0.345551 0.015459 9.9973E-005 0.405034 9.9973E-005
9.9955E-005 0.00887883 9.9955E-005 9.9955E-005 9.9955E-005 0.12813 9.9955E-005 0.830479 0.0320124
0.176951 0.0603114 0.446248 0.0200581 0.228228 0.0195674 9.9982E-005 0.0484357 9.9982E-005
0.124834 0.0586182 0.151744 0.0307275 0.598017 9.9982E-005 9.9982E-005 0.00114196 0.0347179
0.040489 0.183624 0.405915 0.0355618 0.142896 0.115842 9.9991E-005 0.047671 0.0279006
0.00785687 9.9964E-005 0.620345 9.9964E-005 0.0981133 9.9964E-005 9.9964E-005 0.208031 0.0652536
0.119222 0.0419492 0.018035 9.9973E-005 0.364518 0.0828699 9.9973E-005 0.373107 9.9973E-005
0.0442403 0.0700699 0.661554 0.119714 9.9973E-005 0.0334892 9.9973E-005 0.0706325 9.9973E-005
9.9991E-005 0.175504 0.515864 0.0144096 0.0699098 0.00363639 0.116045 0.0170237 0.0875069
0.149167 0.053934 0.599303 9.9964E-005 9.9964E-005 0.174071 9.9964E-005 9.9964E-005 0.0231258
0.053204 0.113128 0.514128 0.00367679 0.10052 0.0515445 0.060748 9.9991E-005 0.102951
0.0442175 0.0471268 9.9964E-005 9.9964E-005 0.16226 9.9964E-005 9.9964E-005 0.689569 0.0564265
9.9973E-005 0.0813297 0.0876337 9.9973E-005 0.223779 0.155739 0.0696798 0.381539 9.9973E-005
9.9964E-005 0.0719093 0.593119 9.9964E-005 0.194468 0.0226737 9.9964E-005 9.9964E-005 0.117431
0.116038 0.0194582 0.470229 9.9973E-005 0.165886 9.9973E-005 9.9973E-005 0.0421143 0.185975
0.0352994 0.0860658 0.685125 0.00459756 0.145343 9.9982E-005 0.00272559 9.9982E-005 0.0406435
9.99568E-005 0.0671563 0.200238 9.99568E-005 0.381462 9.99568E-005 9.99568E-005 0.350644 9.99568E-005
9.9946E-005 0.050703 9.9946E-005 9.9946E-005 9.9946E-005 9.9946E-005 0.031671 0.917026 9.9946E-005
9.9964E-005 0.0603054 0.252036 0.00680512 0.276805 9.9964E-005 9.9964E-005 0.403649 9.9964E-005
9.9973E-005 0.0892572 0.671515 0.100313 0.0618096 9.9973E-005 0.0445493 9.9973E-005 0.0322557
0.0624736 0.108354 0.553875 0.00659787 0.0514118 0.136179 9.9991E-005 0.0685634 0.012446
0.0753723 0.0436011 0.650319 0.0197067 9.9973E-005 0.107128 9.9973E-005 9.9973E-005 0.103573
0.0668696 0.087416 0.542176 0.0190828 0.0757961 0.0720914 9.9982E-005 9.9982E-005 0.136368
9.9964E-005 0.0302917 9.9964E-005 0.0542562 0.0127687 9.9964E-005 9.9964E-005 0.878239 0.0240442
0.0640178 0.0166136 0.773826 0.0134494 9.9991E-005 0.051145 0.0218897 0.0319888 0.0269695
9.9955E-005 0.1185 0.507388 0.239393 9.9955E-005 9.9955E-005 9.9955E-005 9.9955E-005 0.13422
0.00497497 0.0593456 0.687677 9.9982E-005 0.00805848 0.115182 9.9982E-005 0.090438 0.0341233
9.9964E-005 0.00275247 0.205984 9.9964E-005 0.210616 9.9964E-005 9.9964E-005 0.579007 0.00124073
9.9955E-005 0.0605949 0.638446 0.147872 0.152587 9.9955E-005 9.9955E-005 9.9955E-005 9.9955E-005
9.9973E-005 0.131791 0.416898 0.00582699 0.278835 9.9973E-005 0.0903106 9.9973E-005 0.0760383
0.107812 0.0680236 0.716378 9.9973E-005 9.9973E-005 0.0104375 0.0148803 9.9973E-005 0.0821685
0.0965356 0.00418305 0.455439 9.9982E-005 0.297272 0.0973925 9.9982E-005 0.0157226 0.0332547
0.17803 9.9955E-005 0.195117 9.9955E-005 0.0481989 9.9955E-005 9.9955E-005 0.578155 9.9955E-005
9.9973E-005 0.0524538 9.9973E-005 9.9973E-005 0.0294457 0.0021528 0.0339452 0.836955 0.0447475
0.127174 0.0530676 0.303633 0.117387 0.271289 9.9973E-005 9.9973E-005 9.9973E-005 0.12715
9.9973E-005 0.0788582 0.381671 0.123898 0.079429 0.290116 9.9973E-005 9.9973E-005 0.0457279
0.0687063 0.0132624 0.529677 0.0966279 0.158101 0.133325 9.9973E-005 9.9973E-005 9.9973E-005
9.9964E-005 9.9964E-005 0.278766 0.157183 0.426291 0.136781 9.9964E-005 9.9964E-005 0.000579077
0.023555 0.0516629 0.236921 9.9973E-005 0.280302 9.9973E-005 9.9973E-005 0.326556 0.0807043
9.9982E-005 0.0325413 0.496606 0.127099 0.130303 9.9982E-005 0.165177 0.022503 0.0255699
9.9982E-005 0.018433 0.571124 0.00759868 0.0940962 0.0892972 9.9982E-005 0.19592 0.0233308
9.993E-005 0.999201 9.993E-005 9.993E-005 9.993E-005 9.993E-005 9.993E-005 9.993E-005 9.993E-005
0.0771304 0.0736232 0.0822842 9.9991E-005 0.189943 0.0117354 0.0105825 0.490824 0.0637771
0.0209852 9.9982E-005 0.387498 0.00441831 0.223832 9.9982E-005 0.0375407 0.231589 0.0939362
9.993E-005 0.999201 9.993E-005 9.993E-005 9.993E-005 9.993E-005 9.993E-005 9.993E-005 9.993E-005
9.9973E-005 0.100828 0.0991697 0.0755521 9.9973E-005 0.0761288 9.9973E-005 0.575295 0.0727267
9.9955E-005 9.9955E-005 0.579884 0.0537839 0.218458 9.9955E-005 9.9955E-005 0.147374 9.9955E-005
9.9982E-005 0.00303606 0.200557 0.15725 0.256693 0.0954615 9.9982E-005 0.27699 0.00981287
0.0885128 9.9973E-005 0.243351 0.100355 0.25239 0.0142402 9.9973E-005 0.300851 9.9973E-005
0.0730254 0.076195 9.9982E-005 0.129043 0.55904 0.0312975 9.9982E-005 0.0763976 0.0548016
0.00540839 9.9973E-005 9.9973E-005 9.9973E-005 0.275258 0.0363537 0.0467389 0.633849 0.0020929
0.132931 0.0614942 0.319562 0.102298 0.000287373 9.9982E-005 9.9982E-005 0.297808 0.0854194
9.9982E-005 0.065189 0.21519 0.1218 0.386669 0.0902257 9.9982E-005 0.119932 0.000793227
0.0930889 0.052734 0.363568 0.160447 0.19951 0.0555131 9.9982E-005 9.9982E-005 0.0749386
0.0183504 0.0465092 0.547036 9.9964E-005 9.9964E-005 0.27695 9.9964E-005 9.9964E-005 0.110754
9.9982E-005 0.0672788 0.520568 0.0218562 0.0283301 0.201611 0.143351 0.0168051 9.9982E-005
0.0698103 9.9973E-005 0.403113 0.168153 0.213254 9.9973E-005 9.9973E-005 0.0260673 0.119303
0.0118567 0.0141589 0.452793 0.0030242 0.098001 0.0349935 0.0590826 0.302395 0.0236946
0.0468286 9.9973E-005 0.0709952 0.0784932 9.9973E-005 0.018846 9.9973E-005 0.723603 0.0609336
9.9982E-005 9.9982E-005 0.183805 0.016607 0.313642 0.0195783 0.0751591 0.358679 0.0323296
0.0576143 0.169661 0.278857 0.133111 0.207991 0.152466 9.9973E-005 9.9973E-005 9.9973E-005
0.161616 0.125839 0.391683 0.14949 0.159976 0.0110947 9.9973E-005 9.9973E-005 9.9973E-005
9.9955E-005 0.0191541 9.9955E-005 0.0527778 0.144759 9.9955E-005 9.9955E-005 0.782809 9.9955E-005
0.127877 0.0608115 0.520676 0.0772152 0.1122 0.0801101 9.9982E-005 9.9982E-005 0.0209101
0.0678913 0.0682025 0.320474 9.9982E-005 0.272398 0.158854 9.9982E-005 0.00289811 0.109082
0.0324096 0.0807152 0.392284 0.0982026 0.0502018 0.0438007 9.9991E-005 0.205736 0.0965498
9.9973E-005 0.137708 0.405693 0.01968 0.195245 9.9973E-005 0.132899 9.9973E-005 0.108475
0.0839257 0.0658355 0.282463 0.07429 0.360547 9.9982E-005 9.9982E-005 0.0868773 0.0458616
0.0691029 0.150409 0.283558 9.9982E-005 0.161016 0.260976 9.9982E-005 0.0357012 0.0390371
0.0525296 0.0748202 0.469223 9.9973E-005 0.155013 0.231077 9.9973E-005 0.0170366 9.9973E-005
0.0466621 0.0533935 0.626494 0.0271058 0.176704 0.00575029 0.0183867 9.9991E-005 0.045404
9.9955E-005 0.159988 0.677841 9.9955E-005 9.9955E-005 0.0821675 9.9955E-005 9.9955E-005 0.0795034
0.0392647 0.108688 0.255795 0.0424869 0.358152 0.0831485 0.0313953 0.0809692 9.9991E-005
9.9991E-005 0.0738317 0.0257316 0.0303507 0.384751 0.0360564 0.00432498 0.437786 0.00706799
0.000815158 0.17387 0.331231 0.0760176 0.117947 0.0315227 9.9991E-005 0.258577 0.00991988
9.9991E-005 0.140886 0.220234 0.182011 0.272779 0.0468011 0.0669701 0.0216748 0.048544
0.0243039 0.116204 0.221709 0.0657873 0.24098 0.154817 0.0675267 0.108571 9.9991E-005
9.9964E-005 0.035784 0.398785 9.9964E-005 0.319287 0.148833 9.9964E-005 0.0969102 9.9964E-005
9.9946E-005 0.00443048 9.9946E-005 9.9946E-005 9.9946E-005 0.0355486 9.9946E-005 0.959421 9.9946E-005
0.0625806 0.0762022 0.271928 0.089582 0.430143 9.9973E-005 9.9973E-005 9.9973E-005 0.0692643
0.0201166 0.107739 0.0877779 9.9982E-005 0.371562 0.0782407 9.9982E-005 0.252006 0.0823571
0.12707 0.133859 0.185772 0.0144371 0.406424 0.0883612 0.0266507 9.9991E-005 0.0173262
9.9982E-005 0.0250924 0.294441 0.0293715 0.365065 0.0662067 9.9982E-005 0.159432 0.0601922
0.0450901 0.0298231 0.065533 0.038827 0.248754 9.9982E-005 9.9982E-005 0.540033 0.0317401
0.0273226 0.0127526 0.221715 0.206972 0.117177 9.9982E-005 9.9982E-005 0.395645 0.0182156
9.9973E-005 0.000177711 0.2147 9.9973E-005 0.049897 0.170835 9.9973E-005 0.542198 0.0218927
0.0299805 0.0608985 0.584278 9.9955E-005 0.324343 9.9955E-005 9.9955E-005 9.9955E-005 9.9955E-005
9.9955E-005 0.0164751 9.9955E-005 0.0966579 0.161884 9.9955E-005 9.9955E-005 0.724483 9.9955E-005
9.9964E-005 9.9964E-005 0.357167 0.173011 0.0812826 0.0263817 9.9964E-005 0.361758 9.9964E-005
0.119023 0.0177999 0.437217 0.0941787 0.188733 0.051474 9.9982E-005 9.9982E-005 0.0913748
9.99461E-005 9.99461E-005 9.99461E-005 0.0274182 0.0484189 9.99461E-005 9.99461E-005 0.923563 9.99461E-005
9.9955E-005 9.9955E-005 9.9955E-005 9.9955E-005 0.605133 0.00190723 9.9955E-005 0.373837 0.0186229
0.0970612 0.0477623 0.29703 0.0394884 0.504419 0.0139394 9.9973E-005 9.9973E-005 9.9973E-005
9.9955E-005 0.00598419 0.257031 9.9955E-005 0.430065 9.9955E-005 9.9955E-005 0.30642 9.9955E-005
0.040469 0.0436435 0.511816 0.0137652 0.196472 9.9982E-005 9.9982E-005 0.129409 0.064225
9.9982E-005 0.0240172 0.651993 0.0347247 0.0984069 0.0438981 0.0331838 9.9982E-005 0.113576
0.0070018 9.9982E-005 0.3061 0.0665594 0.175463 0.077301 9.9982E-005 0.297878 0.0694981
9.9964E-005 9.9964E-005 0.800859 0.0170074 0.148549 0.0169721 9.9964E-005 9.9964E-005 0.0162126
0.0644896 0.013936 0.685478 9.9964E-005 0.214178 9.9964E-005 9.9964E-005 9.9964E-005 0.0215185
0.0611946 0.0498048 0.405756 0.129201 0.334258 9.9973E-005 9.9973E-005 9.9973E-005 0.0194863
0.00199631 0.0791805 0.0338237 0.0196381 0.431644 0.0974372 9.9991E-005 0.183337 0.152843
9.9973E-005 0.0259636 0.580389 0.0261245 9.9973E-005 0.0228019 9.9973E-005 0.226696 0.117725
0.0262184 0.0538301 0.580621 0.113906 0.082772 0.0553331 0.0787244 9.9991E-005 0.00849508
0.0283988 0.0791025 0.451041 9.9982E-005 0.197247 9.9982E-005 0.0083542 0.122339 0.113318
0.249497 0.0818464 0.391105 0.0702401 0.143232 9.9973E-005 0.0637796 9.9973E-005 9.9973E-005
9.9982E-005 0.0587946 0.254556 0.131513 0.430238 0.10016 0.0223193 9.9982E-005 0.00221949
0.0425148 9.9982E-005 0.236997 0.136488 0.210236 0.00413901 9.9982E-005 0.292006 0.0774203
0.0189717 0.108456 0.653936 9.9982E-005 0.102316 0.00695161 0.056258 9.9982E-005 0.0529104
9.9955E-005 9.9955E-005 0.266562 0.157305 0.329745 9.9955E-005 9.9955E-005 9.9955E-005 0.245888
0.00894611 0.0568346 0.318331 0.179647 0.176797 0.101256 0.0944674 9.9991E-005 0.063622
0.0826087 0.0529873 0.34427 9.9973E-005 0.184821 0.131051 0.203962 9.9973E-005 9.9973E-005
0.0768223 0.109943 0.0787591 0.0141788 0.320082 0.125874 9.9991E-005 0.224062 0.0501786
9.9973E-005 0.059252 0.616324 9.9973E-005 9.9973E-005 0.156927 0.0510966 0.0188773 0.0972228
9.9982E-005 0.140812 0.209134 0.10362 0.417018 0.0121025 9.9982E-005 0.099279 0.0178349
0.107105 0.0495484 0.580236 0.0368698 0.0590359 0.0609273 9.9991E-005 0.00348838 0.10269
0.0777935 0.00366113 0.761595 9.9973E-005 9.9973E-005 0.0332059 0.0425661 9.9973E-005 0.0808785
0.123917 0.00891011 0.504004 0.043928 0.216502 9.9973E-005 9.9973E-005 9.9973E-005 0.10244
9.9973E-005 9.9973E-005 0.266938 0.0288588 0.134392 0.210628 9.9973E-005 0.344155 0.0147274
0.00314574 9.9973E-005 0.158444 9.9973E-005 0.375598 9.9973E-005 0.103292 0.342136 0.0170847
9.9955E-005 0.0756139 0.873073 9.9955E-005 9.9955E-005 9.9955E-005 0.00837375 9.9955E-005 0.0424395
0.0390702 0.111624 0.570912 0.189769 9.9973E-005 9.9973E-005 9.9973E-005 0.0119341 0.0763904
0.0562842 0.0643942 0.63491 9.9973E-005 0.100194 0.0972723 0.0466458 9.9973E-005 9.9973E-005
9.9973E-005 0.0425381 0.391432 9.9973E-005 0.397382 0.0969435 0.0624098 9.9973E-005 0.00899477
9.9982E-005 0.211903 0.15826 0.00681822 0.333009 0.0258931 9.9982E-005 0.226953 0.0369645
0.0261279 0.136841 0.192656 0.191414 0.286917 9.9973E-005 9.9973E-005 0.165743 9.9973E-005
0.0434163 0.0826316 0.328891 0.0776367 0.308527 0.103548 0.019078 9.9991E-005 0.0361714
0.00754414 0.0680083 0.0713947 9.9982E-005 0.170529 0.0893281 9.9982E-005 0.514476 0.0785202
0.11114 9.9964E-005 0.438655 9.9964E-005 0.224118 9.9964E-005 9.9964E-005 0.173239 0.0524481
0.00431592 0.129193 0.212538 9.9982E-005 0.489365 0.0641511 0.0732019 0.0270354 9.9982E-005
9.9946E-005 9.9946E-005 9.9946E-005 9.9946E-005 0.22289 0.108287 9.9946E-005 0.668223 9.9946E-005
0.0542957 0.0187788 0.276803 0.0649369 0.477087 9.9982E-005 0.013454 9.9982E-005 0.0944442
0.134676 0.136333 0.466992 9.9982E-005 0.141427 0.0807052 9.9982E-005 0.00852684 0.0311405
0.136935 0.0756735 0.677294 9.9973E-005 0.0596167 9.9973E-005 9.9973E-005 0.0192509 0.0309299
0.161222 9.9973E-005 0.521734 0.0667534 0.0699357 0.084938 9.9973E-005 9.9973E-005 0.095117
9.9982E-005 0.0486017 0.358024 0.206618 0.227132 0.127683 0.0118776 9.9982E-005 0.0198636
0.0838087 0.0820324 0.329716 0.0306118 0.326003 9.9973E-005 9.9973E-005 9.9973E-005 0.147528
0.0545883 9.9973E-005 0.667609 0.137598 0.0360652 0.0594868 9.9973E-005 9.9973E-005 0.0443528
9.9955E-005 0.0872415 0.735812 9.9955E-005 9.9955E-005 0.145533 9.9955E-005 9.9955E-005 0.0309141
0.0669439 0.0528248 0.246961 0.188093 0.177261 0.027546 9.9991E-005 0.184066 0.0562048
0.043349 0.0848487 0.588985 9.9973E-005 0.110823 0.0727613 9.9973E-005 9.9973E-005 0.0989337
9.9973E-005 0.111878 0.629699 0.02745 0.0571506 0.12626 9.9973E-005 9.9973E-005 0.0472631
9.99461E-005 0.0541435 9.99461E-005 0.177166 0.768091 9.99461E-005 9.99461E-005 9.99461E-005 9.99461E-005
0.00203519 0.083367 0.461395 9.9973E-005 0.20991 0.207235 9.9973E-005 9.9973E-005 0.0357582
0.0770246 0.132279 0.521086 0.0432699 0.20305 9.9973E-005 9.9973E-005 9.9973E-005 0.022991
0.0301853 0.068852 0.492801 9.9973E-005 0.00317495 0.0448088 9.9973E-005 0.359878 9.9973E-005
9.9973E-005 0.10022 0.349288 0.0609218 0.142766 0.101554 9.9973E-005 0.24495 9.9973E-005
0.0299621 0.00426494 0.628177 0.0968205 0.167709 9.9982E-005 9.9982E-005 0.0299083 0.0429582
0.0124447 0.0293613 0.285939 9.9982E-005 0.13051 0.0573376 9.9982E-005 0.477357 0.00684984
0.0331473 0.100801 0.500296 0.0122501 0.241464 0.0441001 0.0614455 9.9991E-005 0.00639551
9.9955E-005 0.0323936 0.430619 9.9955E-005 0.257881 9.9955E-005 9.9955E-005 0.278607 9.9955E-005
0.0397562 9.9973E-005 0.63652 0.161802 9.9973E-005 9.9973E-005 0.0251055 0.0125584 0.123959
0.0604692 0.15145 9.9973E-005 9.9973E-005 0.651251 0.106496 9.9973E-005 0.0164768 0.0135565
9.9982E-005 0.0256134 0.250672 9.9982E-005 0.226765 0.0961574 0.124356 0.271407 0.00482915
0.0208769 0.165373 0.120089 0.0932785 9.9973E-005 9.9973E-005 9.9973E-005 0.44337 0.156713
9.9964E-005 9.9964E-005 0.452971 0.119755 0.372679 9.9964E-005 9.9964E-005 0.00902639 0.0451687
9.9973E-005 0.0963246 0.459459 0.0366179 0.210894 0.194155 9.9973E-005 9.9973E-005 0.00224952
0.00352487 0.0598722 0.417173 0.0635414 0.100258 0.0225539 9.9991E-005 0.321151 0.0118263
0.0286567 0.00387327 0.433835 0.119083 0.144871 0.233207 9.9991E-005 0.0102099 0.0261641
0.0833549 0.0219491 0.631235 9.9973E-005 0.149659 9.9973E-005 0.0123474 9.9973E-005 0.101154
0.0813851 9.9964E-005 9.9964E-005 9.9964E-005 0.0158538 0.0063345 9.9964E-005 0.870795 0.0252313
0.132256 0.084261 0.525726 0.0084949 0.1968 0.0101606 9.9982E-005 9.9982E-005 0.0421009
9.9964E-005 9.9964E-005 0.543382 9.9964E-005 0.339128 0.0550838 0.00196754 9.9964E-005 0.0600395
0.0796944 0.040369 0.615984 0.141029 0.0830322 9.9973E-005 9.9973E-005 0.0395913 9.9973E-005
9.9982E-005 0.0482834 0.399315 0.0884745 0.225706 0.148343 9.9982E-005 0.00272355 0.0869553
0.0672248 0.0648231 0.569308 9.9964E-005 0.184696 0.113548 9.9964E-005 9.9964E-005 9.9964E-005
0.0942077 0.0622945 0.540669 0.026257 0.182028 9.9973E-005 9.9973E-005 9.9973E-005 0.0942448
0.0310016 0.0723074 0.705043 0.0875832 0.026855 9.9982E-005 9.9982E-005 0.0342964 0.0427135
0.105778 9.9982E-005 0.593026 0.0524766 0.110619 0.0399086 9.9982E-005 0.054093 0.0438985
0.138281 0.00266611 9.9991E-005 0.00454668 0.251704 0.125035 0.00323229 0.462425 0.0120085
0.0731532 0.0394698 0.575344 0.0528151 0.118865 0.0196219 9.9991E-005 0.0556263 0.0650046
0.0964309 0.0576855 0.803607 9.9955E-005 9.9955E-005 9.9955E-005 9.9955E-005 9.9955E-005 0.0417766
0.0850898 0.0630823 0.306392 0.0347662 0.252459 0.0493372 0.039184 0.163961 0.0057288
9.9982E-005 0.0851642 0.303234 9.9982E-005 0.131158 0.0383594 0.000913351 0.437815 0.00315555
0.0637565 0.0589626 0.580717 0.0328687 0.0410194 0.076393 0.0234912 9.9991E-005 0.122691
9.9982E-005 0.0404075 0.415393 0.0193311 0.194906 0.0147394 9.9982E-005 0.229226 0.0857976
0.0638878 0.0322727 0.698508 9.9982E-005 0.08298 0.0755413 9.9982E-005 0.00534103 0.0412693
9.9973E-005 0.0683894 0.286434 9.9973E-005 0.331261 0.0339837 0.0183133 0.261319 9.9973E-005
9.9982E-005 0.109546 0.386415 9.9982E-005 0.177959 0.0336482 0.1357 0.104056 0.0524766
0.0831986 0.101078 0.0593478 9.9973E-005 0.361298 0.0519881 9.9973E-005 0.34279 9.9973E-005
0.0626599 9.9973E-005 0.55342 0.0357148 9.9973E-005 0.0654975 9.9973E-005 0.22451 0.0578977
0.0856622 0.109549 0.192757 0.191955 0.261105 9.9982E-005 9.9982E-005 0.0119759 0.146797
0.108774 9.9982E-005 0.416228 0.050477 0.0530345 0.0684252 9.9982E-005 0.275073 0.0277883
0.0697568 0.10088 0.431422 9.9973E-005 0.194415 0.118444 9.9973E-005 9.9973E-005 0.0847824
9.9982E-005 0.165486 0.530249 0.0374181 0.0862122 0.0902161 9.9982E-005 0.0697178 0.020501
0.0419745 0.113265 0.31879 9.9973E-005 0.37255 0.0782568 9.9973E-005 9.9973E-005 0.0748644
9.9982E-005 0.0812117 0.288526 9.9982E-005 0.235102 0.0840742 0.0512272 0.215749 0.0439106
9.9964E-005 0.0312787 0.327151 9.9964E-005 0.510227 9.9964E-005 0.0507763 9.9964E-005 0.0801676
0.0720299 0.00814885 0.383293 0.166187 0.242749 9.9973E-005 9.9973E-005 9.9973E-005 0.127292
0.0333096 0.0813685 0.673186 0.0903826 0.121353 9.9964E-005 9.9964E-005 9.9964E-005 9.9964E-005
0.0844106 9.9973E-005 0.193364 9.9973E-005 0.101175 9.9973E-005 0.0197917 0.53944 0.0615185
9.9955E-005 9.9955E-005 0.0113818 0.0750619 9.9955E-005 9.9955E-005 0.0462862 0.86677 9.9955E-005
9.9982E-005 0.0500504 0.534832 0.131052 0.172471 0.0515752 0.00906979 0.0507491 9.9982E-005
0.20726 0.0586761 0.480735 0.112503 0.0243924 9.9973E-005 9.9973E-005 0.116134 9.9973E-005
0.066158 0.109653 0.117876 9.9991E-005 0.484492 0.0349992 0.0814131 0.0136361 0.0916724
0.0487393 9.9964E-005 0.304976 0.0667756 0.449799 9.9964E-005 9.9964E-005 0.12931 9.9964E-005
0.0182928 0.0257244 0.261239 0.16995 0.15622 9.9991E-005 0.0231252 0.212547 0.132802
9.9973E-005 9.9973E-005 0.402804 0.0967545 0.0896735 0.222566 9.9973E-005 0.110615 0.0772867
9.9982E-005 0.10958 0.399407 0.0835278 0.162756 0.107336 0.0485191 9.9982E-005 0.0886739
0.076659 0.0186643 0.560468 9.9964E-005 0.226612 9.9964E-005 0.117197 9.9964E-005 9.9964E-005
9.9982E-005 0.102489 0.601286 9.9982E-005 0.0997537 0.0606225 0.0225326 0.0151017 0.0980148
0.0315597 0.0166923 0.585128 0.262742 0.00603904 9.9982E-005 0.0122254 9.9982E-005 0.0854131
9.9964E-005 0.0730375 0.763323 9.9964E-005 0.0550885 9.9964E-005 0.0131846 9.9964E-005 0.0949668
0.0359125 0.0360953 0.629505 0.0180012 0.233677 0.0219373 9.9982E-005 9.9982E-005 0.0246717
9.9964E-005 0.197822 0.144604 9.9964E-005 0.405345 0.20178 9.9964E-005 9.9964E-005 0.0500487
9.9973E-005 0.0730546 0.493326 0.0177154 0.19035 9.9973E-005 0.161069 9.9973E-005 0.0641859
0.0551795 0.112056 0.488799 0.0713604 0.100082 0.12179 9.9991E-005 0.021488 0.0291457
0.0565214 0.114543 0.343677 0.131612 0.228487 0.0935426 0.0144173 9.9991E-005 0.0170992
0.0141884 9.9969E-005 0.410255 0.113975 0.432597 9.9969E-005 9.9969E-005 9.9969E-005 0.0285855
0.0990707 0.0706615 0.531701 0.0278051 9.9991E-005 0.0995206 0.0452608 0.111682 0.0141986
0.0684242 9.9982E-005 0.102462 0.0164427 0.0104501 0.154476 9.9982E-005 0.513174 0.134371
0.0800826 0.0475164 0.104713 0.0864338 0.330725 9.9982E-005 9.9982E-005 0.345534 0.00479595
0.0696406 0.0290475 0.0883744 0.0377999 0.0326783 9.9982E-005 0.0216581 0.720601 9.9982E-005
0.0379467 0.0244223 0.528811 0.149532 0.229252 9.9973E-005 9.9973E-005 9.9973E-005 0.0297363
0.0278333 9.9964E-005 0.116628 9.9964E-005 9.9964E-005 0.065334 9.9964E-005 0.730039 0.0597658
9.9982E-005 0.0424546 0.0471407 0.0556989 0.144576 0.00058675 0.0445069 0.664836 9.9982E-005
0.0885582 0.0749962 0.304553 0.0806353 0.291361 0.159596 9.9973E-005 9.9973E-005 9.9973E-005
0.0632605 0.0476024 0.475482 9.9982E-005 0.166533 0.116116 0.0615184 9.9982E-005 0.069287
0.126117 0.0541191 0.464359 9.9991E-005 0.0946472 0.109172 0.0272339 0.0224454 0.101806
0.0847371 9.9973E-005 0.0873531 0.0433823 0.106777 0.0319102 9.9973E-005 0.645541 9.9973E-005
9.9964E-005 0.100495 0.634546 0.141402 0.0769395 9.9964E-005 9.9964E-005 9.9964E-005 0.0462179
0.060629 0.0428099 0.0254648 9.9973E-005 0.492035 0.0452602 9.9973E-005 0.333501 9.9973E-005
0.0826555 0.175023 0.520045 0.0419925 9.9982E-005 9.9982E-005 0.0600784 0.0510635 0.0689428
0.0545604 9.9964E-005 9.9964E-005 0.0794809 0.0479194 9.9964E-005 9.9964E-005 0.742913 0.0747262
0.0106823 0.056059 0.237613 9.9982E-005 0.465345 0.024606 9.9982E-005 0.0754583 0.130036
0.0413758 0.0493988 0.624182 0.0832437 0.17043 9.9982E-005 9.9982E-005 0.00225949 0.0289097
9.9973E-005 0.00382956 0.705077 0.143424 0.0282898 0.0137995 9.9973E-005 9.9973E-005 0.105281
9.9964E-005 0.0902713 0.517607 9.9964E-005 0.172426 9.9964E-005 0.100162 9.9964E-005 0.119133
9.9964E-005 9.9964E-005 0.154905 9.9964E-005 9.9964E-005 0.0770692 0.0195473 0.704917 0.0431617
9.9973E-005 0.0713267 0.330184 9.9973E-005 0.244106 0.145145 9.9973E-005 0.162624 0.0463144
9.9973E-005 0.0359769 0.0912213 0.223074 0.250332 9.9973E-005 9.9973E-005 0.279977 0.119119
0.0856783 0.150405 0.465721 9.9982E-005 0.000834781 0.222128 0.0656171 9.9982E-005 0.00941638
9.9973E-005 0.0122841 0.0420166 0.0698358 0.155197 9.9973E-005 9.9973E-005 0.663356 0.0570107
0.0935584 0.0181402 0.310219 0.00265306 0.312004 0.0582301 0.127009 0.0311639 0.0470217
0.0105969 9.9973E-005 0.0900827 0.0251848 0.494302 0.126734 9.9973E-005 0.2528 9.9973E-005
0.0276639 0.0841655 0.562947 0.0600434 0.148958 9.9982E-005 0.0290647 9.9982E-005 0.0869581
9.9991E-005 0.0300899 0.232614 0.117479 0.394288 0.0101076 0.000608831 0.168756 0.0459573
0.111833 9.9964E-005 0.268222 9.9964E-005 0.107807 9.9964E-005 9.9964E-005 0.482814 0.0289249
0.148971 0.0903801 0.426848 0.0184387 0.0811733 0.124544 0.0104123 9.9991E-005 0.0991326
9.9982E-005 0.0716536 0.458079 0.03637 0.149219 0.24895 9.9982E-005 0.00947105 0.0260563
0.0741744 0.0670722 0.320267 0.127722 0.252711 0.0528405 9.9982E-005 9.9982E-005 0.105013
0.135462 9.9973E-005 0.451961 0.0362043 0.147079 9.9973E-005 0.0413085 9.9973E-005 0.187686
9.9973E-005 0.0395362 0.122313 9.9973E-005 0.383943 0.0391037 9.9973E-005 0.30667 0.108134
0.102383 0.026464 0.382472 0.0238969 0.332954 0.0435597 0.023741 9.9991E-005 0.0644302
0.0821683 9.9982E-005 0.736879 0.0300372 0.00845341 0.0827052 0.0388551 9.9982E-005 0.0207015
0.0761448 0.048801 0.684593 0.026038 0.0499606 0.0226314 9.9991E-005 0.0267414 0.06499
9.9973E-005 0.046258 0.113327 9.9973E-005 0.192034 0.19432 9.9973E-005 0.438796 0.0149662
9.9982E-005 0.123927 0.351949 0.0136292 0.0602596 0.0891712 9.9982E-005 0.250656 0.110208
0.120304 0.0298191 0.657354 0.0383334 0.041402 9.9991E-005 0.0401875 0.00714456 0.0653548
0.148452 0.083298 9.9982E-005 0.0732021 0.50015 0.155805 9.9982E-005 0.0174242 0.0214687
0.11827 0.0522591 0.237458 0.0324881 0.175416 0.13221 9.9991E-005 0.223745 0.0280531
9.9973E-005 0.0450323 0.396278 0.00277994 0.28306 0.170931 9.9973E-005 9.9973E-005 0.101618
9.9982E-005 0.06442 0.211748 0.0929116 0.190268 0.0910152 9.9982E-005 0.318523 0.0309145
9.9964E-005 0.180326 0.0711413 0.274708 0.43532 9.9964E-005 9.9964E-005 9.9964E-005 0.0381046
0.0310051 0.0108653 0.209835 0.0223154 0.289016 0.023641 9.9991E-005 0.405839 0.0073826
9.9955E-005 9.9955E-005 0.667022 0.087648 9.9955E-005 0.175119 9.9955E-005 9.9955E-005 0.069712
9.9973E-005 0.00956569 0.747933 0.0154169 0.0271273 9.9973E-005 0.0508535 9.9973E-005 0.148804
0.0231098 0.0332756 0.595588 0.106198 0.215802 9.9982E-005 0.0223053 9.9982E-005 0.00352178
0.0317593 0.106085 0.66567 9.9982E-005 0.0494524 0.0732979 0.0305562 9.9982E-005 0.042979
0.0758613 0.139711 0.398569 0.0842 0.0603507 0.119027 0.0234955 9.9991E-005 0.0986851
0.0414704 0.0972313 0.551778 0.151175 0.0390508 0.0274876 9.9982E-005 9.9982E-005 0.0916072
0.0295128 9.9982E-005 0.189675 0.0956393 0.416275 0.0421806 9.9982E-005 0.220222 0.00629518
0.00293621 0.0110156 0.337248 0.0862743 0.459221 0.0138211 9.9982E-005 9.9982E-005 0.0892842
0.101625 0.0254605 0.685683 0.0116198 0.175212 9.9964E-005 9.9964E-005 9.9964E-005 9.9964E-005
0.00195727 0.032898 0.762155 9.9982E-005 0.0286484 0.0787891 9.9982E-005 0.0693356 0.0260166
0.105134 0.0547479 0.420765 9.9991E-005 0.319362 0.0327983 0.0025389 0.0347138 0.029841
0.0452114 0.0334592 0.120566 0.0665062 0.475151 9.9982E-005 0.0798879 0.179019 9.9982E-005
0.179968 0.126379 0.419521 0.0956387 0.0433921 0.0297906 0.0454257 9.9991E-005 0.0597851
0.0236183 9.9991E-005 0.536984 0.0501176 0.105937 0.132083 0.0303481 0.0136008 0.107211
9.9973E-005 0.0560203 9.9973E-005 9.9973E-005 0.0851916 0.04125 0.0227909 0.721508 0.0729389
9.9991E-005 0.0423183 0.149555 0.0588654 0.0392986 0.0359819 0.00837614 0.610809 0.0546955
0.0999602 0.117291 0.44398 0.0168051 0.138288 0.119876 9.9982E-005 9.9982E-005 0.0635993
0.101911 9.9973E-005 0.415667 0.0827332 9.9973E-005 0.0308059 0.296813 9.9973E-005 0.0717703
0.243061 0.00409029 9.9991E-005 0.037357 0.140162 0.200562 0.329222 0.0307529 0.014692
0.136074 0.0456043 0.334957 0.0361823 9.9991E-005 0.161945 0.216229 0.0178619 0.0510468
9.9991E-005 0.0465765 0.530934 0.0942056 0.0729094 0.0245693 0.121159 0.00761692 0.101929
0.132076 0.0386445 0.190002 0.163213 9.9982E-005 0.0754942 0.354736 9.9982E-005 0.0456348
0.0889647 9.9991E-005 0.128847 0.216348 0.0449872 0.16437 0.21391 0.045115 0.0973587
0.00106701 0.0017377 0.154195 0.046951 0.219158 0.0247168 0.478343 0.0240295 0.0498026
0.165103 9.9982E-005 0.104137 0.243053 9.9982E-005 0.164755 0.257133 0.0146151 0.0510033
0.0724111 9.9991E-005 0.272056 0.243769 0.0429215 0.0797798 0.233953 0.00365516 0.0513553
0.0799839 0.0312262 0.239825 0.344013 0.0803841 0.11306 0.0713101 9.9991E-005 0.0400982
0.0955548 0.0593767 0.264718 0.0224216 0.209457 0.146699 0.153904 9.9991E-005 0.0477694
0.115007 9.9982E-005 0.196672 0.0139387 0.16022 0.0541458 0.382544 9.9982E-005 0.0772728
0.0822636 0.0302027 0.388687 0.103543 0.0804653 0.114317 0.118938 9.9991E-005 0.0814839
0.228006 0.0441025 0.13783 0.267183 9.9982E-005 0.14578 0.144311 9.9982E-005 0.0325864
0.167723 0.0258081 0.28941 0.0718347 9.9982E-005 0.0704717 0.329048 9.9982E-005 0.0455044
0.127483 9.9982E-005 0.0732161 9.9982E-005 0.222014 0.101748 0.416479 0.0132814 0.0455784
0.00989663 0.0543818 0.351301 9.9991E-005 0.0338 0.0915368 0.358215 0.00297122 0.0977971
0.0310654 0.029457 0.199068 0.0325921 0.272731 0.265737 0.16915 9.9982E-005 9.9982E-005
0.0301882 0.0470548 9.9982E-005 9.9982E-005 0.000679911 0.0208166 0.0340538 0.758919 0.108088
9.9991E-005 0.0584836 0.321778 0.188003 0.015782 0.0196377 0.252151 0.0123297 0.131736
0.146606 0.0421677 0.249863 0.21721 0.0836801 0.0566567 0.203617 9.9982E-005 9.9982E-005
0.0106451 0.019602 0.409937 0.0890917 0.254946 0.0532588 0.0512407 0.0515252 0.0597529
0.0988998 9.9973E-005 0.107979 0.10995 9.9973E-005 0.206678 0.470492 0.00570068 9.9973E-005
0.0528218 0.113871 9.9973E-005 0.38817 9.9973E-005 0.0922925 0.314933 9.9973E-005 0.0376122
0.00582693 0.0831232 0.15975 0.160179 0.357072 0.0366165 0.0684051 9.9991E-005 0.128927
0.155739 9.9973E-005 0.157647 0.255496 9.9973E-005 0.0747842 0.277971 9.9973E-005 0.0780623
0.121059 9.9982E-005 0.281391 0.117047 0.122684 0.114691 0.232372 9.9982E-005 0.0105572
0.147315 9.9982E-005 0.120979 0.231935 0.154252 0.148219 0.168497 9.9982E-005 0.0286029
0.0395375 9.9991E-005 0.186256 0.156934 0.0960465 0.130208 0.332246 0.000657718 0.0580144
0.143621 0.0836972 9.9991E-005 0.27983 0.054339 0.12706 0.276377 0.00993712 0.0250385
0.0620551 0.0688307 0.078295 0.18454 9.9973E-005 0.290412 0.315567 9.9973E-005 9.9973E-005
9.993E-005 9.993E-005 9.993E-005 9.993E-005 9.993E-005 0.999201 9.993E-005 9.993E-005 9.993E-005
0.199341 0.0120999 0.189433 0.161255 9.9991E-005 0.199813 0.144675 0.000435218 0.0928489
0.0437889 9.9982E-005 0.257393 0.0823092 0.119986 0.168422 0.27057 9.9982E-005 0.0573308
0.0446574 0.0252821 9.9982E-005 0.144866 0.184021 9.9982E-005 0.489404 0.0979874 0.0135827
0.0369918 0.0196033 0.0269815 0.266355 0.0947451 0.0812302 0.378559 0.0171577 0.0783765
0.0986805 0.0546674 0.0751111 0.180069 0.0801541 0.0332511 0.365009 0.0704686 0.042589
0.063903 0.0491903 0.551827 0.195324 9.9973E-005 0.098975 9.9973E-005 9.9973E-005 0.040481
0.243495 0.0505885 0.116613 0.0541048 9.9982E-005 0.103919 0.362911 9.9982E-005 0.068169
0.174559 0.0185982 0.346982 0.0131103 9.9991E-005 0.179439 0.226059 0.0205193 0.0206325
0.216307 9.9982E-005 0.257998 0.0686315 0.0846371 9.9982E-005 0.299523 0.00763431 0.0650694
0.185401 9.9973E-005 0.19127 0.182475 0.152987 9.9973E-005 0.218592 9.9973E-005 0.0689751
9.993E-005 9.993E-005 9.993E-005 9.993E-005 9.993E-005 0.999201 9.993E-005 9.993E-005 9.993E-005
9.9973E-005 0.0311337 0.508678 0.174919 0.119952 0.084084 9.9973E-005 9.9973E-005 0.0809342
0.0494464 9.9973E-005 0.251768 0.0269365 9.9973E-005 0.250752 0.320599 9.9973E-005 0.100199
9.9982E-005 9.9982E-005 0.224733 0.0748566 0.414172 0.047342 0.00823475 0.206451 0.0240108
0.0666229 0.0636823 0.321745 0.105341 0.134927 0.263383 9.9982E-005 9.9982E-005 0.0440986
0.0849669 0.0153847 0.398756 0.0201242 0.324274 9.9982E-005 0.144909 9.9982E-005 0.0113858
0.0915006 0.0178458 0.241327 0.0735434 9.9982E-005 9.9982E-005 0.404777 0.0203411 0.150465
0.0629195 0.0214365 0.177188 0.392754 9.9991E-005 0.1205 0.146614 0.0217226 0.0567652
0.15526 9.9982E-005 0.0919172 0.33437 9.9982E-005 0.0462286 0.292048 0.00195357 0.0780229
0.073049 0.0473485 0.202099 0.117154 0.168026 0.145102 0.247022 9.9982E-005 9.9982E-005
0.0733938 9.9991E-005 0.230379 0.27202 0.10457 0.0625316 0.20268 0.0316218 0.0227033
0.112302 9.9982E-005 0.243572 0.189926 0.014382 0.0108973 0.390471 0.0382493 9.9982E-005
9.9973E-005 0.0346289 0.380188 0.0339469 0.0607297 9.9973E-005 0.450571 9.9973E-005 0.0396358
0.00873172 0.00833093 0.151241 0.0583236 0.0919688 0.302766 0.378438 9.9982E-005 9.9982E-005
0.0473926 9.9973E-005 0.275753 9.9973E-005 0.0443091 0.199864 0.32373 9.9973E-005 0.108652
9.99369E-005 9.99369E-005 9.99369E-005 9.99369E-005 0.0547577 0.944543 9.99369E-005 9.99369E-005 9.99369E-005
0.0565027 9.9964E-005 0.224404 0.0805126 9.9964E-005 0.171422 0.466759 9.9964E-005 9.9964E-005
0.019251 0.033672 0.221922 0.112559 9.9991E-005 0.167774 0.406264 0.0260777 0.0123798
0.150622 0.0237425 0.105873 0.132472 9.9991E-005 0.167807 0.33435 0.0349733 0.050061
0.14061 0.0152663 0.0929141 0.0186901 0.104015 0.0947982 0.421871 9.9991E-005 0.111736
9.9973E-005 0.16457 0.530698 0.133338 0.0621198 0.00557817 0.103396 9.9973E-005 9.9973E-005
0.108844 0.0542253 0.149962 0.0627642 0.110951 0.126007 0.384303 9.9991E-005 0.00284375
0.0217087 0.040065 0.358065 0.0182798 0.270998 9.9982E-005 0.118223 0.172462 9.9982E-005
0.092348 9.9973E-005 0.217155 0.354696 9.9973E-005 0.0909875 0.209253 0.0352605 9.9973E-005
0.142861 0.0506475 0.129877 0.0423105 9.9991E-005 0.0186739 0.530175 0.067267 0.0180888
9.9973E-005 0.0462857 0.34291 0.0464768 0.326786 0.172264 9.9973E-005 0.0649772 9.9973E-005
0.266102 9.9982E-005 0.164157 0.248833 9.9982E-005 0.110017 0.160413 0.0414735 0.00880457
