9.9964E-005 0.148694 0.160755 0.0595113 9.9964E-005 0.339218 0.291422 9.9964E-005 9.9964E-005
9.9973E-005 0.178083 9.9973E-005 0.173586 0.039053 0.337565 0.216231 0.0551831 9.9973E-005
0.0229374 0.410713 0.112222 9.9973E-005 0.000996353 0.373473 0.0793588 9.9973E-005 9.9973E-005
0.14393 9.9955E-005 9.9955E-005 9.9955E-005 9.9955E-005 0.650781 0.146279 0.0585099 9.9955E-005
0.0123856 0.101208 9.9982E-005 0.0741492 0.0252443 0.641214 0.0623627 9.9982E-005 0.0832362
0.744969 0.03191 9.9955E-005 9.9955E-005 9.9955E-005 9.9955E-005 0.187018 0.0356032 9.9955E-005
0.013835 0.0362224 0.048149 0.00965197 0.0553136 0.555735 0.112734 0.00960116 0.158758
0.845324 9.9964E-005 9.9964E-005 0.0431225 0.0199277 0.0259311 0.0652952 9.9964E-005 9.9964E-005
0.0266262 0.129793 9.9991E-005 0.122302 0.0766971 0.568825 0.0375655 0.0032903 0.0348008
0.0156463 0.204422 0.0186404 0.160925 9.9982E-005 0.437352 0.115937 9.9982E-005 0.0468773
0.0136047 0.294412 0.0239236 0.058772 9.9973E-005 0.500365 0.108622 9.9973E-005 9.9973E-005
0.199586 0.164611 0.011253 0.212629 0.0141305 0.282873 0.114717 9.9982E-005 9.9982E-005
9.9973E-005 0.208358 0.0788469 0.0188196 0.151763 0.509013 0.0328999 9.9973E-005 9.9973E-005
0.0746669 0.240341 9.9982E-005 0.0473228 0.0349618 0.487233 0.0358194 0.079455 9.9982E-005
0.595892 0.096157 0.00948815 0.114247 0.00359811 0.0368605 0.135421 9.9991E-005 0.00823502
0.066751 0.245339 9.9982E-005 0.0460834 0.0895585 0.317405 0.177789 0.0568736 9.9982E-005
0.123113 0.156539 0.069035 9.9973E-005 0.0355704 0.300402 0.31504 9.9973E-005 9.9973E-005
9.9973E-005 0.0791539 0.133007 9.9973E-005 0.0560093 0.664816 9.9973E-005 0.00821354 0.0585008
0.0187814 0.0852826 9.9991E-005 0.0810902 0.0345958 0.515879 0.1894 0.00470913 0.0701621
9.9973E-005 0.161919 0.0470981 0.0549701 9.9973E-005 0.646902 0.0790498 0.00976118 9.9973E-005
9.9973E-005 0.0100479 9.9973E-005 0.0225529 0.0730754 0.793186 9.9973E-005 0.0868666 0.0139712
0.0560449 0.126995 0.0490204 0.095547 0.0509106 0.399777 0.221505 9.9982E-005 9.9982E-005
9.9964E-005 0.381829 9.9964E-005 0.0453721 9.9964E-005 0.451245 0.0650167 0.0561368 9.9964E-005
0.462626 0.213444 9.9973E-005 0.113038 0.0480786 0.00183264 0.160681 9.9973E-005 9.9973E-005
9.9982E-005 0.0934044 9.9982E-005 0.00845984 0.0791677 0.557061 0.0881636 0.0812977 0.0922459
0.550726 9.9964E-005 9.9964E-005 9.9964E-005 0.0332769 0.0935359 0.313483 0.00857834 9.9964E-005
0.361244 0.0534631 9.9982E-005 9.9982E-005 0.107794 0.209358 0.165438 0.086194 0.0163099
0.302089 0.0734954 9.9973E-005 0.002008 0.035212 0.548876 9.9973E-005 9.9973E-005 0.0380193
0.586415 0.135909 0.0894907 0.0160966 9.9964E-005 9.9964E-005 0.171689 9.9964E-005 9.9964E-005
0.11999 0.168617 0.0483198 9.9973E-005 0.00543128 0.650389 0.00695304 9.9973E-005 9.9973E-005
0.416053 0.0774887 9.9973E-005 9.9973E-005 0.064227 0.150657 0.211611 0.0796638 9.9973E-005
9.9973E-005 0.0863454 0.100399 9.9973E-005 0.0630219 0.557906 0.128432 9.9973E-005 0.063596
0.166941 0.3283 9.9991E-005 0.0456029 0.0384434 0.227392 0.0927624 0.0465062 0.0539525
0.83566 9.9946E-005 9.9946E-005 9.9946E-005 0.0438524 0.119888 9.9946E-005 9.9946E-005 9.9946E-005
0.850031 0.00944898 9.9964E-005 9.9964E-005 0.0102825 9.9964E-005 9.9964E-005 0.0134488 0.116389
0.106155 0.123068 9.9982E-005 0.00821005 0.00693124 0.562851 0.108129 0.0844555 9.9982E-005
0.0914915 0.0494603 9.9982E-005 0.0427346 0.0641119 0.573015 0.178845 0.000141411 9.9982E-005
9.9982E-005 0.164865 9.9982E-005 0.00113831 0.138992 0.531899 0.0394665 0.0184794 0.104959
0.639042 0.00488653 0.155551 0.0981716 9.9964E-005 0.101948 9.9964E-005 9.9964E-005 9.9964E-005
0.322666 0.204049 0.0832962 9.9973E-005 9.9973E-005 0.174142 0.135178 0.080369 9.9973E-005
0.167071 0.210101 9.9991E-005 0.0936699 0.0795198 0.193183 0.149366 0.00329534 0.103694
9.9964E-005 0.180534 9.9964E-005 9.9964E-005 0.016566 0.359959 0.313225 9.9964E-005 0.129316
0.14278 0.131746 9.9964E-005 9.9964E-005 0.0289742 0.572958 9.9964E-005 0.123142 9.9964E-005
0.514992 0.0118535 0.0265582 0.051313 0.134409 0.180295 9.9991E-005 0.0370869 0.043392
9.9982E-005 0.0982896 0.0192263 0.11951 0.0227346 0.424203 0.254836 9.9982E-005 0.0610003
9.9982E-005 0.117851 9.9982E-005 0.218425 0.100089 0.342192 0.101614 0.0289217 0.0907081
0.0274588 0.209202 0.0652178 9.9982E-005 0.0594705 0.390114 0.1674 0.080937 9.9982E-005
0.051309 0.28517 0.069642 9.9982E-005 9.9982E-005 0.349325 0.180716 0.0031401 0.0604971
9.9982E-005 0.274746 0.0869145 0.0189983 0.108444 0.357779 0.136742 0.0161766 9.9982E-005
0.346767 9.9955E-005 9.9955E-005 9.9955E-005 0.0396392 9.9955E-005 0.574962 0.0381323 9.9955E-005
0.00410113 0.196024 0.0515232 0.0625338 9.9973E-005 0.664053 9.9973E-005 9.9973E-005 0.0214648
0.371823 0.137771 0.190634 0.0631064 9.9973E-005 0.0676645 0.168702 9.9973E-005 9.9973E-005
9.9982E-005 0.111935 9.9982E-005 0.227823 0.0115872 0.337112 0.225733 0.0382472 0.047361
0.831819 9.9964E-005 9.9964E-005 9.9964E-005 9.9964E-005 0.0980883 0.0209804 0.0117962 0.036916
0.365208 0.322578 0.0498435 0.0270132 0.060385 0.0430038 0.131769 9.9982E-005 9.9982E-005
9.9973E-005 0.083896 0.113336 0.00628112 0.0911842 0.67613 0.0288728 9.9973E-005 9.9973E-005
9.9964E-005 0.107907 0.0627804 0.0806539 9.9964E-005 0.624327 0.123932 9.9964E-005 9.9964E-005
0.118002 0.137555 9.9982E-005 0.115263 0.0517896 0.330825 0.24375 0.00261568 9.9982E-005
0.231906 9.99549E-005 9.99549E-005 0.143239 9.99549E-005 0.106387 0.517968 9.99549E-005 9.99549E-005
0.332205 0.0515313 9.9973E-005 9.9973E-005 0.0398914 0.553917 0.0212281 9.9973E-005 0.000926677
0.681099 0.0619356 0.00420053 9.9973E-005 0.0866574 9.9973E-005 0.0878358 0.0779714 9.9973E-005
0.833163 0.0615092 9.9955E-005 0.0599475 9.9955E-005 9.9955E-005 0.0448803 9.9955E-005 9.9955E-005
0.0149896 0.0836007 9.9973E-005 9.9973E-005 0.0606645 0.620186 0.110106 9.9973E-005 0.110153
0.863559 0.0438898 9.9955E-005 9.9955E-005 0.0610811 9.9955E-005 0.0309706 9.9955E-005 9.9955E-005
0.0527863 0.212845 0.000154938 9.9973E-005 9.9973E-005 0.413017 0.250875 0.0700215 9.9973E-005
0.814483 9.9964E-005 0.0724903 9.9964E-005 0.0429625 0.0618057 9.9964E-005 9.9964E-005 0.00785873
9.9973E-005 0.15451 0.0511653 0.0690856 0.127234 0.51685 0.0808552 9.9973E-005 9.9973E-005
0.074566 0.176725 9.9982E-005 9.9982E-005 0.00501639 0.244585 0.449632 0.0105565 0.0387187
9.9973E-005 0.157987 9.9973E-005 0.149259 0.0496094 0.344523 0.260111 9.9973E-005 0.0382111
0.671398 0.152481 0.0135437 9.9973E-005 0.00806953 9.9973E-005 0.143053 9.9973E-005 0.0111551
9.9982E-005 0.104439 0.0761263 0.285917 0.0657645 0.237493 0.189919 0.0401407 9.9982E-005
0.0335189 0.03421 0.0294811 0.0516211 0.0677993 0.559857 0.16492 0.0584922 9.9991E-005
0.282279 0.0748767 0.0050962 0.0622133 0.0267774 0.296132 0.190451 0.0342626 0.0279115
9.9982E-005 0.176631 0.14607 0.0263779 0.0336281 0.278429 0.277569 9.9982E-005 0.0610947
0.0266275 0.139815 9.9982E-005 0.0382527 0.0601615 0.493494 0.0819571 0.159492 9.9982E-005
0.324905 0.170168 0.0965142 9.9964E-005 0.0672946 0.340718 9.9964E-005 9.9964E-005 9.9964E-005
9.9973E-005 0.181981 0.0268924 0.0952128 0.00884511 0.574879 0.11189 9.9973E-005 9.9973E-005
0.104739 0.175325 0.0562728 0.110583 0.0503207 0.238723 0.263836 9.9982E-005 9.9982E-005
0.106557 0.32991 0.0741916 9.9982E-005 0.0204858 0.314844 0.131196 9.9982E-005 0.0226144
9.9982E-005 0.091799 9.9982E-005 0.0412306 0.0859788 0.53259 0.10164 0.0566339 0.0899274
9.9982E-005 0.25749 0.201286 0.0202554 0.0161589 0.291755 0.194733 0.0181217 9.9982E-005
9.9982E-005 0.294147 9.9982E-005 0.0624405 0.12679 0.264819 0.139337 0.0715744 0.0406925
0.0412533 0.186395 9.9982E-005 0.0780943 0.0546862 0.463552 0.130345 0.0454741 9.9982E-005
9.9973E-005 0.124447 0.0242298 0.0425831 0.000492313 0.704422 0.103526 9.9973E-005 9.9973E-005
9.9964E-005 0.347434 0.000818843 0.03508 9.9964E-005 0.530911 0.0853567 9.9964E-005 9.9964E-005
0.0593644 0.242226 0.00576037 0.121679 0.138175 0.211801 0.208828 0.0120671 9.9991E-005
0.279785 0.264992 9.9982E-005 0.0333424 0.00873687 0.344335 0.0378823 0.0307269 9.9982E-005
0.232186 0.26529 9.9973E-005 0.0649812 9.9973E-005 0.277064 0.138986 9.9973E-005 0.0211929
0.713775 0.117512 9.99551E-005 9.99551E-005 0.119437 0.0487754 9.99551E-005 9.99551E-005 9.99551E-005
0.191285 0.257337 0.0618492 9.9973E-005 9.9973E-005 0.36488 0.0848796 9.9973E-005 0.039469
9.9964E-005 0.415341 9.9964E-005 0.0499955 9.9964E-005 0.144314 0.247121 9.9964E-005 0.142829
0.462272 0.184877 0.0807998 9.9973E-005 0.0654895 0.0442289 0.162033 9.9973E-005 9.9973E-005
0.00857828 0.119028 9.9991E-005 0.0734943 0.00741962 0.542975 0.174617 0.00947827 0.0643095
0.22753 0.0144648 0.0379783 0.0466433 9.9973E-005 0.459627 0.213457 9.9973E-005 9.9973E-005
0.415849 0.135998 9.9964E-005 9.9964E-005 9.9964E-005 0.157084 0.251065 0.0396043 9.9964E-005
0.787087 0.0424434 0.00184364 0.0326242 0.0173104 9.9982E-005 0.0607459 0.0577455 9.9982E-005
0.0684112 0.230562 9.9991E-005 0.116363 0.0307071 0.434591 0.0788362 0.0147143 0.0257153
9.9973E-005 0.151912 9.9973E-005 0.103064 0.0622925 0.24324 0.399731 9.9973E-005 0.0394614
9.9964E-005 9.9964E-005 9.9964E-005 0.136939 0.0351726 0.391444 0.417257 0.0187878 9.9964E-005
0.246253 0.0137011 9.9973E-005 0.0563983 0.0398253 0.62036 0.0231617 9.9973E-005 9.9973E-005
0.319695 0.0420077 9.9964E-005 9.9964E-005 0.145007 9.9964E-005 0.451701 0.0411901 9.9964E-005
0.078925 0.199605 9.9973E-005 0.0457002 9.9973E-005 0.639193 0.0045584 0.0317189 9.9973E-005
9.9973E-005 0.198075 0.264712 0.0252566 0.0593183 0.405328 0.0470097 9.9973E-005 9.9973E-005
9.9973E-005 0.111436 0.0830277 0.0415334 9.9973E-005 0.504571 0.182671 0.0764603 9.9973E-005
9.9982E-005 0.132688 9.9982E-005 0.146887 0.051449 0.503862 0.0794646 0.0111951 0.0742538
0.700013 0.173636 9.9955E-005 0.0963908 0.0294601 9.9955E-005 9.9955E-005 9.9955E-005 9.9955E-005
0.484817 0.129516 0.140003 0.0346711 9.9973E-005 0.0385917 0.1721 9.9973E-005 9.9973E-005
9.9964E-005 0.107021 9.9964E-005 0.113773 9.9964E-005 0.532278 0.244233 9.9964E-005 0.002295
9.9973E-005 0.234733 9.9973E-005 0.12317 0.0790339 0.399068 0.13303 9.9973E-005 0.0306656
9.9964E-005 0.29765 9.9964E-005 9.9964E-005 0.0305197 0.650519 0.0145765 0.00633517 9.9964E-005
0.36593 0.330013 0.0284671 9.9982E-005 0.01175 0.0939228 0.15077 9.9982E-005 0.0189473
0.881453 9.9937E-005 9.9937E-005 9.9937E-005 9.9937E-005 9.9937E-005 0.117848 9.9937E-005 9.9937E-005
0.365453 0.163087 9.9973E-005 9.9973E-005 0.0118753 0.181705 0.258386 9.9973E-005 0.0191946
9.9955E-005 0.189774 9.9955E-005 9.9955E-005 9.9955E-005 0.645489 9.9955E-005 0.0648725 0.0993646
0.0110334 9.9973E-005 9.9973E-005 0.0901638 0.064882 0.56734 0.207946 0.0583355 9.9973E-005
9.9964E-005 9.9964E-005 0.116662 0.169287 9.9964E-005 0.628143 0.0813007 0.00420743 9.9964E-005
9.9955E-005 0.255026 9.9955E-005 0.0999189 0.0395145 0.605041 9.9955E-005 9.9955E-005 9.9955E-005
0.836755 0.0525485 9.9964E-005 0.00530712 0.0459476 9.9964E-005 9.9964E-005 9.9964E-005 0.0590419
0.011446 0.0511291 0.0325622 0.0875999 0.059811 0.719953 9.9982E-005 0.0372986 9.9982E-005
9.9973E-005 0.394004 0.0793247 9.9973E-005 0.00409894 0.444157 0.0401399 9.9973E-005 0.0379757
0.0261007 0.195204 0.0397503 9.9982E-005 0.0941424 0.591828 0.0458181 0.00695593 9.9982E-005
0.56932 0.201885 9.9973E-005 9.9973E-005 0.0377744 0.12908 0.0607408 0.000899232 9.9973E-005
9.9955E-005 0.277329 9.9955E-005 9.9955E-005 0.0290539 0.598595 9.9955E-005 9.9955E-005 0.0945226
0.0460881 0.353302 9.9973E-005 0.022082 9.9973E-005 0.402026 0.0670943 9.9973E-005 0.109108
9.9973E-005 0.221275 0.156286 0.0125288 0.0647256 0.503572 9.9973E-005 0.0413121 9.9973E-005
0.028775 0.104322 9.9982E-005 0.0780414 0.0532369 0.472838 0.182601 0.0799858 9.9982E-005
0.570209 0.0501516 0.0317987 0.00966071 0.157104 0.137146 9.9982E-005 0.0437295 9.9982E-005
0.794397 0.0856135 9.9973E-005 9.9973E-005 0.0156351 9.9973E-005 0.00891738 0.0474736 0.0476633
9.9973E-005 0.26045 9.9973E-005 0.187737 0.0380253 0.269805 0.224399 9.9973E-005 0.0192836
9.9982E-005 0.0460888 0.0844854 0.106561 0.0666691 0.450363 0.180564 0.0650689 9.9982E-005
9.9973E-005 0.0753069 0.0202422 9.9973E-005 0.0627752 0.49285 0.300644 9.9973E-005 0.0478817
9.9982E-005 0.0625522 9.9982E-005 0.027955 0.0370537 0.353691 0.346166 0.0179785 0.154404
0.347395 0.204993 9.9982E-005 0.170632 0.0241078 0.239386 9.9982E-005 0.0127078 0.00057875
0.0425143 0.0770726 0.0738748 0.0459602 9.9991E-005 0.434153 0.181363 0.0550876 0.0898748
0.168866 0.0668746 0.169557 9.9973E-005 9.9973E-005 0.558774 0.0194432 9.9973E-005 0.0161856
9.993E-005 0.999201 9.993E-005 9.993E-005 9.993E-005 9.993E-005 9.993E-005 9.993E-005 9.993E-005
0.499076 0.113164 0.0646078 0.15111 0.040759 0.0944445 0.0366378 9.9982E-005 9.9982E-005
0.235515 0.0913639 9.9982E-005 0.052776 0.0669149 0.382159 0.145767 9.9982E-005 0.0253035
9.993E-005 0.999201 9.993E-005 9.993E-005 9.993E-005 9.993E-005 9.993E-005 9.993E-005 9.993E-005
0.519838 0.0686778 0.0251853 0.07251 0.0381523 0.056557 0.087774 0.131205 9.9991E-005
0.195826 0.0762403 9.9982E-005 9.9982E-005 0.00366957 0.616708 0.0340269 0.0395616 0.0337672
0.355846 9.9955E-005 9.9955E-005 9.9955E-005 9.9955E-005 0.168958 0.260009 0.214687 9.9955E-005
0.204985 0.12854 9.9973E-005 9.9973E-005 0.144229 0.341938 0.101872 9.9973E-005 0.0781359
0.123946 0.351143 9.9982E-005 0.0110217 0.16649 0.102479 0.139034 9.9982E-005 0.105687
0.67235 9.9955E-005 9.9955E-005 9.9955E-005 0.0315979 9.9955E-005 0.219092 9.9955E-005 0.0764608
0.220243 0.0656519 0.052935 0.102258 0.0873666 0.363429 0.107917 9.9982E-005 9.9982E-005
0.160522 0.228008 9.9964E-005 9.9964E-005 9.9964E-005 0.0846538 0.373511 0.152905 9.9964E-005
9.9982E-005 0.168986 9.9982E-005 0.172734 0.0527648 0.435218 0.0951729 0.0643533 0.0105721
9.9973E-005 0.0343677 0.221977 0.0676372 0.0337092 0.614327 9.9973E-005 0.0276817 9.9973E-005
9.9982E-005 0.170163 0.0627266 0.0687998 9.9982E-005 0.410666 0.133491 0.00724357 0.14671
0.0149511 0.335063 9.9973E-005 0.0114951 0.0884049 0.494626 9.9973E-005 9.9973E-005 0.0551602
0.288101 0.168323 0.00135403 9.9964E-005 9.9964E-005 0.471652 9.9964E-005 9.9964E-005 0.0701704
0.678018 0.0642604 9.9973E-005 0.0279106 0.0706202 0.0941844 9.9973E-005 0.0647068 9.9973E-005
0.367561 9.9982E-005 0.00966202 9.9982E-005 0.0290992 0.239273 0.238323 0.0124964 0.103385
9.9982E-005 0.285847 0.0363191 9.9982E-005 0.102337 0.101867 0.389084 0.0554167 0.0289303
9.9982E-005 0.213628 9.9982E-005 0.0287849 0.11693 0.387043 0.103797 0.00387498 0.145742
0.812035 9.9946E-005 9.9946E-005 9.9946E-005 9.9946E-005 9.9946E-005 0.0880206 9.9946E-005 0.099345
9.9973E-005 0.358917 9.9973E-005 0.0403453 0.0344952 0.412107 9.9973E-005 0.00651296 0.147323
9.9973E-005 0.0152961 0.0924846 0.0755263 0.0838636 0.305325 0.427205 9.9973E-005 9.9973E-005
0.138231 0.261489 0.0937461 0.000187639 0.0738764 0.338468 9.9982E-005 0.093801 9.9982E-005
9.9982E-005 0.218772 0.17373 0.0079342 0.00726988 0.34529 0.219697 9.9982E-005 0.0271072
0.0714168 0.230725 9.9991E-005 0.00930368 0.136557 0.17335 0.238271 0.04507 0.0952071
0.0217665 0.383874 0.0165554 0.0589697 0.0149645 0.124661 0.266334 0.112775 9.9991E-005
0.00546017 0.227828 0.221505 9.9982E-005 0.067186 0.267647 0.150515 0.0596592 9.9982E-005
9.9973E-005 0.0832634 0.0960584 0.098394 0.0452513 0.615753 0.06098 9.9973E-005 9.9973E-005
9.9964E-005 0.227666 0.0244595 0.108741 9.9964E-005 0.616355 9.9964E-005 0.0223784 9.9964E-005
0.0648868 0.136108 9.9982E-005 9.9982E-005 0.143172 0.226965 0.309765 0.0127971 0.106106
0.431467 0.34187 0.0909807 0.0184067 9.9964E-005 9.9964E-005 0.116876 9.9964E-005 9.9964E-005
0.201665 0.370155 9.9973E-005 0.00491207 0.0268828 0.259462 0.136623 9.9973E-005 9.9973E-005
0.0372254 0.283385 9.9982E-005 0.041513 9.9982E-005 0.30465 0.209678 0.0043269 0.119022
0.0981027 0.151933 0.0106051 9.9973E-005 9.9973E-005 0.222708 0.399997 0.116354 9.9973E-005
0.0300782 0.244879 9.9964E-005 9.9964E-005 0.0354102 0.425629 0.263603 9.9964E-005 9.9964E-005
0.891649 9.9946E-005 9.9946E-005 9.9946E-005 0.0541279 9.9946E-005 0.0536229 9.9946E-005 9.9946E-005
0.0502332 0.420531 9.9991E-005 0.000877771 0.0478224 0.247669 0.118855 0.0072316 0.106679
0.191652 0.243344 9.9964E-005 0.0911414 0.00791067 9.9964E-005 0.465552 9.9964E-005 9.9964E-005
9.9991E-005 0.108931 0.111143 0.0601637 0.0372887 0.233212 0.376121 0.0561143 0.0169264
0.160664 9.9964E-005 0.0607253 9.9964E-005 9.9964E-005 0.400868 0.349784 0.0275589 9.9964E-005
0.513369 9.9982E-005 0.0166262 0.0337896 0.0580548 0.0876383 0.243049 9.9982E-005 0.0472732
0.355657 9.9973E-005 9.9973E-005 0.00591977 0.0709189 0.344999 0.186861 9.9973E-005 0.0353438
0.521618 0.0240279 0.0193732 0.0253522 9.9982E-005 0.304135 0.0441468 0.0611467 9.9982E-005
9.9955E-005 0.287877 9.9955E-005 9.9955E-005 0.0278213 0.448439 0.235363 9.9955E-005 9.9955E-005
0.672688 0.218407 9.9955E-005 9.9955E-005 9.9955E-005 9.9955E-005 0.0615378 0.0468669 9.9955E-005
0.415377 0.104438 0.0418613 9.9964E-005 9.9964E-005 0.394255 9.9964E-005 0.0436695 9.9964E-005
9.9973E-005 0.172101 0.102268 9.9973E-005 0.146332 0.424251 0.0911013 0.0636473 9.9973E-005
0.955976 0.00595465 0.0374696 9.99461E-005 9.99461E-005 9.99461E-005 9.99461E-005 9.99461E-005 9.99461E-005
0.402203 0.139273 9.9955E-005 9.9955E-005 0.0764667 9.9955E-005 0.381558 9.9955E-005 9.9955E-005
0.0340658 0.307194 9.9982E-005 0.0649664 0.0115055 0.330524 0.183539 9.9982E-005 0.068005
0.351184 9.9955E-005 9.9955E-005 9.9955E-005 0.0813212 0.215151 0.351844 9.9955E-005 9.9955E-005
0.096865 0.172581 9.9973E-005 0.0805345 0.0324905 0.470462 0.146768 9.9973E-005 9.9973E-005
9.9973E-005 0.113354 9.9973E-005 0.0752839 9.9973E-005 0.669359 0.0635752 0.0694698 0.0086578
0.262445 0.0332291 0.116534 0.0530079 0.0515397 0.340632 0.142412 9.9982E-005 9.9982E-005
9.9964E-005 0.0545633 9.9964E-005 0.0196707 9.9964E-005 0.642882 0.249658 0.0328262 9.9964E-005
9.9964E-005 0.192244 0.0105452 9.9964E-005 0.0291333 0.63877 0.128908 9.9964E-005 9.9964E-005
0.0666774 0.262681 9.9991E-005 0.021825 0.0325275 0.455551 0.0228552 0.0564594 0.0813232
0.169893 0.190093 0.15349 0.08738 9.9973E-005 0.0385343 0.36031 9.9973E-005 9.9973E-005
0.232576 0.118811 9.9973E-005 0.0643129 0.0420066 0.52668 9.9973E-005 0.0153131 9.9973E-005
9.9982E-005 0.136865 9.9982E-005 0.0537184 0.0349914 0.441124 0.117191 0.0915385 0.124373
0.134321 0.131825 9.9982E-005 0.0415289 0.021437 0.547668 0.0224916 9.9982E-005 0.100528
9.9982E-005 0.14522 9.9982E-005 0.028198 0.0954339 0.289904 0.212133 0.0202529 0.208658
9.99777E-005 0.140214 0.0169368 9.99777E-005 0.0541468 0.449762 0.267508 9.99777E-005 0.0711323
0.272359 0.0248317 9.9991E-005 0.157814 0.0881347 0.237068 0.174703 0.02418 0.0208094
9.9964E-005 0.27954 0.0196476 0.0203393 9.9964E-005 0.630858 9.9964E-005 9.9964E-005 0.0492146
9.9964E-005 0.157065 9.9964E-005 0.127691 9.9964E-005 0.338743 0.278633 9.9964E-005 0.0974681
9.9982E-005 0.191073 0.118192 0.0361775 9.9982E-005 0.374166 0.0859561 0.0559725 0.138264
9.9973E-005 9.9973E-005 0.105396 0.0962521 0.0503463 0.372995 0.196282 9.9973E-005 0.178428
0.192626 0.108219 0.0529603 0.0791321 0.0375529 0.0453466 0.463275 9.9991E-005 0.0207885
9.99812E-005 0.0806737 0.265235 0.0410517 0.00382792 0.530901 0.0780107 9.99812E-005 9.99812E-005
0.204722 0.269405 9.9973E-005 0.0135909 9.9973E-005 0.290591 0.168284 9.9973E-005 0.053107
9.9991E-005 0.24984 0.0258711 0.00844784 0.137315 0.379817 0.148437 0.00142482 0.0487465
9.9964E-005 0.10639 0.0836871 0.120496 9.9964E-005 0.671347 9.9964E-005 0.0176807 9.9964E-005
9.9964E-005 0.140355 9.9964E-005 9.9964E-005 0.0474767 0.481506 0.131604 9.9964E-005 0.198658
0.310497 0.0173993 9.9973E-005 0.00799447 9.9973E-005 0.300452 0.235418 0.12794 9.9973E-005
0.345375 0.0800575 0.026179 9.9973E-005 0.0206459 0.180601 0.346841 9.9973E-005 9.9973E-005
9.9964E-005 0.152792 9.9964E-005 0.00289394 0.0436116 0.78061 0.0196935 9.9964E-005 9.9964E-005
9.9973E-005 0.138847 0.059665 0.11091 0.0393498 0.569721 9.9973E-005 0.0812066 9.9973E-005
9.9982E-005 0.092311 0.0637945 9.9982E-005 0.0675099 0.598748 0.0676128 0.0443932 0.0654304
0.0032313 0.224569 0.117146 9.9973E-005 9.9973E-005 0.308501 0.3181 0.0281524 9.9973E-005
0.211623 0.428459 0.0507818 9.9973E-005 0.0308273 0.129492 0.148517 9.9973E-005 9.9973E-005
0.101771 0.301866 9.9982E-005 9.9982E-005 0.029677 0.224726 0.259071 0.0786743 0.00401419
9.9973E-005 0.208712 9.9973E-005 0.12473 9.9973E-005 0.230479 0.257649 0.0480803 0.13005
0.430333 0.0856334 0.0914635 9.9973E-005 0.173285 0.015113 0.203872 9.9973E-005 9.9973E-005
0.143466 0.147219 9.9991E-005 0.0845201 0.0715661 0.4511 0.0202789 0.034215 0.0475352
0.0657348 0.256528 0.0483193 0.0626715 0.0239013 0.180694 0.305098 9.9991E-005 0.0569535
0.717487 0.0793161 9.9973E-005 9.9973E-005 0.0580219 9.9973E-005 0.106672 0.0363748 0.00182859
9.9973E-005 0.305732 9.9973E-005 0.0567914 0.110277 0.269341 0.135698 9.9973E-005 0.12186
9.9973E-005 0.152889 0.0915723 9.9973E-005 0.119295 0.390718 0.218752 9.9973E-005 0.0264737
0.0215064 0.0882548 9.9982E-005 0.0698519 0.0172295 0.655353 0.0654653 9.9982E-005 0.082139
9.9973E-005 0.0206315 9.9973E-005 0.213235 0.0430935 0.63151 0.0563585 0.0348711 9.9973E-005
9.9964E-005 0.0554917 9.9964E-005 0.144058 9.9964E-005 0.286288 0.431816 9.9964E-005 0.0819458
9.9973E-005 0.434018 0.052367 0.0700134 0.0297733 0.305626 0.107901 9.9973E-005 9.9973E-005
9.9955E-005 0.115937 9.9955E-005 9.9955E-005 0.0902126 0.708227 9.9955E-005 0.0851233 9.9955E-005
9.9973E-005 0.102666 0.0178381 9.9973E-005 0.0207763 0.680425 0.0968971 0.0810981 9.9973E-005
0.125588 0.271545 9.9982E-005 0.0443182 0.138459 0.2104 0.108269 0.101221 9.9982E-005
9.9982E-005 0.132243 0.0429079 0.0761852 0.0211498 0.491613 0.208762 0.0269395 9.9982E-005
9.9973E-005 0.203153 0.134106 0.00612824 9.9973E-005 0.522707 0.131978 0.00162816 9.9973E-005
0.0947441 0.308826 9.9964E-005 0.0294363 9.9964E-005 9.9964E-005 0.452078 9.9964E-005 0.114515
9.9955E-005 9.9955E-005 0.0197171 9.9955E-005 9.9955E-005 0.558191 0.362307 0.0592855 9.9955E-005
9.9964E-005 0.0500932 9.9964E-005 0.0747246 0.0424783 0.579155 0.253149 9.9964E-005 9.9964E-005
0.335437 0.1215 0.0969008 9.9964E-005 0.0784692 0.367293 9.9964E-005 9.9964E-005 9.9964E-005
0.21955 0.131959 9.9973E-005 9.9973E-005 0.0346339 0.308969 0.262801 0.0417878 9.9973E-005
0.0288326 0.15009 9.9982E-005 0.0212414 9.9982E-005 0.586073 0.1558 0.0264498 0.0313133
0.532228 0.0367722 0.0545012 0.0176829 0.088596 0.268636 9.9982E-005 0.00138327 9.9982E-005
9.9973E-005 0.319977 9.9973E-005 0.0473006 0.0027073 0.40038 0.160264 9.9973E-005 0.0690707
0.331126 0.182526 9.9964E-005 0.0149225 9.9964E-005 0.386683 0.0843425 9.9964E-005 9.9964E-005
0.0385125 0.0469229 0.0159967 0.0665256 0.00220095 0.65139 0.0228744 0.0553558 0.100221
0.093507 0.221138 9.9955E-005 0.129297 9.9955E-005 9.9955E-005 0.555558 9.9955E-005 9.9955E-005
0.248836 0.143023 0.0459032 9.9973E-005 9.9973E-005 0.247464 0.179697 9.9973E-005 0.134776
0.455384 0.104882 0.0408758 0.174256 0.0818602 0.0608063 0.0817355 9.9982E-005 9.9982E-005
0.0238211 0.26009 9.9973E-005 9.9973E-005 0.0602155 0.425997 0.156657 9.9973E-005 0.0729201
9.9964E-005 0.00498706 9.9964E-005 9.9964E-005 0.0846748 0.551406 0.33498 0.0235525 9.9964E-005
0.305051 0.193491 9.9964E-005 9.9964E-005 9.9964E-005 0.275016 0.176208 0.0498346 9.9964E-005
9.9973E-005 9.9973E-005 0.00307714 0.0969436 0.0125437 0.520516 0.291632 0.0749874 9.9973E-005
0.0117305 0.180079 9.9973E-005 0.0785701 0.0151565 0.617251 9.9973E-005 9.9973E-005 0.0969134
0.766139 0.0864602 9.9964E-005 0.0332786 0.103058 9.9964E-005 9.9964E-005 0.0106643 9.9964E-005
9.9973E-005 0.129504 0.185526 0.0267864 0.0370427 0.483462 0.137379 9.9973E-005 9.9973E-005
9.9964E-005 0.147433 9.9964E-005 0.0344629 9.9964E-005 0.652848 0.104749 0.060107 9.9964E-005
0.00795676 0.217866 0.0572093 9.9973E-005 0.0482484 0.58762 0.0807992 9.9973E-005 9.9973E-005
0.0337604 0.284632 9.9982E-005 0.0666209 0.00679259 0.406851 0.11994 0.0812033 9.9982E-005
0.00447835 0.174861 9.9991E-005 0.0733987 0.0293592 0.510274 0.151562 0.0444149 0.0115521
9.9964E-005 0.312663 9.9964E-005 0.0931662 0.0434705 0.545766 9.9964E-005 9.9964E-005 0.00453434
9.9955E-005 0.255059 9.9955E-005 9.9955E-005 0.088479 0.636083 9.9955E-005 0.0198795 9.9955E-005
0.150714 0.167569 9.9973E-005 0.0384543 0.0506457 0.490054 9.9973E-005 0.102262 9.9973E-005
0.482234 0.0897109 9.9973E-005 0.134266 9.9973E-005 0.0814194 0.205951 9.9973E-005 0.00611824
9.9955E-005 0.35776 9.9955E-005 0.126496 9.9955E-005 0.395448 0.119796 9.9955E-005 9.9955E-005
9.9982E-005 0.0767464 0.00832738 0.0416553 0.0659286 0.668022 0.11467 9.9982E-005 0.0244508
0.106076 0.268116 9.9991E-005 0.0320958 0.0855684 0.277882 0.197696 0.027946 0.0045196
0.306393 0.201206 0.0284812 0.0436031 9.9982E-005 0.204256 0.163625 0.0522365 9.9982E-005
9.9973E-005 0.153486 9.9973E-005 0.111791 0.0236449 0.587737 0.0358086 9.9973E-005 0.0872322
0.189694 0.277472 0.162675 9.9964E-005 9.9964E-005 0.308192 0.0615669 9.9964E-005 9.9964E-005
9.9982E-005 0.0333656 0.0770426 9.9982E-005 0.106208 0.6972 0.0693874 0.00410352 0.0124926
0.299649 0.14313 9.9973E-005 9.9973E-005 0.0340712 0.334452 0.157549 9.9973E-005 0.0308487
0.0856529 0.271707 0.237173 9.9964E-005 9.9964E-005 0.205803 0.199264 9.9964E-005 9.9964E-005
0.358379 0.183583 0.22481 9.9964E-005 0.0232731 9.9964E-005 0.209555 9.9964E-005 9.9964E-005
0.183378 9.9982E-005 0.0581788 0.0803608 0.0163274 0.480328 0.175964 0.00526351 9.9982E-005
0.0356363 0.349649 9.9982E-005 0.136078 9.9982E-005 0.264044 0.0650767 0.108847 0.040468
0.226861 0.0851501 9.9982E-005 0.152993 0.0124056 0.396715 0.0546242 0.0710516 9.9982E-005
9.9982E-005 0.368983 0.0596837 0.0512169 0.0348369 0.371171 0.105199 0.00871014 9.9982E-005
9.9964E-005 0.231243 9.9964E-005 9.9964E-005 0.0454023 0.5018 0.194336 0.026818 9.9964E-005
9.9973E-005 0.419893 9.9973E-005 0.118564 0.0193922 0.223173 0.217552 0.00112571 9.9973E-005
0.144984 0.313045 0.140592 9.9964E-005 9.9964E-005 0.155844 0.245135 9.9964E-005 9.9964E-005
9.9964E-005 0.36967 9.9964E-005 0.0521953 9.9964E-005 0.285578 0.196342 9.9964E-005 0.0958158
9.9982E-005 0.124083 0.0817612 0.123608 0.111866 0.384124 0.11978 9.9982E-005 0.0545778
9.9982E-005 0.150243 9.9982E-005 0.0179564 0.00219265 0.671502 0.0830927 0.0361551 0.0386583
0.513581 9.9955E-005 9.9955E-005 0.0774218 9.9955E-005 0.366799 9.9955E-005 9.9955E-005 0.0416986
0.838258 9.9964E-005 9.9964E-005 9.9964E-005 0.0562228 0.00393405 9.9964E-005 0.0670408 0.0341445
0.0748511 0.170956 0.0531577 9.9973E-005 9.9973E-005 0.370484 0.252836 9.9973E-005 0.0774151
0.0751301 0.162271 9.9991E-005 0.0600203 0.059829 0.447643 0.0658199 0.00446389 0.124723
0.0250251 0.187421 0.0940818 0.0299257 0.0819176 0.166589 0.308883 9.9991E-005 0.106057
0.12032 0.227139 9.9982E-005 0.0101753 0.0410716 0.335408 0.235407 9.9982E-005 0.0302802
0.210452 0.239751 9.9982E-005 0.0408956 9.9982E-005 0.344242 0.044333 0.0389181 0.0812092
0.0541494 0.0775642 0.0783034 0.0455407 0.0525979 0.435501 0.167914 0.0883289 9.9991E-005
9.9982E-005 0.264643 0.0184974 9.9982E-005 0.0612975 0.438561 0.105857 0.0564485 0.0544953
0.0356808 0.103602 9.9982E-005 0.100804 0.0156346 0.550198 0.0279893 9.9982E-005 0.165891
9.9973E-005 0.158646 9.9973E-005 0.00125816 0.150997 0.551573 0.0564652 0.0807604 9.9973E-005
9.9964E-005 0.045999 0.0944074 9.9964E-005 0.0535739 0.70577 9.9964E-005 9.9964E-005 0.0998499
9.9955E-005 0.0787787 0.0541531 9.9955E-005 9.9955E-005 0.616264 0.250305 9.9955E-005 9.9955E-005
9.9964E-005 0.0617719 9.9964E-005 0.0523805 0.0955656 0.674786 0.115096 9.9964E-005 9.9964E-005
9.9964E-005 0.254663 9.9964E-005 0.076129 9.9964E-005 0.0197547 0.577703 0.0713508 9.9964E-005
9.9982E-005 0.108887 0.0638735 0.0212338 0.0011274 0.52928 0.147223 9.9982E-005 0.128175
0.0629814 0.194016 9.9973E-005 0.148005 9.9973E-005 0.454637 0.0644851 0.0755756 9.9973E-005
9.9982E-005 0.117289 9.9982E-005 0.0044789 0.0722479 0.385284 0.242002 0.0351126 0.143385
0.0223793 0.240082 9.9973E-005 9.9973E-005 0.00169394 0.461049 0.152579 9.9973E-005 0.121917
0.136689 0.181659 0.0232679 0.0520629 0.0491635 0.547347 9.9982E-005 9.9982E-005 0.00960992
0.547306 9.9982E-005 0.126676 0.0815148 0.0386427 0.0861524 0.0297422 0.0897654 9.9982E-005
0.333871 0.061974 0.00397868 0.0408442 0.0848123 0.137929 0.291742 9.9991E-005 0.0447488
0.739512 9.9964E-005 9.9964E-005 0.0169142 0.0677811 0.111722 9.9964E-005 0.0636709 9.9964E-005
9.9982E-005 0.202953 9.9982E-005 0.00827983 0.00367119 0.507045 0.193256 0.030914 0.0536815
0.723131 0.0104171 0.130312 0.0118208 0.100462 0.0152708 0.00838649 9.9982E-005 9.9982E-005
0.630448 0.0473919 9.9955E-005 9.9955E-005 9.9955E-005 9.9955E-005 0.263631 0.0580294 9.9955E-005
9.9982E-005 0.143511 0.00601297 0.0685828 0.0383064 0.373744 0.294289 9.9982E-005 0.075353
9.9982E-005 0.103071 0.142301 0.0452886 0.04887 0.502646 0.105019 9.9982E-005 0.0526035
0.0126882 0.127709 0.169771 0.151128 0.0202353 0.408857 0.109412 9.9982E-005 9.9982E-005
0.621649 9.9973E-005 9.9973E-005 0.0779666 0.0293458 0.0544571 0.129178 0.0871041 9.9973E-005
9.9973E-005 0.176496 0.0739936 9.9973E-005 0.0378422 0.593016 0.094136 9.9973E-005 0.0242169
0.332084 0.185827 0.101997 9.9973E-005 0.0598985 0.0577771 0.262116 9.9973E-005 9.9973E-005
0.0254591 0.152914 0.116963 0.131815 9.9973E-005 0.558516 0.0140335 9.9973E-005 9.9973E-005
0.669814 0.0877734 9.9973E-005 0.072212 0.0791461 0.045668 9.9973E-005 0.0450868 9.9973E-005
0.00135387 0.243668 0.0958493 0.0701169 0.0493408 0.127769 0.37304 9.9991E-005 0.0387621
0.0308522 0.211569 9.9991E-005 0.0457799 0.0154129 0.609713 0.00488429 0.0778319 0.00385645
9.9964E-005 9.9964E-005 0.0260088 0.0974997 9.9964E-005 0.820465 0.0502933 0.00533321 9.9964E-005
9.9973E-005 0.0504532 0.0492643 9.9973E-005 0.0224952 0.444634 0.371148 9.9973E-005 0.0617058
0.680975 9.9964E-005 0.0397728 0.02078 9.9964E-005 0.237117 0.0209552 9.9964E-005 9.9964E-005
0.163854 0.369555 0.028861 9.9982E-005 0.0249463 0.350595 0.0126841 0.0493048 9.9982E-005
0.32049 0.100222 9.9991E-005 0.122763 0.032344 0.177145 0.160198 0.0441063 0.0426319
9.9991E-005 0.284366 0.162791 0.00640984 0.0591625 0.390296 0.0574282 0.0388673 0.000579054
0.671809 0.0941892 9.9982E-005 0.00361971 0.0477931 0.06061 0.0407016 9.9982E-005 0.081078
0.0706961 0.104611 0.0114048 0.0839975 0.0535384 0.314879 0.156562 9.9991E-005 0.204211
0.285238 0.172272 0.0708309 9.9982E-005 0.0808782 0.0910052 0.286593 0.0129819 9.9982E-005
9.9964E-005 0.105606 9.9964E-005 0.119633 9.9964E-005 0.518193 0.147999 9.9964E-005 0.108169
0.16845 0.249596 9.9973E-005 9.9973E-005 0.0183974 0.122167 0.29122 0.14987 9.9973E-005
0.460223 0.0335395 0.0315085 0.070531 0.0950342 0.0321098 0.266495 9.9991E-005 0.0104589
9.9982E-005 0.00921033 0.0909736 0.268253 0.0279041 0.383824 0.190791 0.0288437 9.9982E-005
9.9964E-005 0.065898 0.0359001 9.9964E-005 9.9964E-005 0.548507 0.212527 0.136768 9.9964E-005
9.9982E-005 0.15316 9.9982E-005 0.220566 0.00846181 0.430555 0.136103 0.00368806 0.0472663
0.0106523 0.103385 9.9973E-005 0.204161 0.0268308 0.550605 9.9973E-005 9.9973E-005 0.104066
0.32583 0.163144 9.9973E-005 0.0804814 0.0225332 0.0910428 0.316669 9.9973E-005 9.9973E-005
9.9964E-005 0.274167 9.9964E-005 9.9964E-005 0.0645056 0.494539 0.0960187 9.9964E-005 0.0703693
9.9964E-005 0.108977 0.0828283 9.9964E-005 0.0625963 0.684609 9.9964E-005 0.0605896 9.9964E-005
0.0480757 0.0724346 0.0342623 0.0535782 0.000225724 0.676984 0.0820063 9.9991E-005 0.0323335
0.383227 0.0444303 0.0542559 9.9973E-005 9.9973E-005 0.0809876 0.367113 0.0696862 9.9973E-005
0.198077 0.313899 0.129389 9.9973E-005 9.9973E-005 0.193659 0.127379 0.0372975 9.9973E-005
9.9973E-005 0.101042 0.0634523 0.0616904 0.0956044 0.631243 9.9973E-005 9.9973E-005 0.046668
0.116293 0.180259 0.00895455 0.219436 9.9973E-005 9.9973E-005 0.425526 0.0492311 9.9973E-005
0.137931 0.17008 9.9982E-005 0.075388 0.00373764 0.252786 0.237864 0.122013 9.9982E-005
9.9982E-005 0.070643 0.0106911 0.109221 0.0376243 0.401818 0.29826 0.0715423 9.9982E-005
0.358755 0.329124 0.0679718 9.9982E-005 0.0563849 0.0336485 0.0183782 0.135538 9.9982E-005
9.9964E-005 0.446354 9.9964E-005 0.00897375 9.9964E-005 0.108009 0.352088 9.9964E-005 0.0841762
0.387877 0.11358 9.9973E-005 9.9973E-005 9.9973E-005 0.176525 0.238592 0.0577121 0.0254129
9.9955E-005 9.9955E-005 9.9955E-005 9.9955E-005 0.0481259 0.742114 0.0447181 0.164542 9.9955E-005
9.9955E-005 0.233434 0.0954826 0.0252925 9.9955E-005 0.645291 9.9955E-005 9.9955E-005 9.9955E-005
9.9964E-005 0.184019 9.9964E-005 9.9964E-005 0.0561271 0.695631 0.0267895 9.9964E-005 0.0370336
9.9964E-005 0.193763 0.127899 0.0748914 0.0307005 0.572347 9.9964E-005 9.9964E-005 9.9964E-005
9.9982E-005 0.200634 9.9982E-005 0.0753772 0.0362487 0.417894 0.0882578 0.163158 0.0182307
9.9982E-005 0.0669959 0.0777162 0.144191 0.0585088 0.453898 0.167657 0.030833 9.9982E-005
0.241194 0.227947 9.9982E-005 9.9982E-005 0.107185 0.226942 0.155957 0.0234743 0.0171
0.00939375 0.316861 9.9973E-005 0.0430883 9.9973E-005 0.271541 0.325409 9.9973E-005 0.0334068
9.9964E-005 0.152128 9.9964E-005 0.0590716 0.0219917 0.65338 0.113028 9.9964E-005 9.9964E-005
0.0929176 0.0451167 9.9973E-005 9.9973E-005 0.0387991 0.720546 9.9973E-005 0.0799828 0.0223379
0.0260528 0.184095 0.109418 9.9973E-005 0.0354594 0.312195 0.33248 9.9973E-005 9.9973E-005
0.216131 0.103108 9.9973E-005 9.9973E-005 0.132557 0.111437 0.213886 9.9973E-005 0.222581
9.9982E-005 0.232596 0.0905082 0.173539 0.0538431 0.307395 0.0515843 9.9982E-005 0.0903352
0.0107268 0.00911719 0.0671038 0.108069 0.0336155 0.50944 0.141145 0.120682 9.9991E-005
0.58872 9.9946E-005 9.9946E-005 9.9946E-005 0.0175813 9.9946E-005 0.3931 9.9946E-005 9.9946E-005
0.549743 9.9964E-005 9.9964E-005 0.0385384 0.012707 0.231058 0.167554 9.9964E-005 9.9964E-005
9.9982E-005 0.246585 0.105123 0.0837966 0.0267852 0.318953 0.188968 0.0295892 9.9982E-005
9.9964E-005 9.9964E-005 0.102841 0.152654 9.9964E-005 0.440456 9.9964E-005 0.0406474 0.263001
0.0405308 9.9982E-005 0.245106 0.222708 0.00876691 9.9982E-005 0.0990072 0.139409 0.244271
0.00772696 9.9991E-005 0.302535 0.126116 0.0981015 0.267807 0.00782353 0.106527 0.0832622
9.9973E-005 0.0543069 0.0403549 0.102489 9.9973E-005 0.586946 0.126459 9.9973E-005 0.089144
9.9973E-005 9.9973E-005 0.232333 0.0428278 0.0705305 0.277285 9.9973E-005 0.0686007 0.308123
0.0208858 9.9982E-005 0.0525913 0.152867 9.9982E-005 0.296408 0.068698 0.150142 0.258208
0.0278566 0.151888 0.0391295 0.0736816 9.9991E-005 0.130517 0.0763993 0.024028 0.4764
9.9982E-005 9.9982E-005 0.151831 0.227206 0.0386973 0.130996 0.0660663 0.150929 0.234075
0.072154 0.00710735 0.15402 0.0754868 9.9982E-005 0.271866 9.9982E-005 0.0870213 0.332145
0.0182908 9.9982E-005 9.9982E-005 0.157476 0.0132811 0.367151 0.027887 0.23784 0.177874
9.9991E-005 0.224787 0.0470264 0.00450732 0.0382089 0.188234 0.18181 0.140215 0.175111
9.9991E-005 0.0208859 0.165096 0.1544 0.0148767 0.209228 0.0508427 0.0247548 0.359816
9.9982E-005 0.0463475 0.0889369 0.120595 0.0850129 0.437881 0.0410745 9.9982E-005 0.179952
0.0261562 0.0498419 0.104224 0.28753 9.9982E-005 0.164078 9.9982E-005 0.097815 0.270155
9.9973E-005 9.9973E-005 0.249892 0.141284 0.00649719 0.31102 9.9973E-005 0.094498 0.196508
0.038441 0.149826 0.136375 0.0638653 0.0510288 0.0192199 0.0414462 0.0505288 0.449269
9.9991E-005 0.00508494 0.36523 0.0787857 0.0422281 0.263361 0.105102 0.00113257 0.138975
9.9982E-005 9.9982E-005 0.174282 0.0667282 0.0353079 0.167107 0.411013 0.0263111 0.11905
0.652686 0.13311 0.198405 9.9955E-005 0.0152991 9.9955E-005 9.9955E-005 9.9955E-005 9.9955E-005
9.9973E-005 0.018403 9.9973E-005 0.05355 9.9973E-005 0.349543 0.0531718 0.173793 0.351239
9.9991E-005 0.015558 0.106979 0.0478613 0.0593865 0.267976 0.1251 0.124456 0.252584
0.0652585 0.140268 9.9982E-005 0.020594 9.9982E-005 0.343988 0.226336 0.0305762 0.172779
9.9955E-005 9.9955E-005 0.0557388 9.9955E-005 9.9955E-005 0.165074 9.9955E-005 0.16068 0.618007
9.9964E-005 0.166728 9.9964E-005 0.154518 9.9964E-005 9.9964E-005 0.0983397 0.212206 0.367809
9.9982E-005 0.384969 0.0378148 0.0657607 9.9982E-005 0.290755 0.048126 0.0411078 0.131267
9.9982E-005 9.9982E-005 0.0851549 0.146742 0.0568485 0.188375 0.0349189 0.152781 0.33498
9.9991E-005 0.0174536 0.121165 0.128197 0.0652158 0.297447 0.0605033 0.0701595 0.239759
9.9973E-005 9.9973E-005 0.176829 0.102268 0.0399241 0.310665 9.9973E-005 0.160794 0.209221
0.0479045 0.0574113 9.9982E-005 0.0595285 9.9982E-005 0.138485 0.0211776 0.254854 0.420439
0.0442331 0.0876981 0.171899 0.196154 0.0772268 0.0422752 9.9991E-005 0.133159 0.247256
9.9982E-005 0.0538662 0.491238 9.9982E-005 0.00544893 0.000173531 0.128471 0.0406042 0.279997
9.993E-005 9.993E-005 9.993E-005 9.993E-005 9.993E-005 9.993E-005 9.993E-005 0.999201 9.993E-005
9.9982E-005 9.9982E-005 0.122039 0.235636 0.0960143 0.0891436 0.0761118 0.154713 0.226142
9.9982E-005 0.176618 0.248391 0.0460736 0.0211267 0.162257 9.9982E-005 0.0695454 0.275788
0.0902217 0.099007 0.302148 0.00252011 0.0532963 0.112306 9.9991E-005 0.00780087 0.3326
9.9973E-005 0.0943014 0.112888 9.9973E-005 0.0506162 0.193597 9.9973E-005 0.113443 0.434855
0.0902077 0.0268571 9.9973E-005 0.191324 9.9973E-005 0.114957 0.0794893 9.9973E-005 0.496865
9.9982E-005 0.0394695 0.189299 0.0910925 0.0569351 0.48747 0.0634204 0.0721133 9.9982E-005
0.00600212 9.9982E-005 0.141769 0.20471 0.214042 0.0883819 9.9982E-005 0.0359568 0.308938
9.9991E-005 0.144689 0.144277 0.0922124 0.0346816 0.171537 0.0835164 0.0714162 0.25757
0.0303479 9.9973E-005 0.0288453 0.143533 9.9973E-005 0.372357 9.9973E-005 0.0458311 0.378786
9.9973E-005 0.119748 0.117486 0.140204 9.9973E-005 0.215602 0.0753281 9.9973E-005 0.331332
9.993E-005 9.993E-005 9.993E-005 9.993E-005 9.993E-005 9.993E-005 9.993E-005 0.999201 9.993E-005
0.00307667 0.0548903 0.0718823 0.0225233 0.004186 0.561426 0.107962 0.0947736 0.0792802
0.00595527 9.9982E-005 0.228669 0.0242814 0.0301959 0.327444 9.9982E-005 0.20624 0.177014
0.26926 0.0287474 9.9973E-005 9.9973E-005 0.00585639 0.28641 0.329761 9.9973E-005 0.0796663
9.9991E-005 0.0838946 0.0810511 0.0566297 0.0704382 0.227374 0.33689 0.0451669 0.0984557
0.0116135 0.172023 0.0502732 0.0706779 0.030764 0.442734 0.0953821 9.9991E-005 0.126432
9.9982E-005 0.129346 0.0860593 0.0533789 0.042173 0.190329 9.9982E-005 0.133634 0.36488
0.00297781 0.0158051 9.9982E-005 0.160217 0.0653943 0.24537 9.9982E-005 0.182249 0.327787
0.0215561 9.9991E-005 0.242519 0.165285 0.0299645 0.11037 0.00339641 0.191328 0.235481
9.9982E-005 0.0465518 0.00505052 0.0437321 9.9982E-005 0.310056 0.0841067 0.164106 0.346197
0.0505281 0.0579999 0.0556195 0.06652 9.9991E-005 0.331512 0.0196435 0.0912405 0.326836
9.9964E-005 9.9964E-005 9.9964E-005 9.9964E-005 0.0879591 0.273854 0.0360751 0.150721 0.450991
9.9973E-005 0.0078146 0.130321 0.0399557 9.9973E-005 0.332744 0.0945457 9.9973E-005 0.394319
9.9973E-005 9.9973E-005 0.175688 0.0632297 9.9973E-005 0.139581 0.121897 0.159988 0.339316
9.9991E-005 0.0836586 0.211642 0.0795826 0.0332887 0.202236 0.0445316 0.225241 0.119719
0.0221506 9.99549E-005 0.797234 9.99549E-005 9.99549E-005 0.0277964 0.152319 9.99549E-005 9.99549E-005
9.9955E-005 9.9955E-005 0.234071 9.9955E-005 9.9955E-005 0.219145 9.9955E-005 0.245073 0.301211
9.9964E-005 9.9964E-005 0.427507 9.9964E-005 0.0409619 0.233674 9.9964E-005 0.0529463 0.244511
0.0567334 0.0176073 0.342109 0.100432 0.0409889 0.076956 0.0116208 0.119288 0.234265
9.9973E-005 9.9973E-005 0.265711 0.0672768 0.0486947 0.221748 0.0411265 9.9973E-005 0.355143
9.9982E-005 0.0694683 0.0551663 9.9982E-005 0.0128339 0.587788 0.206078 0.00103687 0.0674284
9.9973E-005 0.127456 0.434941 9.9973E-005 0.00691136 0.187082 9.9973E-005 0.0627056 0.180603
0.223626 0.0874286 9.9973E-005 9.9973E-005 0.00742626 0.343929 0.254529 9.9973E-005 0.0827618
0.0183321 0.0222498 9.9982E-005 0.112735 0.0763795 0.206389 9.9982E-005 0.176386 0.387329
0.0689007 0.180286 0.387077 0.0514581 0.0151909 0.0688217 9.9991E-005 0.0619968 0.166169
0.00761533 0.194952 0.016906 9.9991E-005 0.101441 0.332311 0.276948 0.0416425 0.0280843
