0.526132 9.9973E-005 0.0522358 0.0335448 0.242692 0.00508086 0.0136635 9.9973E-005 9.9973E-005 0.126351
0.328054 0.186826 0.00929529 0.00629525 0.163441 0.0852553 0.0531247 9.9991E-005 0.00770446 0.159904
0.318167 0.376216 0.031296 9.9973E-005 0.081066 0.176753 0.00749151 9.9973E-005 0.00871065 9.9973E-005
0.545561 0.0851798 0.00610812 0.00515004 0.0529482 0.0772408 9.9982E-005 9.9982E-005 0.155142 0.0724701
0.64668 0.135797 0.0309569 0.028255 0.117007 9.9973E-005 0.0320574 9.9973E-005 9.9973E-005 0.00894703
9.9946E-005 0.15021 9.9946E-005 0.0417054 0.100097 9.9946E-005 9.9946E-005 9.9946E-005 0.707388 9.9946E-005
0.53511 0.229701 0.0144002 0.0338246 0.0686174 9.9982E-005 0.0554475 0.0582457 9.9982E-005 0.0044532
0.000238942 0.00438159 0.038387 0.0431758 9.9973E-005 0.00774537 0.0388585 9.9973E-005 0.866913 9.9973E-005
0.447245 0.264219 0.0867269 0.0718503 0.0636826 9.9964E-005 0.0658764 9.9964E-005 9.9964E-005 9.9964E-005
0.43451 0.142427 0.0739813 0.0107048 0.12438 0.0272851 9.9982E-005 9.9982E-005 0.0153143 0.171197
0.551811 0.183282 0.0290771 9.9973E-005 0.0652903 0.0790692 9.9973E-005 9.9973E-005 0.0121498 0.0790212
0.261727 0.227233 0.0325575 0.0167215 0.0911026 9.9982E-005 0.0148462 9.9982E-005 0.173689 0.181924
0.457728 0.174188 0.0381548 0.0289821 0.0805298 9.9973E-005 0.116786 9.9973E-005 9.9973E-005 0.103331
0.569916 0.0655382 0.00236233 0.059578 0.0944109 0.12565 9.9973E-005 9.9973E-005 0.0822451 9.9973E-005
9.9946E-005 0.386075 9.9946E-005 9.9946E-005 0.0642906 9.9946E-005 9.9946E-005 9.9946E-005 0.430634 0.118402
0.365456 0.193472 0.0524129 9.9973E-005 0.194003 0.0863682 0.102568 9.9973E-005 0.00542054 9.9973E-005
0.315395 0.170185 0.00720292 0.0514175 0.309666 9.9982E-005 0.0189905 9.9982E-005 0.107006 0.0199363
0.63099 9.9973E-005 0.00685441 0.0717783 9.9973E-005 0.0262177 0.0568725 0.0516473 9.9973E-005 0.15534
0.401368 0.246179 9.9964E-005 0.0276408 0.224095 9.9964E-005 0.0625536 9.9964E-005 9.9964E-005 0.037764
0.544014 0.0554759 0.0350112 0.0220362 0.219192 0.053238 9.9982E-005 9.9982E-005 0.0286879 0.0421454
0.669564 0.0924333 0.00634816 0.0489297 0.00296606 9.9973E-005 0.0765749 9.9973E-005 9.9973E-005 0.102884
0.488424 0.00485218 0.0179784 0.0264996 0.186487 0.0510006 0.0501993 9.9991E-005 0.114763 0.0596958
0.49748 0.137691 0.0228109 0.100192 0.102408 0.139019 9.9964E-005 9.9964E-005 9.9964E-005 9.9964E-005
0.0395684 0.261193 0.0373817 9.9982E-005 0.034457 0.078531 0.00961868 9.9982E-005 0.484334 0.0547159
0.543712 0.065715 0.0588198 0.0709977 0.122507 0.0644143 0.0529469 0.0206867 9.9982E-005 9.9982E-005
9.9955E-005 0.204506 9.9955E-005 9.9955E-005 0.115632 9.9955E-005 0.0273695 9.9955E-005 0.54729 0.104702
0.13505 0.133119 9.9982E-005 0.00349183 0.171229 0.0542999 0.0881454 0.0567086 0.357755 9.9982E-005
0.620577 9.9955E-005 9.9955E-005 0.0348121 9.9955E-005 9.9955E-005 0.037585 9.9955E-005 0.293562 0.0129641
0.025711 0.174937 0.020266 0.0257254 0.0195325 0.0901471 0.0123643 0.0103151 0.620902 9.9991E-005
0.727004 9.9955E-005 9.9955E-005 9.9955E-005 0.0498309 9.9955E-005 0.0362408 9.9955E-005 0.13924 0.047184
0.0538952 0.153883 0.0233336 0.0691506 0.23657 9.9982E-005 0.039638 0.00127766 0.422053 9.9982E-005
0.588345 0.158542 0.0137545 9.9982E-005 0.0450689 0.0091982 0.0752085 0.0360601 9.9982E-005 0.0736231
0.21027 0.303969 0.039053 0.00588163 0.147038 0.110315 0.0362458 9.9982E-005 0.147028 9.9982E-005
0.114759 0.0729129 9.9946E-005 9.9946E-005 9.9946E-005 9.9946E-005 0.0219702 9.9946E-005 0.789758 9.9946E-005
9.9964E-005 0.0554348 9.9964E-005 0.0253149 9.9964E-005 0.0467386 0.0299308 9.9964E-005 0.806034 0.0361474
0.474422 0.241572 0.062468 0.00183314 9.9982E-005 0.0214341 0.00439795 9.9982E-005 0.120058 0.0736157
0.54375 0.0856371 9.9973E-005 0.0232386 0.0608171 9.9973E-005 0.0971378 9.9973E-005 0.0968346 0.0922847
0.478956 0.0369212 0.0101441 9.9973E-005 0.26106 0.0474573 0.125957 0.0392043 9.9973E-005 9.9973E-005
0.0739539 9.9964E-005 0.0532535 9.9964E-005 0.0257448 0.0148657 9.9964E-005 9.9964E-005 0.681738 0.150044
0.0797815 0.300655 0.0177443 0.0822602 0.0923717 0.00826318 9.9982E-005 9.9982E-005 0.319058 0.0996663
0.267163 0.139102 9.9991E-005 0.0425421 0.114299 0.0540401 0.0891254 0.0712181 0.192916 0.0294953
0.482214 0.258259 9.9955E-005 0.00793206 0.196554 9.9955E-005 0.0545408 9.9955E-005 9.9955E-005 9.9955E-005
0.391443 0.158719 0.0456871 0.114976 0.114925 0.0532292 9.9973E-005 9.9973E-005 0.120721 9.9973E-005
0.105759 0.127003 0.00815316 9.9973E-005 9.9973E-005 0.0859117 0.131294 0.031211 0.510368 9.9973E-005
0.453428 0.101273 0.0111587 9.9982E-005 0.266 0.00702052 0.0277593 0.0520744 9.9982E-005 0.0810859
0.302897 0.04261 0.0541031 9.9973E-005 0.19011 0.105308 0.0967277 9.9973E-005 9.9973E-005 0.207944
0.427598 0.0923202 0.008518 0.0966472 0.159149 0.119735 0.0230483 9.9991E-005 0.0651506 0.0077339
0.352585 0.32842 0.00844248 0.0137924 0.159346 0.022021 9.9982E-005 0.0742566 0.0409365 9.9982E-005
0.247172 0.342741 0.033851 9.9973E-005 0.104816 0.12932 0.0690582 9.9973E-005 9.9973E-005 0.072742
9.9955E-005 0.350487 9.9955E-005 9.9955E-005 0.20372 9.9955E-005 0.0352591 9.9955E-005 0.382159 0.0278751
0.736215 0.0643697 0.0515978 0.0895494 9.9964E-005 0.0483037 9.9964E-005 9.9964E-005 0.00956485 9.9964E-005
0.139817 0.0474831 0.0480383 0.0207159 0.170313 9.9982E-005 9.9982E-005 0.0742056 0.421108 0.07812
0.31071 0.213587 0.069518 0.0342751 0.123897 9.9973E-005 0.0186195 9.9973E-005 9.9973E-005 0.229094
0.00614635 0.100563 0.00801318 9.9964E-005 9.9964E-005 9.9964E-005 0.00622421 0.0230402 0.855613 9.9964E-005
0.199009 0.176026 0.0921722 0.00248015 0.102492 9.9982E-005 0.0479153 9.9982E-005 0.375111 0.00459349
0.685515 0.0343218 0.0363473 0.106001 0.0671507 9.9973E-005 0.0696817 9.9973E-005 9.9973E-005 0.000683091
0.630136 9.9955E-005 0.0437733 9.9955E-005 0.210087 0.0902404 9.9955E-005 9.9955E-005 9.9955E-005 0.0252632
0.473527 0.10845 9.9982E-005 0.0553898 0.110519 0.0165864 0.0832574 9.9982E-005 0.100971 0.0510987
0.192723 0.165878 0.090797 9.99549E-005 0.236362 9.99549E-005 9.99549E-005 9.99549E-005 0.31374 9.99549E-005
0.636519 0.0405058 9.9946E-005 9.9946E-005 9.9946E-005 9.9946E-005 0.032484 9.9946E-005 0.289892 9.9946E-005
9.9973E-005 0.0420608 9.9973E-005 0.0309129 0.0301047 0.0719868 0.0534216 0.0257753 0.745438 9.9973E-005
9.9955E-005 0.063159 0.080258 0.0163787 9.9955E-005 0.0287573 9.9955E-005 9.9955E-005 0.810947 9.9955E-005
0.606418 0.0988711 9.9955E-005 0.0434996 0.106089 9.9955E-005 0.144622 9.9955E-005 9.9955E-005 9.9955E-005
9.99371E-005 9.99371E-005 9.99371E-005 9.99371E-005 9.99371E-005 0.0288478 0.0654714 9.99371E-005 0.904981 9.99371E-005
0.396342 0.231771 0.00937238 0.0424447 0.238456 9.9982E-005 9.9982E-005 0.000789077 0.0138404 0.0667842
9.9955E-005 0.020253 9.9955E-005 9.9955E-005 9.9955E-005 0.0344427 0.0102872 9.9955E-005 0.78177 0.152748
0.653634 9.9973E-005 0.00590449 0.024361 0.0837653 0.0285466 0.111109 9.9973E-005 9.9973E-005 0.0923797
0.276122 0.313339 0.000904897 0.0387944 0.153598 0.0542706 0.000822907 9.9991E-005 0.0804094 0.0816392
0.508232 0.0592401 0.0395543 9.9973E-005 0.210803 0.0894815 0.0873799 9.9973E-005 9.9973E-005 0.00500878
9.9946E-005 0.196807 9.9946E-005 9.9946E-005 0.142467 9.9946E-005 0.02356 9.9946E-005 0.636566 9.9946E-005
0.304031 9.9973E-005 0.0771239 0.0722804 0.272888 0.0778979 0.0785543 9.9973E-005 9.9973E-005 0.116925
0.428251 0.204411 0.0215306 0.111233 0.0715312 0.0857248 0.0583807 9.9991E-005 0.00723819 0.0116
0.366973 0.122007 0.0227946 9.9991E-005 0.130288 0.0141849 0.0391147 0.0121046 0.272151 0.0202825
0.484944 0.12721 9.9973E-005 0.0662525 0.127189 0.0141721 0.00612147 9.9973E-005 9.9973E-005 0.17381
0.500049 0.127977 9.9973E-005 0.122885 0.0609478 0.114575 0.0575424 9.9973E-005 0.0157231 9.9973E-005
0.445604 9.9955E-005 9.9955E-005 9.9955E-005 0.0338815 9.9955E-005 0.0766951 9.9955E-005 0.342815 0.100504
0.472138 0.0822904 9.9982E-005 0.0703935 0.0951971 0.0907544 0.0151274 9.9982E-005 0.0422396 0.13166
0.276643 0.108951 0.0531453 9.9982E-005 0.173891 0.158882 0.0255691 9.9982E-005 0.162893 0.0398253
0.417704 0.286995 9.9955E-005 0.0722147 9.9955E-005 0.116725 9.9955E-005 9.9955E-005 0.105862 9.9955E-005
0.492087 0.164052 0.011482 0.0338968 0.0808731 0.0574622 0.118309 0.0416384 9.9982E-005 9.9982E-005
0.160271 0.351372 0.0107899 0.0628738 0.109393 0.0351462 9.9973E-005 9.9973E-005 9.9973E-005 0.269854
0.484577 0.191444 0.0732573 0.00742975 0.00047372 0.124605 0.111907 0.0061057 9.9982E-005 9.9982E-005
0.367319 0.0756621 0.024339 0.0240143 0.184568 0.115959 0.0518177 9.9991E-005 0.0160928 0.140128
0.704445 0.0054817 9.99551E-005 0.00330334 0.138245 9.99551E-005 9.99551E-005 9.99551E-005 9.99551E-005 0.148025
0.598122 0.244516 9.9955E-005 9.9955E-005 0.0546141 0.0265379 9.9955E-005 9.9955E-005 9.9955E-005 0.0757108
0.172506 0.265079 0.0479806 0.0255842 0.162396 0.0436898 0.0974601 9.9991E-005 0.0623131 0.122891
0.178733 0.393319 9.9955E-005 0.0500765 9.9955E-005 0.156915 9.9955E-005 9.9955E-005 0.220457 9.9955E-005
0.391598 0.316538 0.0936833 9.9955E-005 9.9955E-005 9.9955E-005 9.9955E-005 9.9955E-005 0.186027 0.0116538
0.00116557 0.101228 0.0166995 0.0544605 9.9964E-005 9.9964E-005 0.136616 9.9964E-005 0.689431 9.9964E-005
0.33394 0.243371 0.0591214 0.0138696 0.0698312 0.0476577 0.0224048 0.00812793 0.164368 0.037308
0.215256 0.287963 9.9973E-005 0.00711985 0.154131 0.309267 0.0115906 0.0143719 9.9973E-005 9.9973E-005
0.0460575 0.305199 9.9964E-005 9.9964E-005 9.9964E-005 0.0332015 0.074186 9.9964E-005 0.50678 0.0341763
0.480232 0.162449 0.0118532 0.00972715 0.208237 0.00466013 0.000606502 9.9991E-005 0.0316747 0.090461
0.48223 0.0257874 9.9955E-005 9.9955E-005 0.103469 9.9955E-005 9.9955E-005 9.9955E-005 0.277707 0.110306
0.0707525 0.146669 0.0197786 0.0844795 0.226428 0.0373785 9.9973E-005 9.9973E-005 0.414214 9.9973E-005
9.9955E-005 9.9955E-005 0.0404587 0.140831 0.0299159 9.9955E-005 0.0216 9.9955E-005 0.766694 9.9955E-005
0.386122 0.264727 0.00324357 0.0535813 0.0268251 0.0509912 0.0370602 9.9991E-005 0.0458494 0.131501
0.349934 0.170713 0.0486286 9.9982E-005 0.257288 9.9982E-005 0.0928286 0.00560504 0.0432778 0.0315256
0.320687 9.9973E-005 0.0522314 9.9973E-005 0.308385 0.14881 0.0530397 9.9973E-005 0.0409169 0.0756293
0.632893 0.0580893 0.0193789 0.011704 0.0304938 9.9982E-005 0.0304222 0.0120181 0.204801 9.9982E-005
9.9973E-005 0.207472 0.0076113 0.00405135 0.183747 0.0572465 0.155789 9.9973E-005 0.383783 9.9973E-005
0.425573 0.37629 9.9946E-005 9.9946E-005 9.9946E-005 0.0381499 9.9946E-005 9.9946E-005 9.9946E-005 0.159387
0.407068 0.0453638 0.0535921 9.9982E-005 0.155032 0.193233 0.0115029 0.0179649 9.9982E-005 0.116043
0.553946 9.9955E-005 9.9955E-005 0.11388 0.117266 0.110195 9.9955E-005 9.9955E-005 9.9955E-005 0.104213
0.487995 0.205466 0.0272575 0.046244 0.0962319 0.0712322 0.0614388 9.9982E-005 9.9982E-005 0.00393528
9.9964E-005 0.169527 0.0481898 9.9964E-005 9.9964E-005 0.0235808 0.097225 9.9964E-005 0.613553 0.0475242
9.9964E-005 0.161011 9.9964E-005 0.0324283 0.218276 0.0252371 9.9964E-005 9.9964E-005 0.42452 0.138128
0.59075 0.159334 0.0285333 9.9964E-005 0.14716 0.0593446 9.9964E-005 9.9964E-005 9.9964E-005 0.0144779
0.465155 0.161442 0.0861356 9.9964E-005 0.119269 9.9964E-005 0.0867876 9.9964E-005 9.9964E-005 0.0808105
0.717827 0.0558144 9.9955E-005 0.0796152 9.9955E-005 0.106431 0.0398128 9.9955E-005 9.9955E-005 9.9955E-005
0.11818 0.33371 9.9982E-005 9.9982E-005 0.0540304 0.0500845 0.00613989 0.0205821 0.412739 0.00433446
9.9937E-005 9.9937E-005 9.9937E-005 0.00395294 0.135348 9.9937E-005 9.9937E-005 9.9937E-005 0.859999 9.9937E-005
0.269504 0.101367 9.9955E-005 9.9955E-005 0.160867 0.0611524 9.9955E-005 9.9955E-005 0.40661 9.9955E-005
0.613334 0.241001 0.0231883 0.0633195 9.9964E-005 0.0537106 9.9964E-005 0.00504636 9.9964E-005 9.9964E-005
0.534796 9.9964E-005 9.9964E-005 0.0433199 0.216784 0.0590831 0.0615027 9.9964E-005 0.0841137 9.9964E-005
0.608329 9.9964E-005 0.0455829 0.0271225 0.13195 0.0147135 9.9964E-005 9.9964E-005 9.9964E-005 0.171902
0.523443 0.107742 0.0665493 0.0275811 0.18303 0.0656257 0.0257287 9.9973E-005 9.9973E-005 9.9973E-005
9.9955E-005 0.0671302 0.0183314 0.0146332 9.9955E-005 9.9955E-005 0.0538987 9.9955E-005 0.845507 9.9955E-005
0.750343 9.9973E-005 0.00291323 0.127722 0.0196447 9.9973E-005 0.0420779 9.9973E-005 0.00261947 0.0543805
0.505656 0.130937 0.0726489 9.9964E-005 0.0842167 0.194661 9.9964E-005 0.0114804 9.9964E-005 9.9964E-005
0.629449 9.9964E-005 9.9964E-005 0.0782851 9.9964E-005 0.0346516 0.0513473 9.9964E-005 0.0912208 0.114646
0.0928173 0.203973 9.9973E-005 0.0242882 0.101827 0.0126098 0.0561402 9.9973E-005 0.508045 9.9973E-005
0.697691 0.00366045 9.9973E-005 0.0555721 0.00156551 0.0949156 0.0256457 0.12065 9.9973E-005 9.9973E-005
0.477044 0.341777 9.9964E-005 9.9964E-005 0.0763989 0.0936302 9.9964E-005 0.00707909 9.9964E-005 0.0036713
0.618478 9.9991E-005 0.0421377 0.0383618 0.0982559 0.0443576 0.0502948 0.0256559 0.0145463 0.0678124
0.426127 0.0485524 9.9982E-005 0.100956 0.154481 0.0581202 0.0276061 9.9982E-005 0.0397078 0.144249
0.11266 9.9964E-005 9.9964E-005 0.0496396 0.153092 9.9964E-005 0.118069 9.9964E-005 0.515049 0.0510898
9.9955E-005 0.0683013 0.020279 0.0795801 9.9955E-005 0.0300596 9.9955E-005 9.9955E-005 0.80128 9.9955E-005
0.233528 0.338066 0.0640877 9.9973E-005 0.153011 0.119128 0.0493036 9.9973E-005 9.9973E-005 0.0425756
0.527914 9.9982E-005 0.0666785 0.0979978 0.0736508 0.142721 0.0251263 9.9982E-005 0.00929672 0.0564147
0.46937 0.141379 9.9973E-005 0.0262228 0.128241 0.0206288 0.112775 9.9973E-005 9.9973E-005 0.101082
0.296916 0.436632 0.0158955 0.0542886 9.9964E-005 9.9964E-005 0.0179929 9.9964E-005 9.9964E-005 0.177874
0.294389 0.140432 0.126214 0.0184786 9.9973E-005 0.0135769 0.0255885 9.9973E-005 0.381021 9.9973E-005
0.419204 0.171942 0.0148944 9.9991E-005 0.0816751 0.00619203 0.00782302 0.18329 0.0498026 0.0650761
0.569863 9.9964E-005 9.9964E-005 0.0532513 0.00110784 0.0430264 9.9964E-005 9.9964E-005 0.216893 0.115458
9.99201E-005 9.99201E-005 9.99201E-005 9.99201E-005 9.99201E-005 0.999101 9.99201E-005 9.99201E-005 9.99201E-005 9.99201E-005
0.234605 0.0507113 0.0358993 9.9991E-005 0.090961 0.0134138 0.0272337 0.0340508 0.46336 0.0496651
0.44511 0.186813 0.0252601 9.9991E-005 0.000999031 0.0228186 0.0497537 0.025856 0.225115 0.018175
9.99201E-005 9.99201E-005 9.99201E-005 9.99201E-005 9.99201E-005 0.999101 9.99201E-005 9.99201E-005 9.99201E-005 9.99201E-005
9.9964E-005 0.107177 0.0507744 0.124342 0.20104 0.0815989 9.9964E-005 9.9964E-005 0.434668 9.9964E-005
0.568908 0.265268 9.9955E-005 0.0162382 0.0239115 9.9955E-005 9.9955E-005 9.9955E-005 0.125175 9.9955E-005
0.173736 0.0521075 0.0206564 0.172085 0.0936792 0.0963312 9.9982E-005 9.9982E-005 0.337712 0.0534936
0.295671 0.297593 0.00224077 0.0574386 0.0293795 9.9982E-005 0.142707 0.00679199 0.167978 9.9982E-005
0.0497156 0.432607 0.0147648 9.9982E-005 0.102936 0.104977 0.159695 0.0558153 0.0792888 9.9982E-005
9.9955E-005 0.158685 9.9955E-005 0.00130427 0.161667 9.9955E-005 9.9955E-005 0.0403122 0.637531 9.9955E-005
0.386448 0.118035 0.0092212 9.9973E-005 0.076993 9.9973E-005 0.0408972 9.9973E-005 0.217598 0.150508
0.26939 0.314519 9.9964E-005 0.0699361 0.0375779 0.143 9.9964E-005 9.9964E-005 0.165177 9.9964E-005
0.544996 0.0235811 0.0624404 0.0566051 0.125449 0.0768719 0.101736 9.9982E-005 9.9982E-005 0.00812052
0.499084 9.9973E-005 0.0431299 0.0730543 0.0802582 0.0628722 0.026749 9.9973E-005 9.9973E-005 0.214552
0.52623 0.128791 0.042786 0.00864842 0.104801 0.0243227 9.9982E-005 0.132737 9.9982E-005 0.0314838
0.295941 0.448199 0.0316279 0.0179055 9.9964E-005 9.9964E-005 0.0364955 9.9964E-005 9.9964E-005 0.169431
0.469693 0.145334 0.0125724 0.0898519 9.9964E-005 9.9964E-005 9.9964E-005 9.9964E-005 0.278101 0.00404749
0.10383 9.9955E-005 0.0948968 0.074518 9.9955E-005 9.9955E-005 0.0397459 9.9955E-005 0.68651 9.9955E-005
0.266109 0.0541329 9.9982E-005 9.9982E-005 0.147529 0.0584412 0.0373185 0.0644627 0.317206 0.0546014
0.224802 0.177448 9.9973E-005 9.9973E-005 0.163814 0.197076 0.0751503 9.9973E-005 0.0102866 0.151123
0.34058 0.24266 9.9973E-005 0.0686664 0.0779012 0.149333 0.102871 0.017689 9.9973E-005 9.9973E-005
9.9946E-005 0.206352 9.9946E-005 9.9946E-005 9.9946E-005 0.0331055 9.9946E-005 9.9946E-005 0.728871 0.0310716
0.437671 0.199545 0.0336821 0.0131367 9.9982E-005 0.111663 0.0520483 0.00838487 9.9982E-005 0.143668
0.347304 0.00936266 0.0705591 0.00748817 0.330706 0.00620077 0.103706 9.9982E-005 9.9982E-005 0.124473
0.338501 0.230938 9.9982E-005 0.109823 0.0586203 0.0581699 0.0786588 9.9982E-005 0.112105 0.0129842
0.470197 0.0248098 0.0912278 0.0167965 0.203426 0.16876 0.00524483 0.0193372 9.9982E-005 9.9982E-005
0.160032 0.32681 0.0582339 0.035549 0.201786 0.0176516 0.139272 9.9982E-005 0.0604664 9.9982E-005
0.215495 0.154391 0.0389589 0.0900816 0.122901 0.195633 9.9982E-005 9.9982E-005 0.046545 0.135794
0.163228 0.256675 9.9973E-005 0.0478752 0.0858111 0.142368 0.0208565 9.9973E-005 9.9973E-005 0.282886
0.616981 0.0183784 0.0534707 9.9973E-005 0.112562 0.0626758 0.0362898 9.9973E-005 9.9973E-005 0.099342
0.733259 9.9964E-005 0.0393118 0.0733828 9.9964E-005 0.116379 0.00153051 9.9964E-005 9.9964E-005 0.0357364
0.304049 0.319693 0.00342072 0.0126001 0.0905134 0.0402553 0.112788 9.9991E-005 0.0865973 0.0299821
0.0573622 0.214744 0.0179015 9.9973E-005 0.0766094 0.120158 9.9973E-005 9.9973E-005 0.489001 0.0239241
0.189407 0.366163 0.0054413 0.0160659 0.116572 0.0957537 0.0297776 9.9991E-005 0.178345 0.00237402
0.295192 0.269919 0.076305 0.0112912 0.0808519 0.126561 9.9982E-005 0.0740244 0.0656553 9.9982E-005
0.273832 0.100362 9.9982E-005 0.133021 0.282447 0.0675476 0.00113015 9.9982E-005 0.125639 0.0158217
0.535988 0.241478 9.9973E-005 0.0652752 0.0687291 0.00932135 0.0090963 9.9973E-005 0.0698117 9.9973E-005
9.9946E-005 0.0754472 9.9946E-005 9.9946E-005 9.9946E-005 9.9946E-005 0.0122199 9.9946E-005 0.871634 0.0400996
0.16687 0.638313 0.0383809 0.006879 0.0443782 0.0560003 0.0488794 9.9973E-005 9.9973E-005 9.9973E-005
0.163899 0.125038 0.0230223 9.9973E-005 0.309604 0.0878679 0.0217836 9.9973E-005 0.268485 9.9973E-005
0.231117 0.0752284 0.00443869 9.9982E-005 0.33432 0.204903 0.0402915 0.0470204 9.9982E-005 0.0624811
0.389612 0.155722 0.0488442 0.0525814 0.0986389 0.00624923 9.9973E-005 9.9973E-005 0.248053 9.9973E-005
0.0550825 0.261995 0.0608011 9.9964E-005 0.125743 9.9964E-005 0.0655118 9.9964E-005 0.430466 9.9964E-005
0.229035 0.20156 9.9973E-005 0.0440543 0.0378189 0.0393575 0.0533802 9.9973E-005 0.394495 9.9973E-005
0.269272 0.0514932 9.9955E-005 0.107809 0.0543613 9.9955E-005 9.9955E-005 9.9955E-005 0.516564 9.9955E-005
0.613537 0.244075 0.0231904 9.9955E-005 0.0870895 9.9955E-005 0.0316077 9.9955E-005 9.9955E-005 9.9955E-005
9.9937E-005 0.345813 9.9937E-005 9.9937E-005 9.9937E-005 0.0588043 9.9937E-005 9.9937E-005 0.594683 9.9937E-005
0.238257 0.345591 9.9955E-005 0.00296229 9.9955E-005 0.0701873 9.9955E-005 9.9955E-005 0.342502 9.9955E-005
0.380207 0.103453 0.067127 0.0269543 0.216275 9.9973E-005 0.123787 9.9973E-005 9.9973E-005 0.0818964
9.99371E-005 0.0800594 9.99371E-005 0.0657673 9.99371E-005 9.99371E-005 9.99371E-005 9.99371E-005 0.853474 9.99371E-005
0.00777433 0.247694 9.9955E-005 9.9955E-005 0.267872 9.9955E-005 0.0619077 9.9955E-005 0.414252 9.9955E-005
0.352097 0.148346 0.0310179 0.0135328 0.232125 0.0644373 0.037376 9.9991E-005 0.0466949 0.0742735
0.290599 9.9964E-005 9.9964E-005 0.0430512 0.285896 9.9964E-005 0.0445983 9.9964E-005 0.335344 0.000111443
0.516896 9.9973E-005 0.0563779 9.9973E-005 0.160268 0.0636646 0.0149188 9.9973E-005 0.178192 0.00938321
0.593858 0.151782 0.0582723 0.0733281 0.0868301 0.0043803 9.9973E-005 0.0312489 9.9973E-005 9.9973E-005
0.266903 0.162491 0.0251726 0.0342317 0.0679469 9.9982E-005 0.0920833 9.9982E-005 0.25434 0.0966321
0.668262 0.0758242 9.9955E-005 0.0573193 0.179052 9.9955E-005 9.9955E-005 9.9955E-005 9.9955E-005 0.0190428
0.671391 0.174696 9.9946E-005 9.9946E-005 0.0785096 9.9946E-005 9.9946E-005 9.9946E-005 9.9946E-005 0.0748033
0.49855 0.102905 0.0200565 0.0267856 0.0833193 0.111681 0.0479447 0.0895757 0.0190829 9.9991E-005
0.0754509 0.256693 0.110745 0.00426916 0.116214 0.0838686 9.9991E-005 0.0360487 0.204308 0.112303
0.563746 9.9982E-005 0.0486294 0.0419207 0.0423517 0.0102553 0.00263219 9.9982E-005 0.247713 0.0425518
0.448659 0.104699 0.0076575 0.0587731 0.0866334 0.0864595 0.0522967 0.126881 9.9991E-005 0.0278397
0.438905 0.159732 0.037091 9.9982E-005 0.0578563 0.0326158 9.9982E-005 0.025546 0.122354 0.1257
0.251734 0.222389 9.9973E-005 9.9973E-005 0.255599 0.0952547 0.0956841 0.0559255 9.9973E-005 0.0231126
0.458729 0.202478 0.0254097 9.9973E-005 0.123209 0.143954 0.021193 0.024727 9.9973E-005 9.9973E-005
0.230297 0.220383 0.0395213 9.9982E-005 0.0256169 0.0723285 0.0141079 9.9982E-005 0.278596 0.11895
0.652986 0.161268 0.00508383 0.0194106 9.9964E-005 0.0243586 9.9964E-005 9.9964E-005 9.9964E-005 0.136493
0.320853 0.294264 0.118265 9.9964E-005 0.134165 0.0948534 9.9964E-005 0.0371996 9.9964E-005 9.9964E-005
0.412691 0.085988 0.0383002 9.9973E-005 0.0914788 0.143043 9.9973E-005 0.107297 9.9973E-005 0.120903
0.378995 9.9955E-005 9.9955E-005 9.9955E-005 0.208792 9.9955E-005 0.0367516 0.204157 9.9955E-005 0.170805
0.166009 9.9973E-005 0.0043784 9.9973E-005 0.352772 0.0397775 0.0481754 9.9973E-005 0.201792 0.186795
0.687742 9.9955E-005 0.0226605 0.0588319 0.0864716 9.9955E-005 9.9955E-005 9.9955E-005 9.9955E-005 0.143794
0.222693 0.454538 0.0417607 9.9973E-005 0.130488 0.0108415 9.9973E-005 0.00717125 0.132207 9.9973E-005
0.53806 0.043997 0.0682337 0.0361131 0.0254016 0.141521 0.11528 9.9982E-005 9.9982E-005 0.0311935
0.551658 0.0991675 0.0249702 0.0242575 9.9964E-005 0.0418368 9.9964E-005 9.9964E-005 9.9964E-005 0.25771
0.41761 0.18771 0.0446921 9.9982E-005 0.0947421 0.0369573 0.0475854 0.080819 9.9982E-005 0.0896836
0.27783 0.0939465 9.9964E-005 0.0978811 0.168167 9.9964E-005 9.9964E-005 9.9964E-005 0.288414 0.0733614
0.166499 0.262899 9.9955E-005 9.9955E-005 0.127428 9.9955E-005 9.9955E-005 9.9955E-005 0.356583 0.0860915
0.811592 9.9946E-005 9.9946E-005 9.9946E-005 9.9946E-005 0.0512952 0.055827 9.9946E-005 9.9946E-005 0.0806859
0.647084 9.99699E-005 0.0456031 9.99699E-005 0.0660887 0.166681 9.99699E-005 0.0627134 9.99699E-005 0.0114299
0.533711 0.0650224 9.9973E-005 0.103838 0.0660651 0.073905 0.087434 9.9973E-005 9.9973E-005 0.0697247
0.389414 0.210971 0.010336 0.0372192 0.228947 0.0931158 9.9982E-005 9.9982E-005 0.00329037 0.0265059
0.258208 0.119275 0.00566635 0.00137913 0.0807002 0.201349 0.0266956 9.9982E-005 0.306527 9.9982E-005
0.129476 0.42283 9.9973E-005 0.0283312 0.207104 0.103722 0.0279464 9.9973E-005 0.0802903 9.9973E-005
0.271533 0.214287 0.0400205 9.9973E-005 0.275162 0.0327043 9.9973E-005 0.0390457 9.9973E-005 0.126948
0.0276244 0.0239673 0.0319729 0.0122586 0.163273 0.0405065 0.171367 9.9991E-005 0.452395 0.0765358
0.486186 0.216288 9.9955E-005 0.0793254 9.9955E-005 9.9955E-005 0.090867 9.9955E-005 0.126834 9.9955E-005
0.398775 0.101328 9.9982E-005 0.0969601 0.123854 0.0434607 9.9982E-005 0.00589542 0.124791 0.104736
9.9964E-005 9.9964E-005 0.0286329 0.034516 0.198259 0.0111421 0.063854 9.9964E-005 0.663196 9.9964E-005
0.249816 0.404436 0.0671921 0.0286377 0.10129 0.0414491 0.0584649 0.0485144 9.9982E-005 9.9982E-005
0.371092 0.209508 9.9982E-005 0.0195096 0.137479 0.0720159 0.0817978 9.9982E-005 0.0222532 0.0861448
0.682946 9.9973E-005 0.0153074 9.9973E-005 0.0912509 0.0251591 0.0951134 9.9973E-005 0.0553576 0.034566
0.484095 0.0968743 0.107806 0.0277105 0.134476 9.9973E-005 0.065365 9.9973E-005 9.9973E-005 0.0833734
0.342891 0.210156 0.0784859 0.0297077 0.107642 0.0807004 9.9973E-005 0.150117 9.9973E-005 9.9973E-005
0.415625 0.313887 0.0545696 0.0247682 9.9964E-005 0.159439 0.0313115 9.9964E-005 9.9964E-005 9.9964E-005
0.691358 0.0606133 0.0360976 0.0706244 0.000356517 0.0287415 0.111909 9.9973E-005 9.9973E-005 9.9973E-005
0.663389 0.0167406 9.9973E-005 0.0874029 0.0745989 0.0934287 0.0407375 9.9973E-005 9.9973E-005 0.023402
0.155203 0.326102 0.0304738 0.0546091 0.0561868 0.122057 0.13049 9.9982E-005 0.124677 9.9982E-005
0.457156 0.135499 0.0317687 0.0631084 0.214155 9.9964E-005 9.9964E-005 9.9964E-005 9.9964E-005 0.0979123
0.460224 9.99524E-005 9.99524E-005 9.99524E-005 0.273383 0.164593 9.99524E-005 9.99524E-005 9.99524E-005 0.1012
0.0220593 0.50157 9.9964E-005 9.9964E-005 0.272852 0.11246 9.9964E-005 0.0318506 0.0588082 9.9964E-005
0.386687 0.236823 0.00237155 0.0266788 0.277188 0.0118717 9.9973E-005 9.9973E-005 9.9973E-005 0.0580798
0.57391 0.0353915 0.0191289 0.0216938 0.285296 0.011311 0.052969 9.9973E-005 9.9973E-005 9.9973E-005
0.476559 0.0465434 9.9964E-005 0.0513242 9.9964E-005 0.00853005 0.105114 9.9964E-005 0.311529 9.9964E-005
0.32494 0.0018961 9.9973E-005 0.0204238 0.26583 0.0583972 0.0376319 9.9973E-005 0.290581 9.9973E-005
0.732846 0.103778 9.9955E-005 0.11767 9.9955E-005 0.0251677 9.9955E-005 9.9955E-005 0.0200392 9.9955E-005
0.161636 9.9964E-005 9.9964E-005 0.0617505 9.9964E-005 0.0279568 0.12634 9.9964E-005 0.525064 0.0968525
0.463214 0.280645 9.9982E-005 0.0224227 0.000449856 0.155364 0.0113298 0.00513868 9.9982E-005 0.0612365
0.4294 0.108941 9.9964E-005 9.9964E-005 0.0418305 0.0257368 9.9964E-005 9.9964E-005 0.329997 0.0636941
0.591063 0.1215 0.0790903 0.104317 9.9982E-005 0.0343924 9.9982E-005 0.0327342 0.0105665 0.0261363
9.9973E-005 0.287056 0.0818427 0.0442811 0.456654 0.00857597 9.9973E-005 9.9973E-005 0.110392 0.0108979
0.391885 0.109759 0.00213713 0.0541987 0.0276644 0.011228 9.9982E-005 0.115915 0.287012 9.9982E-005
0.0166618 0.298659 0.0587761 9.9973E-005 0.081033 0.0365673 0.111979 9.9973E-005 0.396023 9.9973E-005
0.433988 0.38986 0.0228254 9.9973E-005 0.0409517 0.0150771 0.0902287 9.9973E-005 9.9973E-005 0.00676945
0.481304 0.0417339 9.9964E-005 0.091089 0.265201 0.0807061 0.0395661 9.9964E-005 9.9964E-005 9.9964E-005
0.2321 0.272651 0.0357291 0.0183522 0.145355 9.9982E-005 0.0312387 9.9982E-005 0.235315 0.0290581
0.301032 0.251655 9.9973E-005 0.0168397 0.11584 0.0320986 0.0228806 9.9973E-005 9.9973E-005 0.259354
0.643321 0.12835 0.0470871 9.9973E-005 0.0460603 9.9973E-005 0.0243606 0.0172241 9.9973E-005 0.0932966
9.9955E-005 0.101422 0.00817445 0.0920069 9.9955E-005 9.9955E-005 0.0761749 9.9955E-005 0.721722 9.9955E-005
0.54556 0.0584221 0.00028523 9.9982E-005 0.119228 0.0846581 0.0352399 9.9982E-005 0.00972607 0.146681
0.677347 0.119568 0.0610353 0.0579545 0.0835953 9.9955E-005 9.9955E-005 9.9955E-005 9.9955E-005 9.9955E-005
0.612616 0.262089 9.9964E-005 0.0155352 9.9964E-005 0.0492436 0.0452629 9.9964E-005 9.9964E-005 0.0148532
0.389687 0.173769 0.0559736 0.0409352 0.16758 0.0532495 0.0022485 9.9982E-005 9.9982E-005 0.116357
0.61502 0.0373801 9.9982E-005 0.0645262 0.0864821 0.0308989 0.0136445 9.9982E-005 0.024729 0.12712
0.461261 0.229095 0.019498 9.9964E-005 0.111606 9.9964E-005 0.0391919 9.9964E-005 9.9964E-005 0.138949
0.635545 0.0461333 9.9964E-005 0.0701737 0.0287487 0.0918686 0.127131 9.9964E-005 9.9964E-005 9.9964E-005
0.426725 0.191938 9.9982E-005 0.0549311 0.136173 0.0401454 0.0437708 9.9982E-005 0.0770458 0.0290703
0.126907 0.0370675 0.0097207 9.9982E-005 0.125339 0.0620376 0.00339351 9.9982E-005 0.482379 0.152955
0.459225 0.299646 0.0242521 9.9964E-005 0.186946 0.0193339 0.0101967 9.9964E-005 9.9964E-005 9.9964E-005
0.739274 9.9973E-005 0.0228554 0.0178739 0.0552001 0.0247334 0.0596457 9.9973E-005 9.9973E-005 0.0801174
0.239616 0.365854 9.9982E-005 0.0631077 0.115207 0.0786604 0.0419107 9.9982E-005 0.0664472 0.0289967
0.25693 0.0372329 9.9982E-005 0.0536969 0.137955 0.0691521 0.00171798 9.9982E-005 0.353143 0.0899713
0.63925 0.0160101 0.00488883 9.9982E-005 0.170793 0.0399951 0.00600529 0.0692567 9.9982E-005 0.053601
0.570859 0.00936075 0.0196994 0.0227198 9.9973E-005 0.103418 0.0221823 9.9973E-005 0.251461 9.9973E-005
0.61081 0.0224992 0.0120781 0.0371706 0.136748 0.00190779 0.108156 9.9982E-005 9.9982E-005 0.070431
0.329301 0.121114 0.0104546 0.0283128 0.10114 0.0748688 0.00463737 9.9982E-005 0.329971 9.9982E-005
0.350588 0.156643 9.9982E-005 9.9982E-005 0.112337 0.0824706 0.0142168 0.0311109 0.117364 0.13507
0.145547 0.0530293 9.9973E-005 9.9973E-005 0.172721 0.0336594 0.0446097 9.9973E-005 0.436316 0.113817
0.388889 0.0132336 0.00647514 0.0385892 0.194935 9.9982E-005 0.0152467 9.9982E-005 0.222226 0.120206
0.271963 0.244773 0.085586 0.0346835 0.245853 0.106513 9.99734E-005 0.0103283 9.99734E-005 9.99734E-005
0.331909 0.192701 0.0333659 0.0286779 0.0998424 0.035359 9.9982E-005 9.9982E-005 0.173926 0.104019
0.370218 0.238511 0.00718035 0.0055552 0.166467 0.0391506 0.00876812 9.9982E-005 9.9982E-005 0.163949
0.626153 9.9973E-005 9.9973E-005 0.0235308 0.149809 0.0823447 0.0448294 9.9973E-005 0.0586237 0.0144099
0.280243 0.354676 0.0687396 9.9964E-005 0.131553 0.10085 9.9964E-005 9.9964E-005 9.9964E-005 0.0635386
0.290385 0.117248 9.9964E-005 0.0788963 0.162007 0.122699 9.9964E-005 9.9964E-005 0.228364 9.9964E-005
0.4665 0.343717 0.0404339 9.9964E-005 0.113756 0.0347671 9.9964E-005 9.9964E-005 0.000425877 9.9964E-005
0.403035 0.140342 0.0800127 9.9973E-005 9.9973E-005 0.0557969 0.0990475 0.0615298 9.9973E-005 0.159936
0.628816 0.0773772 9.9973E-005 0.0499394 0.107113 0.0685274 0.036075 9.9973E-005 9.9973E-005 0.0318521
0.23346 0.0776229 0.0436466 9.99802E-005 0.042471 9.99802E-005 9.99802E-005 0.0475151 0.469127 0.0858581
9.9946E-005 9.9946E-005 9.9946E-005 0.0834401 9.9946E-005 9.9946E-005 0.0462734 9.9946E-005 0.826921 0.0427662
0.492087 0.130276 9.9973E-005 9.9973E-005 0.147364 0.0212162 9.9973E-005 0.0362681 0.0892599 0.0832297
0.281662 0.383295 9.9982E-005 0.0194533 0.0496608 0.0170098 0.076688 9.9982E-005 0.0131801 0.158851
0.23053 0.290353 0.0390095 0.0158521 0.0756683 0.0667742 0.0633465 0.0479734 0.0410977 0.129395
0.250665 0.446451 0.027462 9.9982E-005 0.0571839 0.0173329 0.0422009 9.9982E-005 0.0544793 0.104025
0.226293 0.368485 0.0610365 0.0486222 0.00702652 0.0940265 9.9982E-005 0.0197991 0.174511 9.9982E-005
0.352265 0.131779 0.0141384 0.0503708 0.128265 0.0513784 0.0498346 9.9991E-005 0.0487407 0.173128
0.546311 0.112467 0.0395404 0.0941026 0.058628 0.132692 0.0159596 9.9973E-005 9.9973E-005 9.9973E-005
0.581353 0.0786698 0.0293321 9.99875E-005 0.0649729 0.0313518 0.0533088 0.0686834 9.99875E-005 0.0921286
0.620177 9.9964E-005 9.9964E-005 0.0349524 0.0944408 0.0682116 0.173218 0.00860072 9.9964E-005 9.9964E-005
0.633332 0.122331 0.0262449 0.00131587 9.9982E-005 0.0817108 0.0337021 0.0308941 9.9982E-005 0.0702684
0.752243 0.0132573 9.9946E-005 9.9946E-005 0.232706 0.00119428 9.9946E-005 9.9946E-005 9.9946E-005 9.9946E-005
0.550311 0.0618596 0.0129101 9.9964E-005 0.251813 0.0451028 0.0776035 9.9964E-005 9.9964E-005 9.9964E-005
0.207857 0.107187 9.9973E-005 0.0145289 0.415051 0.221006 9.9973E-005 9.9973E-005 0.0304605 0.00360999
0.603968 9.9964E-005 0.00788392 9.9964E-005 0.145274 0.0354524 9.9964E-005 0.0797369 9.9964E-005 0.127285
0.347832 0.116794 9.9964E-005 9.9964E-005 0.166817 0.116864 9.9964E-005 9.9964E-005 0.0896489 0.161645
0.485915 0.194992 9.9982E-005 0.0468696 0.00469109 0.0822488 0.0789638 0.0681283 9.9982E-005 0.0379922
0.420934 0.392134 0.0371502 9.9973E-005 0.0314373 0.00144412 0.0379318 0.0786687 9.9973E-005 9.9973E-005
0.552626 0.0521398 9.9973E-005 9.9973E-005 0.0371152 0.0841693 0.0589479 9.9973E-005 0.129548 0.0851536
0.0862321 9.9991E-005 0.0507945 0.141751 0.0557782 0.0511914 0.0415053 0.00223976 0.505029 0.0653788
0.0896387 0.20357 9.9964E-005 9.9964E-005 0.113094 9.9964E-005 0.0837959 9.9964E-005 0.336346 0.173156
0.0850491 9.9955E-005 0.00964128 0.114895 9.9955E-005 9.9955E-005 0.0754737 9.9955E-005 0.714441 9.9955E-005
0.59702 0.190545 0.00425363 0.0150017 0.0519087 0.0704221 0.0407413 9.9982E-005 9.9982E-005 0.0299078
0.146541 9.9964E-005 9.9964E-005 0.0135258 0.0498761 0.00436266 0.0659027 9.9964E-005 0.719392 9.9964E-005
9.9964E-005 0.0740617 9.9964E-005 0.0564207 0.113107 0.094399 9.9964E-005 0.0274114 0.6342 9.9964E-005
0.444205 0.128194 9.9973E-005 0.0103787 0.0498996 0.0607778 0.0491544 9.9973E-005 9.9973E-005 0.257091
0.599142 0.0125465 0.00842374 9.9982E-005 0.0946347 0.0505992 0.0598178 0.028814 9.9982E-005 0.145823
0.423768 0.160229 0.0348201 0.0146075 0.186041 0.00546685 0.0217774 9.9982E-005 9.9982E-005 0.15309
0.146763 0.090345 0.00148842 0.0510402 0.0113738 9.9973E-005 9.9973E-005 9.9973E-005 0.674931 0.023759
0.706365 0.011019 0.0370523 0.0377763 0.0777202 0.110893 0.0153332 0.00364112 9.9982E-005 9.9982E-005
0.138378 0.171255 9.9973E-005 9.9973E-005 0.230635 0.00302806 0.0893171 9.9973E-005 0.324244 0.0428433
0.486179 9.9964E-005 0.0528417 9.9964E-005 0.0526244 0.192891 9.9964E-005 9.9964E-005 0.0248962 0.190168
9.9964E-005 0.0521821 0.0415201 9.9964E-005 9.9964E-005 0.0606678 0.0742913 9.9964E-005 0.658705 0.112234
0.261736 0.218226 0.0283051 9.9991E-005 0.227169 0.0113011 0.0545463 0.0563702 0.0548704 0.0873764
0.727945 0.0926291 0.0199138 0.0523529 0.0554304 0.00948523 0.035628 9.9982E-005 0.00641515 9.9982E-005
0.641563 0.0919917 0.0542154 0.00503142 0.178044 9.9964E-005 9.9964E-005 9.9964E-005 9.9964E-005 0.0287541
0.531524 0.168588 0.0308494 9.9973E-005 0.191148 0.0043474 0.03642 0.0368231 9.9973E-005 9.9973E-005
0.0599479 0.0890318 9.9964E-005 0.0780056 0.101222 9.9964E-005 9.9964E-005 9.9964E-005 0.590668 0.0807244
0.347978 0.23372 0.0242547 0.0602518 0.0944087 0.0767989 9.9973E-005 9.9973E-005 0.162288 9.9973E-005
0.114818 0.0935732 0.0807603 0.0664622 0.199011 0.0116819 0.049721 0.0461351 0.337738 9.9991E-005
0.481878 9.9955E-005 9.9955E-005 0.0406403 0.183311 0.146232 9.9955E-005 9.9955E-005 9.9955E-005 0.147439
0.161057 0.109738 0.0207111 9.9982E-005 9.9982E-005 0.0386013 0.0212829 0.00685454 0.640945 0.000611214
0.317246 0.17507 0.0538484 9.9982E-005 0.0205628 9.9982E-005 0.0113347 0.175363 0.0837148 0.162659
0.233741 0.248908 9.9973E-005 0.0831446 0.0311219 0.0445595 0.0889512 9.9973E-005 0.269274 9.9973E-005
0.562095 0.0796517 0.0589308 9.9973E-005 0.136068 0.0643488 9.9973E-005 0.0686389 9.9973E-005 0.0299674
0.112655 0.448951 0.0123005 0.0729821 0.160812 0.0600517 0.0197982 9.9982E-005 0.112249 9.9982E-005
0.224703 9.9964E-005 0.0265172 9.9964E-005 0.0332099 9.9964E-005 0.0592539 9.9964E-005 0.559465 0.0964506
0.460684 9.9973E-005 0.051899 0.0202472 0.241939 0.0543721 0.0248079 9.9973E-005 9.9973E-005 0.145751
0.481494 0.0826488 0.0251273 0.0774895 0.177318 0.0869629 9.9973E-005 9.9973E-005 9.9973E-005 0.0686605
0.261615 0.361739 0.0794272 0.0517785 0.108136 9.9964E-005 9.9964E-005 9.9964E-005 9.9964E-005 0.136904
0.511117 0.129144 0.11359 0.0467837 9.9991E-005 0.0201768 0.061131 0.019664 0.00803939 0.0902548
0.20631 0.152449 0.0916104 0.0421976 0.024083 0.0620571 0.000269614 9.9991E-005 0.409059 0.0118644
0.503401 0.301493 0.0436043 0.0138579 9.9973E-005 9.9973E-005 0.0576107 0.021994 9.9973E-005 0.0577388
0.65845 0.0131123 0.0219984 0.0469172 9.9964E-005 9.9964E-005 0.070503 9.9964E-005 9.9964E-005 0.18862
0.676422 9.9964E-005 0.0287339 9.9964E-005 0.117915 0.0234008 9.9964E-005 9.9964E-005 0.0470556 0.106073
0.125927 0.0457159 0.00186315 0.0106618 0.31331 0.0806361 9.9973E-005 9.9973E-005 0.421586 9.9973E-005
0.255329 0.327548 0.0745253 0.00870364 0.056881 0.0476432 9.9982E-005 9.9982E-005 0.148571 0.0805993
0.564217 0.0865849 0.0081706 0.0388196 0.0508089 9.9982E-005 0.0760626 0.0288377 9.9982E-005 0.146299
9.9955E-005 0.388758 9.9955E-005 9.9955E-005 0.191309 0.179584 9.9955E-005 9.9955E-005 0.0149637 0.224886
0.182207 0.360917 0.0128175 0.114154 9.9982E-005 0.0869598 0.0163422 9.9982E-005 0.153132 0.0732707
0.328272 0.172734 0.0396027 0.0144151 0.313378 0.0648735 0.0190896 9.9982E-005 9.9982E-005 0.0474357
0.188303 0.191524 9.9982E-005 0.0894961 0.0202606 0.138489 0.0533183 9.9982E-005 0.301978 0.0164304
0.158108 0.471291 0.0251464 9.9982E-005 0.135686 0.139986 9.9982E-005 0.0514955 0.0137052 0.00438194
0.228731 0.173356 9.9982E-005 0.0423823 0.149845 0.0019506 0.00640291 9.9982E-005 0.368925 0.028208
0.666057 0.0328755 0.0394862 0.21032 0.0161694 9.9964E-005 0.0346916 9.9964E-005 9.9964E-005 9.9964E-005
0.713887 0.0986789 0.0750957 0.0194997 0.00538909 0.0690479 0.0181017 9.9973E-005 9.9973E-005 9.9973E-005
0.669764 0.0843807 9.9973E-005 9.9973E-005 0.163248 0.031665 0.0258068 0.00328236 9.9973E-005 0.0215534
0.778127 9.9964E-005 0.0588097 0.0205065 9.9964E-005 0.0459417 0.0392749 9.9964E-005 9.9964E-005 0.0569406
0.413975 9.9973E-005 0.0313658 0.0689739 0.28351 0.157624 0.0275901 9.9973E-005 9.9973E-005 0.0166615
0.56405 9.9973E-005 0.0448386 9.9973E-005 0.15596 0.0994114 0.0371488 0.026733 9.9973E-005 0.0715579
0.277977 0.321824 0.0102996 9.9973E-005 9.9973E-005 0.0417636 0.0986003 9.9973E-005 0.219021 0.0302147
0.308472 0.43719 0.0582149 0.0221062 0.0998792 0.0599502 9.9973E-005 9.9973E-005 0.0138878 9.9973E-005
0.642139 0.106212 9.9955E-005 9.9955E-005 0.054574 0.0356256 9.9955E-005 9.9955E-005 9.9955E-005 0.160949
0.634239 0.0603264 9.9973E-005 0.104476 0.0997059 0.0198419 0.0358575 9.9973E-005 0.0452534 9.9973E-005
0.312259 0.224317 0.0193852 9.9982E-005 0.189739 0.0423979 0.0632501 9.9982E-005 0.0227602 0.125692
0.106826 0.411947 9.9973E-005 0.0214959 0.141777 9.9973E-005 0.146482 0.0642849 0.106887 9.9973E-005
0.346191 0.0766361 0.0340826 0.0178379 0.155759 0.138537 0.0571117 0.0859402 9.9991E-005 0.0878047
0.535247 9.9982E-005 0.0334052 0.0576815 0.153528 0.0516498 0.0635865 9.9982E-005 0.0146062 0.0900956
9.9937E-005 9.9937E-005 9.9937E-005 9.9937E-005 0.290833 9.9937E-005 0.0366707 9.9937E-005 0.671797 9.9937E-005
0.195219 0.0172344 0.00432505 9.9973E-005 0.142207 0.051088 0.0211102 9.9973E-005 0.568516 9.9973E-005
0.355734 0.0479743 0.0394578 0.0364569 0.106738 0.195201 0.00958399 9.9982E-005 9.9982E-005 0.208654
0.459263 9.9982E-005 0.0603205 0.0657844 0.00573054 9.9982E-005 0.0114648 0.289845 0.00373173 0.10366
0.0593954 0.0650131 0.0503788 0.136023 0.0652788 9.9991E-005 0.00724351 0.285251 0.0250649 0.306252
0.0917715 0.174677 0.0129029 0.0778648 0.0669523 9.9982E-005 0.0736536 0.219406 9.9982E-005 0.282572
0.582786 0.0313474 0.0698455 0.00484314 0.183517 9.9982E-005 0.0091858 0.0542986 9.9982E-005 0.0639771
0.245705 9.9973E-005 9.9973E-005 0.0859341 0.0575164 0.0127643 0.096581 0.382231 9.9973E-005 0.118968
0.226124 9.9982E-005 0.0412892 0.100706 0.150621 9.9982E-005 0.0641563 0.316542 0.029311 0.071051
0.230377 0.192533 0.00953941 0.0786283 9.9982E-005 0.0396188 9.9982E-005 0.41428 0.0270402 0.00778213
0.0797893 9.9991E-005 0.0291478 0.0409305 0.0582369 0.13575 0.0808065 0.317451 0.00949867 0.248289
0.15205 0.195728 0.0518448 0.143663 9.9973E-005 9.9973E-005 0.034484 0.293621 9.9973E-005 0.12831
0.305322 0.0735027 0.0467349 0.131568 0.0353131 0.107715 0.0642561 0.197441 9.9991E-005 0.0380476
0.204407 0.166933 9.9982E-005 0.146333 0.13229 0.0996486 0.053637 0.143431 9.9982E-005 0.0531218
0.245674 0.00200888 0.0545212 0.0728921 0.0690014 9.9991E-005 0.0345934 0.353709 0.0147226 0.152777
0.436202 9.9973E-005 0.0912377 0.0561654 9.9973E-005 0.0810344 0.129292 0.0886871 9.9973E-005 0.117082
0.0698662 9.9982E-005 0.0483106 0.0617204 0.089038 0.159645 0.0446419 0.170162 9.9982E-005 0.356416
0.310835 9.9982E-005 0.0157288 0.113058 0.00071672 0.0165321 0.0142374 0.269907 9.9982E-005 0.258786
0.00588176 0.189451 0.0341429 0.00681285 0.0705317 9.9982E-005 0.0940209 0.403936 9.9982E-005 0.195023
0.330701 9.9973E-005 0.102326 0.0697613 0.126426 9.9973E-005 0.0401241 0.323611 9.9973E-005 0.00675068
0.130318 0.072196 9.9973E-005 0.0109105 0.376116 9.9973E-005 0.0307401 0.190257 9.9973E-005 0.189163
9.9955E-005 9.9955E-005 0.0141317 0.0859245 9.9955E-005 0.0739904 9.9955E-005 9.9955E-005 0.717531 0.107923
0.270467 9.9973E-005 0.0910461 0.0753293 0.17611 0.0751377 0.0159691 0.295641 9.9973E-005 9.9973E-005
0.316693 0.0397502 0.0096796 0.0772264 0.0736265 0.159586 0.055063 0.160189 9.9991E-005 0.108086
0.442086 0.186755 0.0128874 0.0276391 0.211752 9.9982E-005 0.0328325 0.0297449 0.0561031 9.9982E-005
