0.0141828 0.00239087 9.9964E-005 9.9964E-005 0.331146 9.9964E-005 0.188514 0.0566945 9.9964E-005 0.406672
9.9982E-005 0.0743878 0.178765 0.132512 0.0323618 9.9982E-005 0.0976846 0.0273212 0.00613154 0.450636
9.9946E-005 0.0981707 0.342545 9.9946E-005 0.269541 9.9946E-005 9.9946E-005 9.9946E-005 9.9946E-005 0.289144
0.111666 0.0172592 0.0579852 0.0654499 0.0538129 0.0423859 0.00725824 9.9982E-005 9.9982E-005 0.643983
0.0445297 0.0263733 9.9964E-005 9.9964E-005 0.22315 9.9964E-005 0.124283 9.9964E-005 0.0218459 0.559417
0.47619 9.9946E-005 0.365668 9.9946E-005 9.9946E-005 9.9946E-005 0.145288 0.0122546 9.9946E-005 9.9946E-005
9.9964E-005 9.9964E-005 0.130185 0.0121278 0.281722 0.0202856 9.9964E-005 9.9964E-005 0.0568196 0.49846
0.722543 0.00120163 0.189282 9.9964E-005 9.9964E-005 9.9964E-005 9.9964E-005 0.0234885 0.0609638 0.00212061
9.9973E-005 9.9973E-005 0.184113 0.0118336 0.161779 9.9973E-005 0.0588238 0.106301 0.0601675 0.416682
9.9973E-005 0.0433256 0.0390503 0.116421 0.17498 9.9973E-005 0.251775 0.0595664 9.9973E-005 0.314582
9.9964E-005 0.131458 0.0122394 0.0281579 9.9964E-005 9.9964E-005 0.205006 0.0890364 9.9964E-005 0.533703
0.124596 9.9982E-005 0.147792 0.0790231 0.00765335 9.9982E-005 0.0505322 0.0876261 0.0444644 0.458114
9.9964E-005 0.0232966 9.9964E-005 0.0313888 0.146621 9.9964E-005 0.315038 9.9964E-005 0.0890183 0.394238
0.0429295 0.160952 0.10157 0.0279231 9.9991E-005 0.0212307 0.166606 0.0244669 0.0103461 0.443875
0.295394 9.9964E-005 0.583494 0.0397279 9.9964E-005 9.9964E-005 9.9964E-005 0.00466439 0.0421214 0.0341987
9.9955E-005 0.191049 9.9955E-005 9.9955E-005 9.9955E-005 9.9955E-005 0.299034 0.0676894 0.10514 0.336587
0.0846674 9.9964E-005 0.105254 9.9964E-005 0.0314458 9.9964E-005 0.44384 0.0717242 9.9964E-005 0.262668
9.9982E-005 0.0548079 0.0199136 0.0465892 0.0604662 0.134764 9.9982E-005 0.0104342 0.0544619 0.618363
9.9973E-005 9.9973E-005 0.0982704 0.0740738 0.148647 9.9973E-005 0.252653 0.0311967 0.0405443 0.354315
9.9973E-005 0.12398 0.048359 0.0283884 0.268472 9.9973E-005 0.0695584 0.0309823 9.9973E-005 0.42996
9.9964E-005 9.9964E-005 9.9964E-005 0.0359221 0.0359662 0.00513407 0.156992 9.9964E-005 0.0858779 0.679708
0.00776126 0.0830709 0.148433 9.9982E-005 0.097923 9.9982E-005 0.110707 0.0388831 0.0768494 0.436172
9.9973E-005 0.106357 0.138719 0.0484811 0.0396797 9.9973E-005 0.097003 0.0674519 9.9973E-005 0.502008
0.375316 0.0372256 0.295112 9.9964E-005 0.128949 9.9964E-005 0.159491 9.9964E-005 0.00350555 9.9964E-005
9.9973E-005 0.0564424 9.9973E-005 9.9973E-005 0.122808 0.0768422 0.0554643 0.0476794 0.0857275 0.554736
0.392002 9.9964E-005 0.410567 0.0262053 0.0498494 9.9964E-005 9.9964E-005 9.9964E-005 0.0267121 0.0942644
0.296509 0.0923971 0.197774 9.9973E-005 0.124089 9.9973E-005 0.152922 9.9973E-005 0.0582585 0.0777509
0.255932 9.9973E-005 0.00884416 0.0037533 9.9973E-005 9.9973E-005 0.0533766 0.0467664 0.00497525 0.626052
0.430434 0.0226815 0.325938 9.9964E-005 0.0471878 9.9964E-005 0.156559 9.9964E-005 0.0168002 9.9964E-005
0.0603824 0.0180493 0.200932 0.0269352 9.9973E-005 9.9973E-005 0.0405446 9.9973E-005 0.0152545 0.637602
0.35186 0.0854912 0.0280094 0.00887887 0.0615135 9.9991E-005 0.274279 0.0366419 0.0227024 0.130523
9.9973E-005 0.0132732 0.100918 0.0429756 0.25932 0.070534 9.9973E-005 9.9973E-005 0.0435849 0.469094
0.0457269 0.124038 0.322462 9.9982E-005 9.9982E-005 0.00141587 0.296339 0.028275 0.00440412 0.177138
0.504233 9.9946E-005 0.435097 9.9946E-005 9.9946E-005 9.9946E-005 9.9946E-005 9.9946E-005 0.0173541 0.0427162
0.574405 0.0279617 0.320743 9.9946E-005 9.9946E-005 0.076291 9.9946E-005 9.9946E-005 9.9946E-005 9.9946E-005
0.0679691 9.9991E-005 0.121182 0.0333451 0.229995 0.00752891 0.00796077 0.0297935 0.0469469 0.455178
0.0887443 0.00200161 0.117563 0.113636 9.9982E-005 9.9982E-005 0.000133643 0.00330607 0.0985453 0.57587
9.9973E-005 0.169897 9.9973E-005 0.0512844 9.9973E-005 0.0424929 0.255335 0.00593426 0.0678248 0.406932
0.608978 0.0605637 0.0939994 0.00174598 0.0802568 9.9982E-005 0.105681 0.0212593 9.9982E-005 0.0273166
0.267737 0.0463602 0.0895254 0.00896488 9.9982E-005 0.0111372 0.313685 0.107252 9.9982E-005 0.155139
0.108704 0.0648281 0.0927009 0.0686112 9.9982E-005 0.0189236 0.367463 9.9982E-005 0.0774023 0.201167
9.9955E-005 9.9955E-005 0.135232 0.0141846 9.9955E-005 9.9955E-005 0.369726 9.9955E-005 0.0793828 0.400975
0.10705 0.0610245 9.9982E-005 0.0298344 0.0473746 9.9982E-005 0.0680758 0.0866657 0.0403651 0.55941
0.407695 0.0703258 0.185821 9.9964E-005 9.9964E-005 0.081913 9.9964E-005 9.9964E-005 0.125736 0.128108
9.99566E-005 9.99566E-005 9.99566E-005 0.0406923 0.14658 0.0661203 0.440904 9.99566E-005 9.99566E-005 0.305204
9.9973E-005 0.168387 9.9973E-005 0.0713699 0.0790207 9.9973E-005 0.303991 0.0548089 0.0508072 0.271316
9.9982E-005 0.119942 0.15102 0.0286313 0.141968 9.9982E-005 0.0297281 0.0641378 0.0264019 0.437972
9.9964E-005 0.100891 0.239084 0.0176369 9.9964E-005 0.0237561 0.391293 9.9964E-005 9.9964E-005 0.22694
0.0186355 0.153255 0.0131206 0.00298486 0.147024 9.9991E-005 0.370461 0.0327411 0.0334349 0.228242
0.282099 9.9955E-005 0.183945 9.9955E-005 0.1406 9.9955E-005 0.371347 9.9955E-005 0.0215092 9.9955E-005
9.9955E-005 0.117494 0.133517 9.9955E-005 9.9955E-005 0.0884077 9.9955E-005 0.0774257 9.9955E-005 0.582656
0.387499 0.0513568 0.0177901 0.0534418 0.191104 0.0431892 0.0241539 0.0507537 9.9991E-005 0.180611
0.046406 9.9973E-005 9.9973E-005 0.0968873 0.208617 9.9973E-005 0.253342 0.120242 0.0414881 0.232718
0.755392 0.032863 0.0805898 0.0210779 9.9973E-005 9.9973E-005 0.0313336 9.9973E-005 0.00489009 0.073554
0.265914 0.046824 0.203603 9.9982E-005 9.9982E-005 0.00895514 0.172739 0.119565 0.060938 0.121263
9.9973E-005 0.0102648 9.9973E-005 0.012498 0.174325 9.9973E-005 0.157613 0.0679473 0.021615 0.555437
9.9955E-005 0.163925 9.9955E-005 9.9955E-005 0.153774 9.9955E-005 0.0916178 0.0241848 9.9955E-005 0.565998
0.0922608 0.0157501 0.156991 0.0236507 9.9982E-005 9.9982E-005 0.122021 0.117569 0.0698098 0.401747
0.243166 0.145039 0.0278982 0.00413787 0.0329344 9.9982E-005 0.372508 9.9982E-005 0.0305017 0.143615
0.267007 9.9964E-005 0.0513958 9.9964E-005 0.00508557 9.9964E-005 0.0390188 9.9964E-005 0.0211829 0.61591
0.568518 0.0248844 0.191759 9.9973E-005 9.9973E-005 0.00411442 0.123953 0.0100112 0.0764603 9.9973E-005
0.477463 9.9937E-005 0.505717 9.9937E-005 9.9937E-005 9.9937E-005 9.9937E-005 0.0161202 9.9937E-005 9.9937E-005
0.00421756 9.9964E-005 9.9964E-005 9.9964E-005 0.00281545 0.0781148 0.18576 9.9964E-005 0.100049 0.628644
0.843882 9.9946E-005 0.0633576 9.9946E-005 9.9946E-005 9.9946E-005 0.0794611 9.9946E-005 0.0126994 9.9946E-005
0.0092405 0.0290769 9.9964E-005 0.0494858 9.9964E-005 9.9964E-005 0.353065 0.142322 9.9964E-005 0.41641
0.555989 9.9946E-005 0.350509 0.0316655 9.9946E-005 9.9946E-005 9.9946E-005 9.9946E-005 0.0612373 9.9946E-005
9.9973E-005 0.0646063 9.9973E-005 0.0475471 0.126414 9.9973E-005 0.0470737 0.0445487 0.105998 0.563513
0.10344 0.0401947 0.169381 0.0283595 0.256044 9.9982E-005 0.0979104 9.9982E-005 0.00967904 0.294791
9.9964E-005 0.114516 9.9964E-005 0.00626396 9.9964E-005 9.9964E-005 0.363847 0.0992155 0.0362645 0.379493
0.392632 9.9946E-005 0.51022 9.9946E-005 9.9946E-005 9.9946E-005 0.0714672 9.9946E-005 0.0250806 9.9946E-005
9.9982E-005 0.187178 0.0293868 0.0671442 0.156342 9.9982E-005 0.124825 0.111467 0.0490013 0.274454
0.0493338 0.0600524 9.9982E-005 0.00599872 0.125614 9.9982E-005 0.203291 0.0655792 0.0759312 0.413999
0.267664 0.0962446 9.9964E-005 9.9964E-005 0.0748274 9.9964E-005 0.232978 0.0256013 9.9964E-005 0.302284
9.9973E-005 9.9973E-005 0.0487606 0.0417376 0.253587 9.9973E-005 0.265938 0.0501687 0.0167458 0.322762
0.0117293 0.0925192 0.0538262 0.0511515 0.204688 9.9991E-005 0.128051 0.0634917 0.0374052 0.357038
0.285791 0.0398914 0.00689488 0.0332617 0.0160495 9.9982E-005 0.0739922 9.9982E-005 0.0979517 0.445967
9.9973E-005 0.15343 0.0837534 0.0246673 0.107737 9.9973E-005 0.0580867 9.9973E-005 0.0264836 0.545542
0.0331309 0.222753 0.23563 9.9991E-005 0.00919547 0.0146836 0.168318 0.0677878 0.0455767 0.202825
0.092641 0.0885753 0.123753 9.9973E-005 0.0887838 9.9973E-005 0.323939 0.0205396 9.9973E-005 0.261468
9.9982E-005 0.0787123 0.10183 9.9982E-005 0.0583328 0.0137898 0.167503 0.0686563 0.0487619 0.462214
9.9973E-005 0.029114 9.9973E-005 0.060858 0.260863 9.9973E-005 0.257702 0.107267 0.0257975 0.258099
9.9982E-005 0.0913424 0.22688 0.060787 0.0165614 9.9982E-005 0.104046 0.0322059 0.0389219 0.429055
0.0482244 0.118239 9.9973E-005 0.0557264 9.9973E-005 9.9973E-005 0.241379 0.102698 0.00195052 0.431483
9.9955E-005 0.0337959 9.9955E-005 0.101213 0.29439 9.9955E-005 0.132659 9.9955E-005 9.9955E-005 0.437442
9.9964E-005 0.0703116 0.075346 0.0131884 0.205548 9.9964E-005 0.198477 9.9964E-005 9.9964E-005 0.436729
0.0921816 0.037233 0.0618463 0.0620987 0.179379 9.9991E-005 0.175928 0.085662 0.101893 0.203679
0.151927 0.0951712 0.274545 0.0094185 0.0279262 9.9982E-005 0.153804 9.9982E-005 0.00840877 0.278601
0.0294408 9.9964E-005 0.405951 0.0060362 0.00319015 9.9964E-005 0.298175 9.9964E-005 9.9964E-005 0.256807
0.557907 9.99371E-005 0.303268 9.99371E-005 9.99371E-005 9.99371E-005 9.99371E-005 9.99371E-005 0.138126 9.99371E-005
0.0862849 0.0996517 0.271409 0.00580224 9.9982E-005 9.9982E-005 0.213371 0.0926085 0.0277172 0.202956
9.9964E-005 0.280191 0.16421 0.0291249 9.9964E-005 0.0383127 0.37322 9.9964E-005 9.9964E-005 0.114542
0.256372 0.0702474 0.368284 9.9964E-005 9.9964E-005 9.9964E-005 0.232887 9.9964E-005 0.0381436 0.0336655
0.00815441 0.091058 0.00247464 0.0197614 0.029649 9.9991E-005 0.174699 0.0529122 0.00631926 0.614872
0.197807 9.9964E-005 0.0402308 0.00775859 0.010576 9.9964E-005 0.138321 9.9964E-005 9.9964E-005 0.604907
0.320611 9.99551E-005 0.227644 0.0572431 9.99551E-005 9.99551E-005 0.151906 9.99551E-005 9.99551E-005 0.242096
0.611682 9.9946E-005 0.283654 9.9946E-005 0.019887 9.9946E-005 9.9946E-005 0.0841765 9.9946E-005 9.9946E-005
0.00569045 0.1604 0.147127 0.0957121 0.0137527 9.9982E-005 0.163975 9.9982E-005 0.00447015 0.408672
9.9982E-005 0.0623845 0.225844 0.0546932 0.0689916 0.00420774 0.287503 9.9982E-005 0.0554158 0.24076
0.0852485 0.141544 9.9973E-005 0.0461316 0.325829 9.9973E-005 0.0164349 9.9973E-005 0.00772334 0.376789
0.126922 9.9982E-005 0.1653 0.0292628 0.0751682 9.9982E-005 0.0253005 0.0527396 0.0143103 0.510797
0.227845 0.0636511 0.286355 9.9973E-005 0.0252041 0.0135853 0.259638 9.9973E-005 0.123421 9.9973E-005
9.9964E-005 9.9964E-005 0.301284 0.0413925 0.0663687 9.9964E-005 9.9964E-005 0.00199039 0.00214464 0.58642
9.9973E-005 0.190293 0.0123895 9.9973E-005 0.192048 0.0354512 0.0603667 9.9973E-005 0.0528319 0.456319
9.9982E-005 0.0990397 0.0355247 0.0635155 0.0167392 9.9982E-005 0.129892 0.13691 0.0520622 0.466117
9.9973E-005 0.144243 0.209997 0.0679779 0.114322 0.048087 0.0551821 9.9973E-005 9.9973E-005 0.359891
0.52996 0.0712871 0.318012 0.0405876 9.9964E-005 9.9964E-005 9.9964E-005 0.00624312 0.0335104 9.9964E-005
0.195587 0.0284432 0.602136 9.9964E-005 0.140485 0.0248 9.9964E-005 0.00814863 9.9964E-005 9.9964E-005
9.9955E-005 0.0692451 0.038947 9.9955E-005 0.370761 9.9955E-005 0.0328815 9.9955E-005 9.9955E-005 0.487665
9.9973E-005 9.9973E-005 0.314882 0.0847615 0.0626843 9.9973E-005 0.0828687 0.0399623 0.0478615 0.36668
9.9955E-005 0.117945 0.150088 9.9955E-005 9.9955E-005 9.9955E-005 9.9955E-005 0.0093161 0.0618714 0.66028
0.315201 9.9964E-005 0.13353 0.0428638 9.9964E-005 9.9964E-005 0.390909 9.9964E-005 0.0605696 0.0565262
0.826987 0.0188491 0.0857669 9.9946E-005 9.9946E-005 9.9946E-005 9.9946E-005 9.9946E-005 9.9946E-005 0.067797
0.312013 0.00189927 0.119043 0.0206274 9.9973E-005 9.9973E-005 0.273997 9.9973E-005 0.0245516 0.247569
9.9964E-005 0.0173734 0.295365 0.0259547 9.9964E-005 0.0475195 9.9964E-005 0.0168163 9.9964E-005 0.596571
0.0445688 0.119719 0.134451 0.0593859 0.0279359 9.9982E-005 9.9982E-005 0.0244525 0.0571337 0.532153
0.0172172 0.0508168 9.9973E-005 0.0478347 0.152348 9.9973E-005 0.0634962 0.0491741 9.9973E-005 0.618813
9.9964E-005 0.122377 0.0486991 0.0298376 9.9964E-005 9.9964E-005 0.139926 0.0708601 9.9964E-005 0.5879
0.612965 9.9946E-005 0.289052 9.9946E-005 9.9946E-005 9.9946E-005 0.00306892 9.9946E-005 0.0943151 9.9946E-005
0.0114733 9.9982E-005 0.00980186 0.0841606 0.000758325 9.9982E-005 0.00371478 0.114053 0.0534151 0.722424
9.9955E-005 0.209512 0.160059 9.9955E-005 0.0177095 9.9955E-005 9.9955E-005 0.0581065 9.9955E-005 0.554113
9.9964E-005 0.0122381 0.18138 9.9964E-005 0.177373 9.9964E-005 0.0374855 9.9964E-005 0.118148 0.472976
0.318725 9.99549E-005 0.449125 9.99549E-005 9.99549E-005 9.99549E-005 9.99549E-005 0.0758271 0.0367511 0.119072
9.9955E-005 0.137866 0.0483333 9.9955E-005 9.9955E-005 9.9955E-005 0.179611 9.9955E-005 0.0196848 0.614005
9.9955E-005 0.0834867 0.211551 9.9955E-005 0.203129 0.027924 9.9955E-005 9.9955E-005 9.9955E-005 0.473409
9.9973E-005 0.0770137 9.9973E-005 0.0370432 9.9973E-005 0.0589104 0.073015 0.0761479 0.0412856 0.636284
0.043233 0.0669748 0.00185275 0.0619798 9.9982E-005 9.9982E-005 0.278581 0.114156 0.0429554 0.390067
0.420395 0.0190625 0.231362 0.0556189 9.9973E-005 9.9973E-005 9.9973E-005 0.0276788 0.0926144 0.152968
0.49679 0.0511132 0.451397 9.99371E-005 9.99371E-005 9.99371E-005 9.99371E-005 9.99371E-005 9.99371E-005 9.99371E-005
9.9991E-005 0.170761 0.174137 0.0831795 0.0497503 0.0294733 0.159298 0.0161051 0.0315133 0.285683
9.9973E-005 0.17637 9.9973E-005 9.9973E-005 0.291465 0.0257215 0.0994945 0.000555833 0.0223512 0.383743
0.0316072 0.0688566 9.9982E-005 0.000459313 0.142404 9.9982E-005 0.167526 0.00867597 0.0628386 0.517433
9.9973E-005 9.9973E-005 0.0632023 9.9973E-005 0.257673 0.033373 0.331125 0.0731483 0.0555855 0.185592
0.198339 0.0209458 0.276927 0.0594214 9.9982E-005 9.9982E-005 0.0557006 0.0466629 0.0256003 0.316203
9.9982E-005 0.049133 0.203226 0.0100787 0.0961406 0.124657 0.190081 9.9982E-005 0.00393366 0.32255
0.199984 0.0457238 0.0628272 0.0469034 9.9982E-005 0.00317439 0.0373553 0.0388921 9.9982E-005 0.56494
9.99201E-005 0.999101 9.99201E-005 9.99201E-005 9.99201E-005 9.99201E-005 9.99201E-005 9.99201E-005 9.99201E-005 9.99201E-005
0.457237 0.0806062 0.131768 0.0652799 0.0199846 9.9973E-005 9.9973E-005 0.00594899 9.9973E-005 0.238876
0.146184 0.0195861 0.221246 0.0144376 9.9991E-005 0.0866838 0.038888 0.0185055 0.0289791 0.42539
0.0155427 0.983658 9.99279E-005 9.99279E-005 9.99279E-005 9.99279E-005 9.99279E-005 9.99279E-005 9.99279E-005 9.99279E-005
0.283176 0.0763337 0.489311 0.000161405 0.0612037 9.9973E-005 9.9973E-005 0.0692416 0.0202728 9.9973E-005
0.043804 0.0208259 0.273509 9.9973E-005 9.9973E-005 0.0131397 0.111249 9.9973E-005 0.00620092 0.530972
0.340592 0.0161455 9.9964E-005 0.040104 9.9964E-005 9.9964E-005 0.190713 0.197031 9.9964E-005 0.215015
0.0699991 9.9982E-005 0.248946 0.00715153 0.0339331 9.9982E-005 0.145327 0.034781 0.16493 0.294732
0.0239806 0.023315 0.293811 0.0166579 0.0796203 9.9982E-005 0.381033 9.9982E-005 0.146375 0.0350075
0.453243 9.9946E-005 0.242081 9.9946E-005 9.9946E-005 9.9946E-005 0.282214 0.0218629 9.9946E-005 9.9946E-005
0.232527 0.0812396 0.0271175 0.0490065 0.0817449 9.9991E-005 0.064638 0.0494781 0.0879681 0.326181
0.117976 0.10342 0.129111 0.0185435 0.0464283 9.9982E-005 0.420349 0.0520489 9.9982E-005 0.111924
9.9973E-005 0.137858 0.0810048 0.0141187 9.9973E-005 9.9973E-005 0.28262 0.112959 0.0325704 0.338569
9.9973E-005 0.0370672 9.9973E-005 0.0790038 0.294673 9.9973E-005 0.0559638 0.0706657 0.00664187 0.455685
0.0141492 0.0521888 9.9991E-005 0.00861082 0.243695 0.0879287 0.286996 0.0330594 0.00405673 0.269216
9.9973E-005 9.9973E-005 0.287337 0.00188105 0.0768531 9.9973E-005 0.165818 0.0330748 0.0447862 0.38995
0.313323 9.9973E-005 9.9973E-005 0.0116434 0.00058658 0.0551857 0.0724355 0.0751532 9.9973E-005 0.471373
0.554607 9.9973E-005 0.150414 0.00368719 9.9973E-005 9.9973E-005 0.0971651 0.0429554 0.0394166 0.111455
0.256657 0.0620955 0.16751 0.0245592 0.0549671 0.0334651 0.12168 0.000643552 0.0371026 0.24132
9.9955E-005 0.251847 9.9955E-005 9.9955E-005 0.120513 9.9955E-005 0.38676 9.9955E-005 0.0720604 0.16832
9.9982E-005 0.166858 0.0569137 0.0113443 0.138526 0.062472 0.158617 9.9982E-005 0.0858469 0.319222
0.643004 0.0112937 0.296023 9.9946E-005 9.9946E-005 0.049079 9.9946E-005 9.9946E-005 9.9946E-005 9.9946E-005
9.9991E-005 0.149717 0.0596075 0.0418803 0.0706369 0.0548704 0.180358 0.026632 0.0808504 0.335347
9.9964E-005 9.9964E-005 0.0713982 0.0101856 0.315741 9.9964E-005 9.9964E-005 0.00548283 0.151032 0.445761
0.0888633 0.0363493 0.265559 0.0538578 0.00566962 9.9991E-005 0.0190509 0.0673865 0.0382434 0.42492
9.9982E-005 0.167698 0.0819165 9.9982E-005 0.140101 0.00833859 0.126448 0.0424783 0.016988 0.415832
9.9964E-005 0.0505589 0.169554 9.9964E-005 9.9964E-005 9.9964E-005 0.469779 0.0973342 0.112729 0.0996451
9.9973E-005 0.19683 0.223464 0.0523554 0.0174954 9.9973E-005 0.140615 0.168563 9.9973E-005 0.200377
9.9982E-005 0.107206 0.205942 0.0562738 0.233887 9.9982E-005 0.0651506 0.00129396 0.0680706 0.261976
9.9964E-005 0.0989598 9.9964E-005 0.0313283 0.153538 9.9964E-005 0.214553 9.9964E-005 0.0256062 0.475614
9.9946E-005 0.126506 9.9946E-005 0.0597904 9.9946E-005 9.9946E-005 9.9946E-005 0.126586 9.9946E-005 0.686519
0.10589 0.0297026 0.122333 9.9982E-005 0.185129 0.039906 0.202804 9.9982E-005 0.118716 0.19532
0.335574 0.122811 0.369979 9.9982E-005 9.9982E-005 0.0275423 0.0883403 0.0288678 0.0146438 0.0120415
0.185855 0.0856817 0.114947 0.00631574 0.0218082 9.9982E-005 0.349708 9.9982E-005 0.00829417 0.22719
0.0802129 0.197888 0.0121567 9.9982E-005 0.0492021 0.0794752 0.381608 9.9982E-005 0.0062784 0.192978
0.0883025 0.0705256 0.105245 0.01562 0.218326 0.0523178 0.0665273 0.0649129 9.9991E-005 0.318123
9.9955E-005 0.00605902 0.347009 9.9955E-005 9.9955E-005 9.9955E-005 0.21414 9.9955E-005 0.0121653 0.420127
0.794576 9.9946E-005 0.14276 0.0541229 9.9946E-005 9.9946E-005 9.9946E-005 9.9946E-005 0.00794189 9.9946E-005
9.9973E-005 0.0169016 0.363536 0.0285663 9.9973E-005 9.9973E-005 0.231619 0.0984751 0.00638513 0.254217
0.105142 0.0985122 0.373759 9.9964E-005 0.232832 9.9964E-005 0.136922 9.9964E-005 9.9964E-005 0.052432
9.9973E-005 0.0648341 0.238584 0.0382006 0.226594 9.9973E-005 0.377961 9.9973E-005 0.00289156 0.0506348
0.134952 9.9964E-005 0.101023 9.9964E-005 0.250987 9.9964E-005 0.272993 0.00817563 9.9964E-005 0.231471
0.246078 0.010166 0.495463 0.0168348 0.00528916 9.9991E-005 0.00858323 0.0229329 0.0116244 0.182928
0.265224 0.0189488 0.235065 9.9973E-005 0.0114388 9.9973E-005 0.127611 9.9973E-005 0.0243713 0.317042
0.293292 9.9955E-005 0.340477 0.00704261 9.9955E-005 9.9955E-005 9.9955E-005 0.0670395 9.9955E-005 0.29165
9.9946E-005 9.9946E-005 0.0540429 9.9946E-005 0.293563 9.9946E-005 0.217898 9.9946E-005 9.9946E-005 0.433897
0.341518 0.0160261 0.640436 9.9946E-005 9.9946E-005 9.9946E-005 9.9946E-005 9.9946E-005 0.00142066 9.9946E-005
0.299592 9.9964E-005 0.183034 0.0257605 9.9964E-005 0.0525474 0.0885035 9.9964E-005 9.9964E-005 0.350163
0.011501 0.0358636 9.9982E-005 0.019527 0.0890779 9.9982E-005 0.283191 0.0980554 0.0785314 0.384053
0.843006 9.99371E-005 0.155809 0.00048494 9.99371E-005 9.99371E-005 9.99371E-005 9.99371E-005 9.99371E-005 9.99371E-005
0.278524 9.9946E-005 0.282752 9.9946E-005 9.9946E-005 9.9946E-005 0.386311 9.9946E-005 0.0518135 9.9946E-005
9.9973E-005 0.0786018 0.104602 0.0468427 0.00166504 9.9973E-005 0.419792 0.042177 9.9973E-005 0.30602
0.326476 9.9955E-005 9.9955E-005 9.9955E-005 0.107789 9.9955E-005 0.401485 9.9955E-005 0.00656579 0.157184
0.0858071 0.184407 0.0837713 9.9982E-005 0.00584925 9.9982E-005 0.0958673 0.0251929 0.00520304 0.513703
9.9973E-005 0.103504 0.131579 0.0332152 9.9973E-005 0.0437796 0.185177 0.0477947 9.9973E-005 0.45465
0.0975123 9.9973E-005 0.340191 0.00763999 0.0901124 9.9973E-005 9.9973E-005 0.0267576 0.0935861 0.343901
9.9973E-005 0.00805665 0.114561 0.00865228 9.9973E-005 0.0358796 0.291131 0.00106718 9.9973E-005 0.540352
9.9964E-005 9.9964E-005 0.0824217 0.0258549 0.02717 9.9964E-005 0.296442 9.9964E-005 0.0289024 0.538809
0.0276818 0.150527 0.00830339 0.0219775 9.9982E-005 0.0937768 0.158417 9.9982E-005 0.0456779 0.493438
0.0764485 0.0555258 0.402548 9.9982E-005 0.298323 0.00481695 0.0665009 0.0711883 9.9982E-005 0.0244482
0.225518 0.0530488 0.0378971 0.00692712 0.0836007 9.9973E-005 9.9973E-005 9.9973E-005 0.0106779 0.582031
9.9991E-005 0.131145 0.0532093 0.00488374 0.192298 0.0975748 0.00521521 0.030311 0.0216096 0.463653
0.0692286 0.0529019 0.0838131 0.0145045 0.150344 0.012294 0.0572608 9.9991E-005 0.0254283 0.534125
9.9991E-005 0.10259 0.0452119 0.0671731 0.0114054 0.097442 0.374275 0.0374406 0.0617909 0.202572
9.9964E-005 0.114314 0.0853951 9.9964E-005 0.183357 0.0177538 0.337044 9.9964E-005 9.9964E-005 0.261736
0.225882 0.0205088 0.0215447 0.0901539 0.053748 0.0127859 0.233756 0.0174772 0.0447823 0.279362
9.9973E-005 0.0781667 0.11566 0.0320719 0.0734503 0.0367131 0.0224581 9.9973E-005 9.9973E-005 0.64118
0.00560694 0.0810763 0.0512549 9.9973E-005 0.241018 9.9973E-005 0.288531 0.0711763 9.9973E-005 0.261036
9.9991E-005 0.0545833 0.0874021 0.0256946 0.251066 0.16128 0.180146 0.000406806 0.00140443 0.237917
9.9964E-005 9.9964E-005 9.9964E-005 0.0153109 0.163253 0.167949 0.390179 9.9964E-005 0.0295682 0.23334
0.13011 0.0321985 0.189915 0.118773 0.288782 9.9982E-005 0.073065 9.9982E-005 0.0557869 0.11117
0.0285536 9.9964E-005 9.9964E-005 9.9964E-005 0.394285 9.9964E-005 0.0031992 0.0649041 0.00642819 0.50223
0.022232 0.103487 0.349953 9.9964E-005 0.0287142 9.9964E-005 0.247392 9.9964E-005 9.9964E-005 0.247822
0.0162966 0.101708 9.9973E-005 9.9973E-005 0.163125 9.9973E-005 0.17098 0.0212285 0.125283 0.40108
9.9973E-005 0.0445265 0.00465473 0.0883485 0.0322516 9.9973E-005 0.106228 0.0636685 9.9973E-005 0.660023
9.9991E-005 0.0475377 0.025885 0.0268823 0.0398999 0.0695888 0.261402 0.0158225 0.0271364 0.485746
0.230235 0.00642817 0.21863 0.0291308 0.0645813 9.9982E-005 0.0406969 0.107377 9.9982E-005 0.302721
0.261444 9.9973E-005 0.355865 0.00026034 0.0990249 0.0190076 0.0746752 9.9973E-005 9.9973E-005 0.189423
9.9946E-005 0.0237124 9.9946E-005 0.0496658 9.9946E-005 9.9946E-005 9.9946E-005 9.9946E-005 0.0580944 0.867928
0.020689 0.223758 9.9973E-005 0.0264396 0.0900127 0.00651704 9.9973E-005 0.0295119 9.9973E-005 0.602772
9.9982E-005 0.0922371 9.9982E-005 0.037826 0.0685637 0.0202146 0.177705 0.0267719 0.0271318 0.54935
9.9973E-005 0.0240493 0.068123 0.0196833 0.0570325 0.0129753 0.541984 9.9973E-005 9.9973E-005 0.275853
0.10246 0.186716 0.427062 9.9973E-005 9.9973E-005 9.9973E-005 0.172944 0.0109337 0.021147 0.078436
0.0487986 0.0405938 0.296711 0.0304966 0.198211 9.9982E-005 0.195497 9.9982E-005 0.0139469 0.175545
9.9982E-005 0.0603995 0.0507437 0.0777303 0.219875 0.0778918 0.175421 0.0376491 9.9982E-005 0.30009
0.376847 0.133268 0.21395 9.9973E-005 0.061253 9.9973E-005 0.0721101 0.0295453 0.112727 9.9973E-005
0.055844 0.0252341 0.327507 0.0135924 9.9973E-005 9.9973E-005 9.9973E-005 0.0270324 0.0737914 0.476699
0.0168677 0.122481 0.161979 0.0358121 9.9982E-005 0.0637155 0.402271 0.0581163 9.9982E-005 0.138558
0.563853 9.9955E-005 0.181381 9.9955E-005 0.177183 9.9955E-005 9.9955E-005 0.0317983 0.0452857 9.9955E-005
9.9982E-005 0.122636 0.0728113 0.00621797 9.9982E-005 0.0102759 0.537532 0.0885352 0.0219599 0.139831
0.0155538 0.0946613 0.0534877 0.0721133 0.168044 9.9982E-005 0.29339 9.9982E-005 0.0545357 0.248014
0.041571 0.0863432 9.9973E-005 0.0623471 9.9973E-005 9.9973E-005 0.119814 0.0215213 0.054161 0.613942
9.9964E-005 0.120749 9.9964E-005 0.0250322 9.9964E-005 9.9964E-005 0.195684 0.11067 0.00669503 0.540769
9.9973E-005 0.0946495 0.176352 9.9973E-005 0.201231 0.0772289 0.281115 0.0285608 9.9973E-005 0.140563
9.9973E-005 0.0970665 0.168976 0.0744691 0.0847898 9.9973E-005 0.0330006 9.9973E-005 0.0469326 0.494465
0.000658086 0.0559669 0.0201621 0.0106714 0.0168636 9.9991E-005 0.00638323 0.0493534 0.120525 0.719316
0.0192412 0.154426 9.9964E-005 0.0156496 0.139706 9.9964E-005 9.9964E-005 0.0444941 9.9964E-005 0.626083
0.0139178 0.14266 0.340537 0.0274312 0.00798319 9.9991E-005 0.0981773 0.00701411 0.143072 0.219107
9.9964E-005 0.0961839 9.9964E-005 0.013057 0.192605 9.9964E-005 0.20512 9.9964E-005 0.00851731 0.484116
9.9964E-005 0.204705 0.0324788 0.0191112 0.188153 9.9964E-005 0.090695 9.9964E-005 9.9964E-005 0.464458
9.99461E-005 9.99461E-005 0.369406 0.00335708 9.99461E-005 0.00820156 0.618436 9.99461E-005 9.99461E-005 9.99461E-005
9.9973E-005 0.0592031 0.0752788 0.0142727 0.342438 9.9973E-005 0.123461 0.0210637 9.9973E-005 0.363983
9.9955E-005 0.134045 9.9955E-005 0.0136347 0.138189 9.9955E-005 0.303659 9.9955E-005 9.9955E-005 0.409972
0.204928 0.013356 0.215924 0.00181909 9.9973E-005 9.9973E-005 0.179806 9.9973E-005 0.0736312 0.310236
0.18414 0.150825 0.103893 9.9973E-005 9.9973E-005 9.9973E-005 0.0891017 0.022386 0.0158308 0.433523
0.0192979 0.0626611 0.0241133 0.0189956 9.9964E-005 9.9964E-005 0.202718 9.9964E-005 9.9964E-005 0.671814
0.359847 0.0251178 0.12507 0.0161398 9.9982E-005 9.9982E-005 0.160321 0.013614 0.0529605 0.246729
9.9991E-005 0.15698 0.0647102 0.0612363 0.0105528 0.0449699 0.251096 0.0502609 0.000576317 0.359517
0.218099 0.0386945 0.215822 0.00378453 9.9964E-005 9.9964E-005 0.142907 9.9964E-005 9.9964E-005 0.380293
0.0185425 0.046535 9.9991E-005 0.0153231 0.07506 0.0798505 0.0741118 0.091342 0.0244713 0.574664
9.9964E-005 0.0508219 0.395338 0.012626 0.13919 9.9964E-005 0.314889 0.0867356 9.9964E-005 9.9964E-005
0.179608 0.0283595 0.217267 9.9973E-005 9.9973E-005 0.146818 0.153739 0.0230554 9.9973E-005 0.250853
0.184766 0.0893022 0.54888 9.9964E-005 9.9964E-005 9.9964E-005 9.9964E-005 0.02169 0.0216031 0.133358
9.9955E-005 9.9955E-005 0.212368 9.9955E-005 0.0605126 9.9955E-005 0.295498 9.9955E-005 0.0689417 0.36218
9.9964E-005 0.0982455 9.9964E-005 9.9964E-005 0.0549258 9.9964E-005 0.449335 0.0159538 0.0230185 0.358121
0.211058 9.9964E-005 0.229134 9.9964E-005 9.9964E-005 9.9964E-005 0.179025 0.0600064 0.017939 0.302438
9.9964E-005 0.0720033 9.9964E-005 0.097235 0.229699 9.9964E-005 0.218499 9.9964E-005 0.0172595 0.364904
9.9973E-005 9.9973E-005 0.0246269 0.0663614 0.103608 9.9973E-005 0.0821759 0.0302864 0.0308954 0.661746
0.457408 9.9946E-005 0.394433 9.9946E-005 9.9946E-005 9.9946E-005 9.9946E-005 0.0478589 0.0997005 9.9946E-005
9.9973E-005 0.0755665 0.0656337 0.0732882 0.215574 9.9973E-005 0.107342 9.9973E-005 0.0168574 0.445438
9.9964E-005 9.9964E-005 0.0633242 9.9964E-005 0.13382 0.0193941 0.287131 0.0153416 9.9964E-005 0.480589
9.9973E-005 0.00164225 0.129448 0.0575452 0.134419 9.9973E-005 9.9973E-005 0.0233248 0.0851492 0.568172
9.9964E-005 0.108647 0.210976 9.9964E-005 0.12082 9.9964E-005 9.9964E-005 0.0646956 0.0354808 0.45898
9.9973E-005 0.015666 0.141979 0.0835984 0.0720276 9.9973E-005 0.179009 9.9973E-005 0.0295224 0.477898
9.9982E-005 0.0191318 0.00495482 0.0509287 0.0207717 9.9982E-005 0.324945 0.0391878 0.00486148 0.535019
0.0196787 0.100274 0.0107599 0.0260734 9.9982E-005 9.9982E-005 0.170805 0.00318019 0.0414883 0.62754
0.035476 0.00799617 0.190869 0.00794656 9.9991E-005 0.00445806 0.176959 0.0689418 0.0454067 0.461847
0.358997 9.9973E-005 0.262072 0.0678459 0.122417 9.9973E-005 0.128216 0.0594257 9.9973E-005 0.000725491
9.9955E-005 0.00642334 0.228167 9.9955E-005 0.0479614 9.9955E-005 0.171401 9.9955E-005 9.9955E-005 0.545548
9.9982E-005 0.00986103 9.9982E-005 0.0173717 0.124981 0.00640134 0.116179 0.0278689 0.0492597 0.647877
9.9991E-005 0.0474324 0.424938 0.0247821 0.0494655 0.0428768 0.204037 0.0545698 0.0212738 0.130524
0.183689 0.0900712 0.435042 0.0402979 9.9973E-005 9.9973E-005 0.0322493 0.0265648 9.9973E-005 0.191786
9.9964E-005 0.106438 9.9964E-005 0.019725 9.9964E-005 0.116536 0.176573 0.0671265 9.9964E-005 0.513202
0.114926 0.0734361 0.277118 9.9973E-005 9.9973E-005 9.9973E-005 0.0711792 0.00624946 0.0226676 0.434124
9.9964E-005 0.0233453 9.9964E-005 9.9964E-005 0.0864295 9.9964E-005 0.226992 0.0427949 0.0650363 0.555002
0.230484 0.0394182 0.0995549 9.9982E-005 0.0956095 9.9982E-005 0.142155 0.0345319 0.0703884 0.287659
0.0179505 0.0509042 0.226564 0.0126156 0.1798 0.0758825 0.173122 9.9982E-005 9.9982E-005 0.262961
0.170394 0.0875665 0.424709 0.0401908 0.0600067 0.0191338 0.0851616 9.9991E-005 0.0533494 0.0593879
0.146971 9.9973E-005 0.174946 0.0268042 9.9973E-005 9.9973E-005 0.0623914 0.0248263 0.0328385 0.530923
9.9973E-005 0.159555 0.134225 9.9973E-005 0.138613 0.00492968 0.181062 0.100295 9.9973E-005 0.281021
0.144637 9.9964E-005 0.162532 0.0967594 0.0181785 9.9964E-005 9.9964E-005 0.0884542 9.9964E-005 0.489039
9.9973E-005 0.0421719 0.116581 0.0054892 0.213936 9.9973E-005 0.231947 0.0757832 9.9973E-005 0.313793
0.0356365 0.149927 0.0814727 9.9973E-005 0.0357706 9.9973E-005 0.110236 0.024174 9.9973E-005 0.562483
9.9973E-005 0.0709441 0.363286 0.0586672 0.127371 9.9973E-005 0.0977454 0.0330298 9.9973E-005 0.248656
0.0458957 0.0768934 0.478413 9.9955E-005 0.241563 9.9955E-005 9.9955E-005 9.9955E-005 9.9955E-005 0.156735
9.9964E-005 0.0150454 0.238402 0.0266688 0.0233174 9.9964E-005 0.421028 9.9964E-005 9.9964E-005 0.275138
9.9991E-005 0.0475938 0.0912916 0.0799721 0.0153189 0.0192915 0.207275 0.0107518 0.108686 0.41972
0.00349391 0.120603 9.9973E-005 9.9973E-005 0.0808166 0.0774693 0.063662 9.9973E-005 0.0209842 0.632671
0.345523 9.9964E-005 0.361154 0.0724939 9.9964E-005 0.0671348 9.9964E-005 0.0167306 9.9964E-005 0.136564
0.776231 0.00783711 0.0195105 9.9973E-005 9.9973E-005 0.0173645 9.9973E-005 0.0091522 0.0376037 0.132001
0.104048 0.0870226 0.0278042 0.0244185 0.127957 0.0398271 0.130208 9.9982E-005 9.9982E-005 0.458515
0.0425219 0.0211464 0.106461 0.166667 0.0724157 9.9982E-005 0.188341 9.9982E-005 0.043572 0.358676
9.9991E-005 0.0435575 0.310338 0.0328335 0.0754706 0.0155447 0.267264 0.056654 0.0399694 0.158268
0.0511284 0.0438601 0.161641 0.0347028 9.9973E-005 9.9973E-005 0.412149 9.9973E-005 0.0423657 0.253853
0.0820575 9.9973E-005 0.331831 0.032636 9.9973E-005 0.0258423 0.132482 0.127626 9.9973E-005 0.267225
0.114969 0.0715 9.9982E-005 0.0219534 0.150759 9.9982E-005 0.114496 0.0415347 0.0177218 0.466865
9.9973E-005 0.190349 9.9973E-005 9.9973E-005 0.0945969 0.0197749 0.170913 0.0589342 0.0490679 0.416064
9.9973E-005 0.0567586 0.0740395 0.0622868 0.018864 0.0875324 0.236022 9.9973E-005 9.9973E-005 0.464197
9.9973E-005 0.20439 0.00304096 9.9973E-005 0.0867511 0.00432854 0.159715 9.9973E-005 0.0907095 0.450764
9.9982E-005 0.079032 0.0315326 0.00824108 0.0466881 0.0703858 0.12963 9.9982E-005 0.0382845 0.596006
9.9946E-005 0.0390695 9.9946E-005 9.9946E-005 0.180412 9.9946E-005 0.177687 9.9946E-005 9.9946E-005 0.602232
9.9973E-005 0.137467 0.0134027 0.00353835 9.9973E-005 9.9973E-005 0.255568 0.0418765 0.022217 0.525631
9.9964E-005 0.243005 0.123202 9.9964E-005 0.219441 9.9964E-005 0.257355 0.00984497 9.9964E-005 0.146752
0.00974113 0.0797031 9.9982E-005 0.0310855 0.146702 0.149061 0.0433404 9.9982E-005 0.000275036 0.539892
0.0640508 0.119097 9.9973E-005 0.066009 0.232852 9.9973E-005 0.0544998 0.0484725 9.9973E-005 0.414719
9.9982E-005 0.0837322 0.0358932 0.0358164 0.0838893 0.0329458 0.226269 9.9982E-005 0.0808472 0.420407
9.9982E-005 9.9982E-005 0.19895 0.00735492 0.0698122 0.0580351 0.209614 0.0314585 0.0671547 0.357421
0.10137 0.135791 9.9982E-005 0.0660296 0.0275491 9.9982E-005 0.0153449 0.0299716 0.0379251 0.585819
0.40977 0.083926 0.102536 0.0417602 9.9973E-005 9.9973E-005 9.9973E-005 0.107667 0.017675 0.236366
0.329163 9.9973E-005 0.0632399 0.0385969 0.218777 9.9973E-005 0.138724 9.9973E-005 0.0584229 0.152777
0.660246 9.9955E-005 0.106272 9.9955E-005 9.9955E-005 9.9955E-005 9.9955E-005 0.00990424 0.0509511 0.172127
9.9964E-005 0.0865626 9.9964E-005 0.0219779 0.0276074 9.9964E-005 0.322583 9.9964E-005 0.00436013 0.536509
0.55632 9.9973E-005 0.222984 0.0294682 9.9973E-005 9.9973E-005 0.00394614 0.0172977 0.0563143 0.113369
0.531105 0.0413119 0.199226 9.9973E-005 0.104747 0.0664203 0.0557812 0.00110831 9.9973E-005 9.9973E-005
9.9982E-005 0.0291555 0.13813 0.0739515 0.13163 9.9982E-005 0.274148 0.0056995 0.0411468 0.305938
9.99992E-005 0.0582043 0.0259915 0.0805362 0.0844893 0.0243903 0.119893 0.083578 0.00557156 0.517245
9.9973E-005 0.0663191 0.0724761 0.0935426 0.208098 9.9973E-005 0.093104 9.9973E-005 0.0133481 0.452812
0.467778 9.99549E-005 0.299768 0.0288403 9.99549E-005 9.99549E-005 0.136432 0.0666817 9.99549E-005 9.99549E-005
9.9964E-005 0.109735 9.9964E-005 9.9964E-005 0.0498905 9.9964E-005 0.282472 0.101258 0.000190818 0.456054
0.280776 0.0244924 0.204828 0.0632204 9.9973E-005 9.9973E-005 0.350221 9.9973E-005 0.0739272 0.00223485
0.0545856 0.306543 9.9955E-005 0.0875416 0.107228 9.9955E-005 9.9955E-005 9.9955E-005 9.9955E-005 0.443603
0.590866 0.00813504 0.224225 0.0472552 0.00957532 9.9982E-005 9.9982E-005 0.00463152 0.0743666 0.0407455
0.060478 9.9982E-005 0.095742 0.028314 0.238687 9.9982E-005 0.273329 0.00243736 0.0599742 0.240838
9.9973E-005 0.00216417 0.0817329 9.9973E-005 9.9973E-005 0.053065 0.0865329 0.140413 0.00853884 0.627253
9.9964E-005 0.0040731 9.9964E-005 0.0280488 0.188791 9.9964E-005 0.147877 0.00373795 9.9964E-005 0.627072
9.9946E-005 9.9946E-005 9.9946E-005 9.9946E-005 0.249904 9.9946E-005 0.31251 9.9946E-005 0.0306914 0.406295
0.419851 9.9964E-005 0.439143 0.0345257 0.0148248 9.9964E-005 9.9964E-005 0.000296895 9.9964E-005 0.0909585
0.0662281 9.9964E-005 0.30602 9.9964E-005 0.000797749 9.9964E-005 0.178044 0.101729 9.9964E-005 0.346782
0.160876 0.0544331 0.318281 9.9982E-005 9.9982E-005 0.0671401 0.108893 0.0912527 0.057665 0.141259
9.9982E-005 0.231044 0.119789 0.0128523 9.9982E-005 0.00750963 0.124956 0.168368 0.0276208 0.307661
0.498012 0.0149454 0.311706 9.9964E-005 9.9964E-005 9.9964E-005 0.0275809 0.0193298 9.9964E-005 0.128026
0.0659699 0.0194371 0.0510135 0.0514019 0.180464 0.158341 0.165873 9.9991E-005 0.0487643 0.258636
0.0578458 9.9973E-005 0.578155 9.9973E-005 0.0158276 0.0734666 0.153786 9.9973E-005 0.0772795 0.0433391
9.9982E-005 0.073151 0.00729024 0.0244671 0.23844 0.0202566 0.093682 9.9982E-005 0.0109778 0.531535
9.9973E-005 9.9973E-005 0.45135 9.9973E-005 0.180452 0.00509003 0.19903 0.0697508 0.0512611 0.0427664
0.356583 9.9991E-005 0.212389 0.0235976 0.0100239 0.0115183 0.0880146 0.00700129 0.0148043 0.275968
9.9973E-005 0.116743 9.9973E-005 0.0835577 0.2909 9.9973E-005 0.0458125 0.0754199 0.00679556 0.380472
9.9955E-005 0.195476 9.9955E-005 9.9955E-005 0.279055 9.9955E-005 0.0764359 0.0509113 9.9955E-005 0.397622
9.9973E-005 0.0475004 0.0103939 0.0790668 0.058292 9.9973E-005 0.270565 0.191302 9.9973E-005 0.34258
9.9973E-005 9.9973E-005 0.0919626 0.0467853 9.9973E-005 0.0762293 0.0675507 0.127544 0.0369279 0.5527
0.237905 0.0176697 0.252712 9.9973E-005 0.0312064 9.9973E-005 0.241529 0.082753 9.9973E-005 0.135925
9.9973E-005 9.9973E-005 9.9973E-005 0.0560824 0.0826349 0.0550575 0.280898 0.0427418 0.0777856 0.404499
9.9973E-005 9.9973E-005 9.9973E-005 0.019531 0.143408 0.049741 0.0505974 0.00310525 0.0464394 0.686878
0.0842985 0.0286825 9.9964E-005 0.108315 0.185723 9.9964E-005 0.0523529 9.9964E-005 9.9964E-005 0.540228
0.219906 0.0517665 0.390814 9.9973E-005 0.20927 9.9973E-005 0.0619143 0.0102977 9.9973E-005 0.0557315
0.10982 0.0953741 0.214305 9.9982E-005 0.137243 9.9982E-005 0.063354 0.0469344 0.0145684 0.318201
9.9973E-005 0.0405892 9.9973E-005 0.043154 9.9973E-005 0.015862 0.227474 0.0475625 0.0803946 0.544663
0.0487639 0.0966624 0.18917 0.147545 0.25952 9.9982E-005 0.237381 0.0131729 0.00758551 9.9982E-005
0.109411 0.0602496 0.178201 0.0879798 9.9982E-005 9.9982E-005 0.258946 0.0785725 0.0561405 0.170299
9.9973E-005 0.0699165 0.0721256 0.036858 0.0905337 9.9973E-005 0.412169 0.0852732 9.9973E-005 0.232824
0.152879 0.113875 0.382248 9.9991E-005 0.147863 0.0256524 0.0379281 0.0291273 0.0304688 0.0798586
9.9964E-005 0.21287 0.327029 0.0291031 9.9964E-005 0.0169931 0.249155 9.9964E-005 9.9964E-005 0.16445
0.220416 0.0343565 0.445973 9.9964E-005 0.055147 9.9964E-005 9.9964E-005 9.9964E-005 0.0151138 0.228594
9.9973E-005 0.0372774 9.9973E-005 9.9973E-005 0.0954952 0.0146283 0.0175866 0.137981 0.0715389 0.625193
9.9973E-005 0.134243 9.9973E-005 9.9973E-005 0.145604 0.00328758 0.0883452 0.0261125 0.0287707 0.573337
0.0138302 0.166887 9.9973E-005 0.0294973 0.0417036 9.9973E-005 0.153968 9.9973E-005 0.0180493 0.575764
9.9955E-005 0.0663874 9.9955E-005 9.9955E-005 0.324794 9.9955E-005 9.9955E-005 0.0176123 0.0564087 0.534298
9.9964E-005 0.205935 9.9964E-005 0.00167553 9.9964E-005 9.9964E-005 0.290504 0.143363 0.0255797 0.332543
0.0284789 0.132045 9.9982E-005 0.0529308 0.131206 0.0199756 0.136695 9.9982E-005 0.0116257 0.486843
0.0975111 0.0770396 0.274558 0.00258223 0.0696511 9.9982E-005 0.150025 9.9982E-005 0.131517 0.196915
9.9964E-005 9.9964E-005 0.221233 0.0413179 0.0982999 9.9964E-005 0.370248 0.00808799 9.9964E-005 0.260414
9.9964E-005 0.0406289 0.0322995 0.0767748 0.186763 9.9964E-005 0.058484 9.9964E-005 9.9964E-005 0.60465
0.0113607 9.9964E-005 0.0662835 9.9964E-005 9.9964E-005 9.9964E-005 0.160355 0.0731507 0.038828 0.649622
9.9973E-005 9.9973E-005 0.139067 0.0466445 0.149614 9.9973E-005 0.223428 0.00658583 0.0606069 0.373754
0.11076 9.9964E-005 0.24598 9.9964E-005 9.9964E-005 0.0953541 0.334496 9.9964E-005 0.13417 0.0788396
0.00179474 0.17932 9.9991E-005 0.0147659 0.199096 0.0472089 0.184368 0.0379953 0.0337286 0.301622
9.9982E-005 0.00208862 0.194167 0.0218212 0.0861058 0.108454 9.9982E-005 0.113491 0.00202098 0.471651
0.584271 9.9955E-005 0.0981589 9.9955E-005 0.290603 9.9955E-005 9.9955E-005 9.9955E-005 0.025931 0.00053672
0.425818 9.9964E-005 0.22359 9.9964E-005 0.120293 0.00470717 9.9964E-005 9.9964E-005 0.0334289 0.191763
9.9964E-005 0.212316 0.13386 0.0823418 0.126876 9.9964E-005 9.9964E-005 9.9964E-005 0.0137587 0.430448
0.00782142 0.12433 9.9964E-005 0.0568028 9.9964E-005 0.341001 9.9964E-005 0.0430637 9.9964E-005 0.426581
0.0550827 9.9973E-005 0.0193206 0.10798 0.156577 0.364478 0.0610947 0.235167 9.9973E-005 9.9973E-005
9.9982E-005 0.0131773 0.0140133 0.0301129 0.342133 0.244226 9.9982E-005 0.0880869 0.079229 0.188823
9.9964E-005 0.0855788 9.9964E-005 0.026358 0.200767 0.0694195 0.18483 9.9964E-005 9.9964E-005 0.432648
9.9982E-005 0.0175061 9.9982E-005 0.0285574 0.0649681 0.493436 0.183828 0.0649917 0.0306714 0.115841
0.0366613 9.9982E-005 9.9982E-005 0.0221585 0.0816586 0.382298 0.112949 0.161129 0.0160014 0.186944
0.0244362 9.9982E-005 0.0888963 0.0480025 0.0949559 0.399531 0.20211 0.0813522 9.9982E-005 0.0605165
0.0206283 0.153194 9.9982E-005 0.0990828 0.170142 0.366532 9.9982E-005 0.0794596 0.0265474 0.084214
9.9982E-005 0.05273 0.0813285 0.0523007 9.9982E-005 0.443099 0.0377468 0.0756524 0.0436692 0.213274
0.00200954 0.133535 9.9991E-005 0.0477313 0.187481 0.241825 0.0116278 0.0511045 0.0447084 0.279877
9.9982E-005 0.198168 0.0645846 0.00925996 0.244387 0.0896398 9.9982E-005 0.11782 0.0453427 0.230599
0.0185386 0.0138405 9.9982E-005 0.110666 0.0270465 0.405937 0.0493683 0.111628 9.9982E-005 0.262776
9.9973E-005 9.9973E-005 9.9973E-005 0.0344027 0.129571 0.112776 0.0775023 0.123935 0.0813973 0.440115
0.0281527 0.137888 9.9991E-005 0.124789 0.0525824 0.204469 0.159887 0.133189 0.0163785 0.142565
0.00124805 0.117824 0.0164616 0.090368 0.0689682 0.385976 9.9991E-005 0.0917964 0.0150717 0.212185
9.9973E-005 9.9973E-005 0.0719983 0.0358072 0.209218 0.435562 0.0431387 0.130836 0.0731394 9.9973E-005
9.9973E-005 0.00738773 9.9973E-005 9.9973E-005 0.133674 0.240555 0.167482 0.173595 0.0301077 0.246898
9.9991E-005 0.0179886 0.0420539 0.02427 0.335601 0.281902 0.189485 0.0330853 0.0253352 0.0501784
0.474435 0.053241 0.379885 0.00578305 9.9964E-005 9.9964E-005 9.9964E-005 0.0776967 0.00855873 9.9964E-005
9.9955E-005 0.137949 9.9955E-005 9.9955E-005 9.9955E-005 0.281089 0.159204 0.153547 9.9955E-005 0.267711
9.9973E-005 0.21963 9.9973E-005 9.9973E-005 0.103754 0.265553 0.0403636 0.117358 0.0684857 0.184555
0.112412 0.0601956 0.00133006 0.0214149 0.163793 0.0450951 0.0566246 0.0848638 9.9991E-005 0.454171
