0.514918 9.9964E-005 0.135109 9.9964E-005 0.0596884 9.9964E-005 0.131891 9.9964E-005 0.135635 0.0223596
0.296847 0.0434147 0.243368 0.0603384 0.0547484 0.0554581 0.125061 9.9982E-005 0.120564 9.9982E-005
0.169329 0.0272647 0.309545 9.9973E-005 0.141692 0.0261239 9.9973E-005 0.0981063 0.22764 9.9973E-005
0.461819 0.169991 0.122566 0.0700991 0.0530279 9.9973E-005 0.0573039 9.9973E-005 9.9973E-005 0.0648931
0.657996 9.9955E-005 9.9955E-005 9.9955E-005 9.9955E-005 0.0358431 0.103789 0.0664693 0.135403 9.9955E-005
9.9955E-005 0.827976 0.0079539 9.9955E-005 9.9955E-005 9.9955E-005 9.9955E-005 0.090462 0.0563532 0.0167548
0.300008 9.9955E-005 0.514991 9.9955E-005 9.9955E-005 0.00328685 9.9955E-005 9.9955E-005 0.0748109 0.106403
0.0302164 0.877386 9.9964E-005 0.0252459 0.0327968 0.00857234 0.025383 9.9964E-005 9.9964E-005 9.9964E-005
0.403584 0.0098468 0.0970856 0.0125441 0.010713 0.0271219 0.0259843 9.9982E-005 0.412921 9.9982E-005
0.294715 9.9973E-005 0.285591 0.0621081 0.0432234 0.0755343 0.0339494 9.9973E-005 0.204579 9.9973E-005
0.562522 0.0224023 0.0539999 9.9973E-005 0.162931 0.018516 9.9973E-005 9.9973E-005 0.109218 0.0701108
0.264293 0.275082 0.209042 0.0889856 9.9964E-005 9.9964E-005 0.0289823 9.9964E-005 0.133215 9.9964E-005
0.24857 9.9964E-005 0.18675 0.0264855 0.0113699 0.0409924 9.9964E-005 9.9964E-005 0.485432 9.9964E-005
0.633388 0.0838351 0.010649 9.9982E-005 0.0966447 0.120858 0.00815878 0.0017944 0.0444722 9.9982E-005
9.9955E-005 0.60236 0.186202 0.0305969 0.0292146 9.9955E-005 9.9955E-005 9.9955E-005 0.151127 9.9955E-005
0.213935 0.0775674 0.332052 9.9973E-005 0.0383661 0.130584 9.9973E-005 0.0212124 0.185983 9.9973E-005
0.486808 0.141578 0.179315 0.010286 0.0923866 9.9973E-005 0.0825359 9.9973E-005 0.00679092 9.9973E-005
0.523421 9.9982E-005 0.0782282 0.0216503 9.9982E-005 0.132152 0.00337008 0.0178133 0.11972 0.103446
0.44586 0.0106406 0.0915128 0.0464719 0.0461364 9.9973E-005 9.9973E-005 9.9973E-005 0.357446 0.00163174
0.666168 9.9955E-005 0.151242 9.9955E-005 0.0746342 0.0316419 0.0758143 9.9955E-005 9.9955E-005 9.9955E-005
0.531652 9.9964E-005 0.00693022 0.010661 9.9964E-005 9.9964E-005 0.0170523 9.9964E-005 0.317348 0.115956
0.45936 0.120355 0.145856 9.9973E-005 0.0986193 9.9973E-005 0.0942581 0.0227977 0.0584545 9.9973E-005
0.468179 9.9955E-005 0.213831 9.9955E-005 0.194286 9.9955E-005 0.0476057 9.9955E-005 9.9955E-005 0.0755985
0.0626081 0.504677 0.104857 0.00235062 0.2765 9.9973E-005 0.0208055 9.9973E-005 0.0279022 9.9973E-005
0.483984 9.9982E-005 0.0357036 0.0211017 0.00980543 0.104602 0.0852826 9.9982E-005 0.155509 0.103811
0.0140259 0.608575 0.270323 0.0605219 9.9955E-005 9.9955E-005 9.9955E-005 9.9955E-005 0.0460549 9.9955E-005
0.229494 0.408304 9.9964E-005 9.9964E-005 0.157596 0.0215431 9.9964E-005 9.9964E-005 0.0346455 0.148017
0.613013 0.336185 9.9946E-005 0.0407679 9.9946E-005 9.9946E-005 9.9946E-005 9.9946E-005 9.9946E-005 0.00943438
0.0710713 0.575668 0.169198 9.9955E-005 0.13829 9.9955E-005 9.9955E-005 0.0452727 9.9955E-005 9.9955E-005
0.708992 0.14727 0.128991 0.00209212 0.0121547 9.9955E-005 9.9955E-005 9.9955E-005 9.9955E-005 9.9955E-005
0.0659141 0.508588 0.106029 9.9973E-005 0.119263 9.9973E-005 0.0223867 0.0864904 0.0910288 9.9973E-005
0.38337 9.9955E-005 0.272367 9.9955E-005 9.9955E-005 0.0798198 9.9955E-005 0.0397232 0.22422 9.9955E-005
0.412642 0.210106 9.9955E-005 9.9955E-005 0.176509 0.0810828 9.9955E-005 9.9955E-005 0.11916 9.9955E-005
9.9937E-005 0.826183 0.154298 0.0188195 9.9937E-005 9.9937E-005 9.9937E-005 9.9937E-005 9.9937E-005 9.9937E-005
9.9937E-005 0.793699 9.9937E-005 9.9937E-005 0.082575 9.9937E-005 9.9937E-005 0.123026 9.9937E-005 9.9937E-005
0.256186 0.0778411 0.257448 0.0139359 9.9964E-005 0.0725362 9.9964E-005 9.9964E-005 0.321653 9.9964E-005
0.58411 0.137277 0.0904711 0.0679907 0.00449958 0.00888111 9.9973E-005 9.9973E-005 0.106471 9.9973E-005
0.465934 9.9973E-005 0.094445 0.0264972 0.0996849 0.0712954 9.9973E-005 9.9973E-005 0.199836 0.0420075
0.035038 0.692964 0.0394532 0.0116443 0.0288344 0.144777 0.0469892 9.9973E-005 9.9973E-005 9.9973E-005
0.068747 0.410281 0.0685612 0.0121651 0.133594 0.0636452 0.0854366 9.9991E-005 0.144198 0.0132716
0.162038 0.213795 0.0178957 0.0430441 0.119839 9.9973E-005 9.9973E-005 0.0626163 0.380471 9.9973E-005
0.519967 0.0269492 0.0805482 9.9964E-005 0.0445221 9.9964E-005 9.9964E-005 9.9964E-005 0.319874 0.00773869
0.445232 0.148643 0.172746 9.9973E-005 0.00514171 0.0406631 0.0179997 9.9973E-005 0.169274 9.9973E-005
9.9964E-005 0.524454 9.9964E-005 9.9964E-005 0.0763428 0.0649521 0.00120076 0.0261478 0.306503 9.9964E-005
0.460238 9.9982E-005 0.0821892 0.00290893 0.051258 0.0589033 9.9982E-005 0.0583292 0.270377 0.0155966
0.293343 9.9973E-005 0.0193956 0.0486297 0.056011 0.180836 0.052465 9.9973E-005 0.34902 9.9973E-005
0.571686 0.0931131 0.0164794 0.0178534 0.096014 0.0301578 0.0901026 0.0508165 0.0336777 9.9991E-005
0.50921 0.0623836 0.00268036 0.00447213 0.15209 9.9982E-005 0.0459706 0.124399 0.0985954 9.9982E-005
0.209767 0.0166188 0.208975 0.0108029 0.163419 0.0524782 9.9973E-005 9.9973E-005 0.337638 9.9973E-005
0.135735 0.524457 0.025132 9.9964E-005 0.0664175 9.9964E-005 0.1314 9.9964E-005 0.116459 9.9964E-005
0.47353 9.9973E-005 0.232783 9.9973E-005 0.0244203 0.0146633 0.00675363 0.163284 0.0842661 9.9973E-005
0.268481 0.374936 0.0719724 0.0725291 0.111887 9.9982E-005 9.9982E-005 0.0704482 0.000951277 0.0285942
0.309759 0.00204303 0.102754 0.0446486 9.9982E-005 0.0840718 0.0646345 9.9982E-005 0.354393 0.0374955
9.9946E-005 0.839716 9.9946E-005 9.9946E-005 0.0461102 0.106504 9.9946E-005 9.9946E-005 9.9946E-005 0.0070698
0.108972 0.441092 0.166752 9.9964E-005 0.102518 0.0610167 9.9964E-005 9.9964E-005 0.119249 9.9964E-005
0.341581 9.9964E-005 0.361106 0.00805128 9.9964E-005 9.9964E-005 0.0336576 0.156745 0.0984592 9.9964E-005
0.544871 9.9964E-005 0.226232 9.9964E-005 0.0994851 0.0542547 9.9964E-005 0.050924 0.0238333 9.9964E-005
0.563848 0.158655 0.0389998 0.0416839 0.108571 0.0630016 0.0156639 9.9982E-005 9.9982E-005 0.00937733
0.304376 0.309685 0.144228 0.022726 0.183517 0.0350684 9.9964E-005 9.9964E-005 9.9964E-005 9.9964E-005
0.584327 0.33224 0.0201899 9.9955E-005 0.0417286 9.9955E-005 9.9955E-005 0.0210145 9.9955E-005 9.9955E-005
9.9946E-005 0.776264 9.9946E-005 9.9946E-005 0.0960974 9.9946E-005 9.9946E-005 0.0677034 0.0593359 9.9946E-005
9.9937E-005 0.804481 9.9937E-005 9.9937E-005 0.153537 0.0412821 9.9937E-005 9.9937E-005 9.9937E-005 9.9937E-005
0.559081 0.0336666 0.0670265 9.9964E-005 9.9964E-005 9.9964E-005 9.9964E-005 0.0883831 0.212079 0.0393632
9.99281E-005 0.862424 9.99281E-005 9.99281E-005 0.136776 9.99281E-005 9.99281E-005 9.99281E-005 9.99281E-005 9.99281E-005
0.480624 0.0271613 0.0800364 0.0473868 9.9973E-005 9.9973E-005 0.0870702 9.9973E-005 0.227532 0.0498891
9.9964E-005 0.783071 0.0182338 0.103757 0.0126332 9.9964E-005 9.9964E-005 0.0035257 0.078379 9.9964E-005
0.633918 9.9973E-005 0.0303203 0.0413964 0.0654776 0.0395873 9.9973E-005 0.128502 0.0604984 9.9973E-005
0.136693 0.167137 0.325617 0.0146614 0.151213 9.9973E-005 0.0546563 9.9973E-005 0.149721 9.9973E-005
0.334324 9.9973E-005 0.198657 0.0356593 0.121866 0.0144441 9.9973E-005 0.0340079 0.260741 9.9973E-005
9.9973E-005 0.717869 0.0442865 0.0167532 0.0353204 9.9973E-005 9.9973E-005 0.0422501 0.128132 0.0150892
0.237625 9.9982E-005 0.207275 0.0352157 0.229956 0.13357 0.0704545 9.9982E-005 0.0377181 0.0479862
0.371761 0.0649141 0.107231 9.9973E-005 0.0143843 0.0411837 0.102297 9.9973E-005 0.29793 9.9973E-005
0.279362 0.269749 0.181101 9.9964E-005 0.0800535 0.00710443 9.9964E-005 0.18223 9.9964E-005 9.9964E-005
0.281676 9.9982E-005 0.224187 0.0302545 0.0445426 0.0536991 0.040859 9.9982E-005 0.272777 0.0518052
0.373296 0.00928818 0.269648 0.00739581 0.050503 0.0578303 0.031398 9.9982E-005 0.20044 9.9982E-005
0.287165 0.321503 0.21594 0.0196242 0.0616409 9.9973E-005 9.9973E-005 0.0350254 0.0588015 9.9973E-005
0.562702 9.9973E-005 0.174253 0.0332514 0.0747827 0.0544826 0.0380511 9.9973E-005 0.0621774 9.9973E-005
0.382593 0.141854 0.0375521 0.017697 0.172821 0.168279 0.0209877 0.058017 9.9982E-005 9.9982E-005
0.197386 0.0792375 0.142437 9.9973E-005 0.164257 9.9973E-005 0.00563707 0.0730905 0.337655 9.9973E-005
0.33953 0.0185769 0.191719 9.9973E-005 9.9973E-005 0.0620569 0.0493618 0.0858364 0.25262 9.9973E-005
0.199326 9.9964E-005 0.257682 0.00212956 0.118069 9.9964E-005 0.178163 9.9964E-005 0.244231 9.9964E-005
0.379516 9.9973E-005 0.17273 0.0850352 0.123013 0.080158 9.9973E-005 0.00447505 0.154772 9.9973E-005
0.608205 0.0647028 9.9964E-005 0.0581248 0.16858 9.9964E-005 0.075719 9.9964E-005 0.0242683 9.9964E-005
0.541235 9.9964E-005 0.244838 0.0876091 0.0489222 9.9964E-005 0.0399107 0.0370848 9.9964E-005 9.9964E-005
0.461254 9.9964E-005 0.318643 9.9964E-005 0.0269132 0.0198588 9.9964E-005 0.0115547 0.161376 9.9964E-005
0.184801 0.0428072 0.187634 0.0292769 0.125878 0.0104805 0.0693486 9.9982E-005 0.349574 9.9982E-005
0.314801 0.32712 9.9964E-005 9.9964E-005 0.061257 0.0322136 0.0168443 9.9964E-005 0.247364 9.9964E-005
0.36429 0.295826 0.104915 0.0552113 0.0576129 0.0252252 9.9982E-005 0.0850024 0.0117171 9.9982E-005
9.99551E-005 0.798786 0.0476904 9.99551E-005 0.0783278 9.99551E-005 9.99551E-005 9.99551E-005 0.0157913 0.0589044
0.298704 0.240812 0.0743349 0.00197363 0.109593 0.0570783 0.0250835 0.0934409 0.0743758 0.024604
0.220238 9.9964E-005 9.9964E-005 0.041457 0.375339 0.017601 9.9964E-005 0.0200462 0.324919 9.9964E-005
0.155621 0.567405 9.9964E-005 9.9964E-005 0.0942908 9.9964E-005 0.0305722 9.9964E-005 0.141635 0.0100771
0.60478 0.0409446 0.0147112 0.00333285 0.0706792 9.9982E-005 0.0442703 9.9982E-005 0.215689 0.00539319
0.546318 0.26346 0.15889 0.0250135 9.9955E-005 0.00581908 9.9955E-005 9.9955E-005 9.9955E-005 9.9955E-005
0.0566233 0.460638 0.318966 0.00618389 0.151435 9.9964E-005 9.9964E-005 9.9964E-005 9.9964E-005 0.0057534
9.9946E-005 0.77768 0.0992407 9.9946E-005 0.00847513 9.9946E-005 0.114004 9.9946E-005 9.9946E-005 9.9946E-005
0.451343 0.101448 0.0339469 0.0637584 0.102822 0.00896833 0.0305354 9.9982E-005 0.206978 9.9982E-005
0.286657 0.0395917 0.266555 0.0286962 0.147343 0.0204569 9.9982E-005 0.0609491 0.149551 9.9982E-005
0.337762 0.0339994 0.255993 0.00419541 0.233096 0.00766611 0.0853123 9.9991E-005 0.018781 0.0230956
0.49741 0.258552 0.17415 0.0152699 9.9955E-005 9.9955E-005 9.9955E-005 9.9955E-005 0.054119 9.9955E-005
0.0443521 0.377491 0.137576 0.0502335 0.131416 9.9982E-005 0.00468873 0.00717644 0.246866 9.9982E-005
0.485197 0.0333436 0.137506 0.0777478 9.9964E-005 9.9964E-005 0.0636904 9.9964E-005 0.202115 9.9964E-005
0.480454 9.9973E-005 0.185976 9.9973E-005 0.0939472 0.117874 9.9973E-005 0.00588944 0.0489996 0.0665608
0.571449 9.9982E-005 0.107724 0.0378006 0.0727732 0.0143772 0.0903707 0.0373989 0.0679063 9.9982E-005
0.210214 9.9973E-005 0.235938 9.9973E-005 0.0897373 0.119622 9.9973E-005 0.0245979 0.280906 0.0386849
9.9964E-005 0.623149 0.0173519 0.00513613 0.143618 0.0302241 9.9964E-005 9.9964E-005 0.180122 9.9964E-005
9.9964E-005 0.476467 0.27241 0.0284396 0.0768592 9.9964E-005 0.0762451 9.9964E-005 9.9964E-005 0.0691789
0.460701 9.9964E-005 0.398014 0.0301662 0.023262 0.0635073 0.0239499 9.9964E-005 9.9964E-005 9.9964E-005
0.242956 0.0324814 0.558484 0.0572888 0.0181866 0.00742422 9.9973E-005 9.9973E-005 0.0828795 9.9973E-005
0.499815 9.9964E-005 0.216269 0.0313893 0.0375714 9.9964E-005 9.9964E-005 0.0596961 0.15486 9.9964E-005
0.122913 0.42561 9.9946E-005 9.9946E-005 0.107915 9.9946E-005 9.9946E-005 9.9946E-005 0.342962 9.9946E-005
9.99371E-005 0.879365 0.0487752 9.99371E-005 0.0711599 9.99371E-005 9.99371E-005 9.99371E-005 9.99371E-005 9.99371E-005
0.374182 0.368054 9.9955E-005 9.9955E-005 0.164263 9.9955E-005 9.9955E-005 0.0744145 0.0185864 9.9955E-005
0.301156 9.9964E-005 0.40613 0.00509089 9.9964E-005 0.0132325 9.9964E-005 9.9964E-005 0.245205 0.0287862
0.435778 0.0901065 0.181304 0.0285628 0.0663792 0.0111704 0.114188 9.9982E-005 0.0723115 9.9982E-005
0.446235 9.9955E-005 0.335267 0.0981502 9.9955E-005 0.0874783 9.9955E-005 0.0323691 9.9955E-005 9.9955E-005
0.642723 9.9955E-005 0.088801 0.0417646 0.150403 9.9955E-005 9.9955E-005 9.9955E-005 9.9955E-005 0.0758089
9.99281E-005 0.902947 9.99281E-005 9.99281E-005 9.99281E-005 9.99281E-005 9.99281E-005 9.99281E-005 9.99281E-005 0.0962532
0.514565 9.9973E-005 0.157018 0.0329727 9.9973E-005 0.00359758 0.107314 9.9973E-005 0.0998752 0.0843583
0.528952 9.9955E-005 0.11352 9.9955E-005 0.155671 0.103322 9.9955E-005 0.098034 9.9955E-005 9.9955E-005
0.215128 0.105349 0.362926 9.9973E-005 0.0455549 0.00432806 0.0103572 9.9973E-005 0.256056 9.9973E-005
0.108832 0.587369 0.194935 9.9964E-005 0.0176649 9.9964E-005 9.9964E-005 9.9964E-005 0.084263 0.00653591
0.688065 0.00151038 0.00193347 9.9964E-005 0.0562212 9.9964E-005 9.9964E-005 0.161458 0.0904122 9.9964E-005
0.334941 0.0299632 0.268428 9.9973E-005 0.0941275 0.0324894 9.9973E-005 9.9973E-005 0.0624637 0.177287
0.622172 9.9964E-005 0.0366018 0.0471308 9.9964E-005 0.109467 9.9964E-005 0.0264317 0.157796 9.9964E-005
0.441003 0.0811476 0.0834514 0.084165 0.00563063 0.0162811 0.116552 9.9982E-005 0.17157 9.9982E-005
0.164562 0.595986 0.025965 0.0715429 0.0876975 0.0225918 0.0139134 9.9982E-005 9.9982E-005 0.0175413
9.99371E-005 0.829351 9.99371E-005 9.99371E-005 0.121357 9.99371E-005 0.0485921 9.99371E-005 9.99371E-005 9.99371E-005
0.121326 9.9964E-005 0.257725 0.0684447 0.102487 0.130245 9.9964E-005 9.9964E-005 0.319373 9.9964E-005
0.169966 9.9973E-005 0.215852 9.9973E-005 0.128579 0.0459664 0.132426 0.088585 0.218326 9.9973E-005
0.416963 0.00774726 0.22108 9.9964E-005 9.9964E-005 0.0371491 0.0279082 9.9964E-005 0.288752 9.9964E-005
0.219202 9.9973E-005 0.0727606 0.0014166 9.9973E-005 0.0520193 0.0726495 9.9973E-005 0.492603 0.0890486
0.293142 0.374783 9.9964E-005 0.0669072 0.138871 0.114128 9.9964E-005 9.9964E-005 0.0117692 9.9964E-005
0.502185 0.0656181 9.9973E-005 9.9973E-005 0.0934035 0.0292477 9.9973E-005 0.0949038 0.0562618 0.15808
0.538719 0.173482 0.0421644 0.0262206 9.9982E-005 0.0130537 0.0362874 0.118417 0.0514568 9.9982E-005
9.99201E-005 9.99201E-005 9.99201E-005 9.99201E-005 0.999101 9.99201E-005 9.99201E-005 9.99201E-005 9.99201E-005 9.99201E-005
0.194592 0.505645 0.111221 0.0236507 0.0404358 0.022004 9.9973E-005 0.102151 9.9973E-005 9.9973E-005
0.252503 0.262566 0.222167 0.0258383 9.9973E-005 0.035477 9.9973E-005 0.0621457 0.139003 9.9973E-005
9.99201E-005 9.99201E-005 9.99201E-005 9.99201E-005 0.999101 9.99201E-005 9.99201E-005 9.99201E-005 9.99201E-005 9.99201E-005
9.99577E-005 0.570369 9.99577E-005 9.99577E-005 0.173211 0.0217452 0.151257 9.99577E-005 0.0829182 9.99577E-005
0.418732 0.156028 0.263159 9.9964E-005 9.9964E-005 0.0241193 9.9964E-005 9.9964E-005 0.103414 0.0341477
0.236099 0.392295 9.9973E-005 0.0200738 0.0409555 9.9973E-005 0.160525 0.0356337 0.114118 9.9973E-005
0.203468 0.223617 0.0770559 9.9964E-005 9.9964E-005 0.0589893 0.014137 9.9964E-005 0.422333 9.9964E-005
0.188898 0.176442 0.00736113 0.00182494 0.163477 0.0205624 9.9982E-005 9.9982E-005 0.369298 0.071936
0.0953237 0.70575 9.9973E-005 0.0106664 0.0386758 9.9973E-005 9.9973E-005 0.0550476 0.0502808 0.0439558
0.362183 0.282198 0.12509 0.100027 0.00221773 0.0626799 9.9982E-005 0.000412487 0.064993 9.9982E-005
0.154041 0.23508 0.145243 9.9973E-005 0.160124 0.0456455 0.0735089 9.9973E-005 0.186057 9.9973E-005
0.388286 9.9982E-005 0.125032 0.0519788 0.0740125 0.0618516 0.0743754 0.0363446 0.187919 9.9982E-005
0.268428 9.9964E-005 0.36443 0.086627 9.9964E-005 0.0986878 0.105488 9.9964E-005 0.0759397 9.9964E-005
0.321189 9.9973E-005 0.110759 9.9973E-005 0.0265628 0.058138 0.0541952 0.144354 0.284502 9.9973E-005
0.434795 0.0553431 9.9964E-005 9.9964E-005 9.9964E-005 0.0832844 0.0344896 9.9964E-005 0.37048 0.0212089
0.579793 0.262947 9.9955E-005 9.9955E-005 0.0474326 9.9955E-005 9.9955E-005 9.9955E-005 0.00824897 0.101079
0.00957932 0.733441 0.0558061 9.9964E-005 9.9964E-005 0.0727073 0.0595567 9.9964E-005 0.0685094 9.9964E-005
0.239511 0.395832 0.0152471 9.9982E-005 0.0502011 0.0660628 0.0465486 0.114259 0.0721379 9.9982E-005
0.218728 9.9973E-005 0.0564803 9.9973E-005 0.22282 0.0824674 0.0820883 0.0450637 0.292052 9.9973E-005
0.232709 9.9973E-005 0.0639334 9.9973E-005 0.110419 0.0354489 9.9973E-005 0.0256211 0.52273 0.00883876
9.9955E-005 0.808319 0.0256422 9.9955E-005 0.0771842 0.0495338 9.9955E-005 9.9955E-005 9.9955E-005 0.038821
0.356312 9.9964E-005 0.0340742 9.9964E-005 0.0803329 0.056811 9.9964E-005 9.9964E-005 0.383798 0.0882722
0.231825 0.0234659 0.350109 0.0196626 0.0222317 0.0432204 0.0495584 9.9991E-005 0.172569 0.0872581
0.257295 0.157132 0.227223 9.9964E-005 0.0801743 9.9964E-005 9.9964E-005 0.00577569 0.272001 9.9964E-005
0.429717 9.9973E-005 0.106557 9.9973E-005 0.145257 0.162835 0.0526092 0.0803915 0.0223335 9.9973E-005
0.173525 0.114036 9.9964E-005 9.9964E-005 0.151632 0.0260043 0.00187338 9.9964E-005 0.53253 9.9964E-005
0.111766 0.0608152 0.181468 0.0259917 0.157932 0.0891485 0.0723245 0.0707268 0.229727 9.9991E-005
0.0396779 0.0373397 0.368053 0.0353762 0.0688298 9.9973E-005 0.144226 9.9973E-005 0.306198 9.9973E-005
0.4871 9.9973E-005 0.215956 0.0379888 0.0441282 0.109882 0.00933339 9.9973E-005 0.095311 9.9973E-005
0.490621 9.9973E-005 0.222864 0.0482603 0.132637 0.0171804 0.02459 9.9973E-005 9.9973E-005 0.0635471
0.116256 0.13412 0.133853 9.9982E-005 0.00582786 9.9982E-005 0.0182573 0.0218245 0.552366 0.0172952
0.181931 0.456554 0.0399385 0.0414005 0.145356 0.0498242 9.9982E-005 0.0770547 0.00774166 9.9982E-005
0.241628 0.247326 0.0201447 9.9973E-005 0.151669 9.9973E-005 0.00541609 0.0141273 0.319389 9.9973E-005
0.264633 0.0424425 9.9973E-005 9.9973E-005 0.238283 0.0289785 0.0518184 0.117789 0.255756 9.9973E-005
0.088791 0.104628 0.349952 0.00972645 0.106177 9.9982E-005 0.102798 9.9982E-005 0.195152 0.0425748
0.502701 0.109291 0.212536 9.9964E-005 0.0731695 9.9964E-005 0.0503429 9.9964E-005 0.051559 9.9964E-005
9.9946E-005 0.912521 9.9946E-005 0.0281614 0.0499082 9.9946E-005 0.00880994 9.9946E-005 9.9946E-005 9.9946E-005
0.192231 0.049036 0.0915938 9.9964E-005 0.221469 9.9964E-005 9.9964E-005 9.9964E-005 0.409275 0.035995
0.17042 0.280663 0.307179 9.9946E-005 0.241139 9.9946E-005 9.9946E-005 9.9946E-005 9.9946E-005 9.9946E-005
0.0266318 9.9973E-005 0.294196 0.0166966 0.268261 0.00882726 9.9973E-005 9.9973E-005 0.211474 0.173613
0.381131 0.216551 0.177358 9.9964E-005 0.0568247 9.9964E-005 0.0776993 9.9964E-005 0.0900365 9.9964E-005
0.0170849 0.607658 0.184777 0.0231023 9.9973E-005 0.0891868 9.9973E-005 0.00576316 0.0721281 9.9973E-005
0.250063 0.426761 0.125982 0.00392853 0.067175 0.0727781 0.00458458 9.9982E-005 0.0485284 9.9982E-005
0.250641 0.518894 0.212822 9.9946E-005 9.9946E-005 9.9946E-005 0.0170432 9.9946E-005 9.9946E-005 9.9946E-005
0.547235 9.9946E-005 0.249259 9.9946E-005 0.0455612 9.9946E-005 9.9946E-005 9.9946E-005 0.157345 9.9946E-005
9.9964E-005 0.836592 9.9964E-005 0.0214707 0.100196 0.0280278 0.00859242 9.9964E-005 9.9964E-005 0.0047207
0.16699 0.377174 0.213491 0.0179956 9.9973E-005 0.0309643 0.0285507 9.9973E-005 0.164535 9.9973E-005
0.473621 0.0100192 9.9982E-005 0.00845235 0.00795093 0.057121 0.084923 0.0619468 0.295766 9.9982E-005
9.99461E-005 0.957397 9.99461E-005 9.99461E-005 0.0242289 9.99461E-005 0.0172245 9.99461E-005 0.000550012 9.99461E-005
0.0587818 0.493248 0.167787 9.9964E-005 0.0990271 0.0485795 9.9964E-005 9.9964E-005 0.132178 9.9964E-005
0.378276 0.0347217 0.0702939 0.0388443 0.191697 9.99811E-005 9.99811E-005 9.99811E-005 0.160297 0.12557
0.348956 0.386432 0.168068 9.9964E-005 0.0509833 9.9964E-005 0.0444576 0.000702659 9.9964E-005 9.9964E-005
0.538242 0.0820155 0.0327161 9.9964E-005 0.169205 0.0707771 9.9964E-005 9.9964E-005 0.106644 9.9964E-005
0.521438 9.9973E-005 9.9973E-005 0.00328318 0.0384135 0.0998622 0.00768455 0.0487708 0.280248 9.9973E-005
0.22852 0.37183 0.134788 0.0105822 9.9973E-005 0.12051 0.0865619 9.9973E-005 0.0469074 9.9973E-005
0.489997 9.9964E-005 0.2299 0.000948632 0.0461237 9.9964E-005 0.0447133 9.9964E-005 0.187918 9.9964E-005
0.530995 9.9946E-005 0.208422 9.9946E-005 0.0177854 9.9946E-005 9.9946E-005 9.9946E-005 0.242198 9.9946E-005
0.394712 0.0157429 0.0689409 0.0168813 0.0732698 0.038195 9.9982E-005 0.144623 0.247434 9.9982E-005
0.0761576 0.183931 0.268117 0.0119391 0.132428 0.100492 0.0431504 0.114787 0.0688983 9.9991E-005
0.525349 0.262645 0.0685752 0.00947705 0.00976139 0.0972462 0.0266457 9.9973E-005 9.9973E-005 9.9973E-005
0.460949 9.9973E-005 0.0653229 9.9973E-005 0.0270659 0.0337497 0.0830979 9.9973E-005 0.204092 0.125423
0.44856 0.110043 0.197128 9.9973E-005 0.0822344 9.9973E-005 0.0328608 9.9973E-005 0.0120661 0.116808
0.277176 9.9982E-005 0.120377 0.029104 0.146164 0.0102042 0.0482736 9.9982E-005 0.308363 0.0601386
0.437254 9.9973E-005 0.198229 9.9973E-005 0.0707936 0.0162653 9.9973E-005 0.102805 0.17124 0.00311328
0.23196 0.256036 0.0740412 0.0231584 0.0814662 0.114774 0.020802 9.9991E-005 0.120177 0.0774853
0.375812 0.0131807 0.207301 0.0234 0.0616917 9.9982E-005 9.9982E-005 0.0205587 0.297715 0.000141186
0.209943 9.9973E-005 0.242657 9.9973E-005 0.078755 0.131005 0.00205065 0.0512346 0.284055 9.9973E-005
0.135706 0.043415 0.206912 9.9991E-005 0.11373 0.128543 0.00355216 0.123797 0.167689 0.076557
0.403371 9.9973E-005 0.0515418 0.0401138 9.9973E-005 9.9973E-005 0.0830743 0.0915395 0.169565 0.160495
0.116417 0.224273 0.299504 0.102055 0.098499 0.0609863 9.9982E-005 0.0490963 0.0489698 9.9982E-005
0.69077 9.9955E-005 0.0251231 9.9955E-005 9.9955E-005 9.9955E-005 0.135148 9.9955E-005 0.122581 0.0258782
0.279424 0.170757 0.0792604 9.9973E-005 0.21757 0.00449497 9.9973E-005 9.9973E-005 0.15963 0.0885633
0.454206 9.9973E-005 0.0601607 9.9973E-005 0.106774 0.0185619 0.0694938 9.9973E-005 0.255533 0.0349703
0.568139 9.9982E-005 0.141057 0.0523845 0.0288831 0.108618 0.05331 9.9982E-005 0.0461857 0.00122283
0.40294 9.9982E-005 0.0904486 9.9982E-005 0.0367834 0.0354851 0.0251038 0.0567176 0.303384 0.0489378
0.247794 0.376944 0.17354 0.0382718 9.9973E-005 0.0246984 0.133061 0.00538999 9.9973E-005 9.9973E-005
0.27401 0.437632 0.0590646 0.0308654 0.0854906 9.9964E-005 9.9964E-005 9.9964E-005 9.9964E-005 0.112537
0.682555 9.9955E-005 0.197514 0.0586832 0.0341101 9.9955E-005 9.9955E-005 9.9955E-005 9.9955E-005 0.026638
0.225733 9.9973E-005 0.210079 0.00570465 0.0117873 0.271983 9.9973E-005 0.0373455 0.237068 9.9973E-005
0.43663 9.9964E-005 0.19518 0.00991983 9.9964E-005 9.9964E-005 0.0797527 0.0832096 0.194908 9.9964E-005
0.339401 9.9964E-005 0.200937 9.9964E-005 0.141708 9.9964E-005 0.0515936 9.9964E-005 0.24417 0.0217896
0.209767 0.270519 0.044138 0.0117421 0.27315 0.0300704 9.9982E-005 0.0902761 0.0701376 9.9982E-005
0.237824 0.121841 0.0731038 0.00121722 0.268932 9.9973E-005 0.0421265 9.9973E-005 0.254655 9.9973E-005
0.0645931 9.9991E-005 0.510667 0.0624582 0.0456222 0.0163964 0.0378466 0.0189279 0.124767 0.118622
0.0165174 0.539658 0.0896768 0.0153899 0.148542 0.0619461 0.0340076 0.0940626 9.9982E-005 9.9982E-005
0.266925 0.148168 0.242325 9.9955E-005 0.0253335 9.9955E-005 9.9955E-005 9.9955E-005 0.31675 9.9955E-005
0.394642 0.0888373 0.0182157 0.0573697 0.232775 9.9982E-005 0.0307155 0.161441 0.0158044 9.9982E-005
9.9946E-005 0.692142 0.184377 9.9946E-005 0.0427918 9.9946E-005 9.9946E-005 9.9946E-005 0.0800894 9.9946E-005
0.341398 0.0374582 9.9973E-005 0.0284892 0.134654 0.0972008 9.9973E-005 0.0230365 0.337463 9.9973E-005
0.328402 9.9964E-005 0.116685 9.9964E-005 0.152444 9.9964E-005 0.0188945 0.0537681 0.329407 9.9964E-005
0.664313 0.0465154 0.106243 0.0349833 0.0836634 9.9964E-005 9.9964E-005 9.9964E-005 0.063882 9.9964E-005
0.508004 9.9973E-005 0.115434 0.0474697 9.9973E-005 0.0897353 0.0224773 0.0881368 0.128443 9.9973E-005
0.296106 9.9982E-005 0.144633 0.00486769 0.12543 0.00813753 0.0355892 0.22357 0.161466 9.9982E-005
0.329763 9.9982E-005 0.174 0.0310147 0.147348 0.0273816 0.013548 0.0601187 0.216625 9.9982E-005
0.350116 9.9955E-005 0.166787 9.9955E-005 9.9955E-005 0.0878306 9.9955E-005 9.9955E-005 0.31945 0.075316
0.498964 9.9946E-005 0.354655 9.9946E-005 0.0514122 9.9946E-005 0.0943692 9.9946E-005 9.9946E-005 9.9946E-005
0.0710209 0.162958 0.126908 9.9964E-005 0.112013 0.0867186 9.9964E-005 9.9964E-005 0.439982 9.9964E-005
0.343992 9.9973E-005 0.276772 0.0511179 0.0406697 9.9973E-005 0.0595283 0.0336875 0.193933 9.9973E-005
0.387741 9.9973E-005 0.265293 0.000776627 0.113577 0.1013 0.0166377 9.9973E-005 0.114375 9.9973E-005
0.20278 0.104566 0.0323295 9.9973E-005 0.357832 0.00446883 9.9973E-005 9.9973E-005 0.297028 0.000696008
0.201454 9.9973E-005 0.428622 0.00722514 0.0798065 9.9973E-005 0.0905699 9.9973E-005 0.181355 0.0106667
0.451608 9.9955E-005 0.224772 0.0302458 0.1115 9.9955E-005 9.9955E-005 9.9955E-005 0.181375 9.9955E-005
0.376314 0.314126 9.9973E-005 0.0192926 0.0558749 0.00138437 0.0257775 9.9973E-005 0.206931 9.9973E-005
0.276808 0.302182 0.237308 9.9964E-005 0.105651 9.9964E-005 0.0522378 9.9964E-005 0.0254131 9.9964E-005
0.691912 0.00783682 9.9964E-005 9.9964E-005 0.0368436 0.0978512 0.00321735 9.9964E-005 0.161939 9.9964E-005
9.9964E-005 0.549655 0.135977 9.9964E-005 0.0388846 0.0167948 0.0901392 9.9964E-005 0.168149 9.9964E-005
0.332931 9.9973E-005 0.196289 0.0465766 0.151108 0.00798204 9.9973E-005 0.0159201 0.248895 9.9973E-005
0.224548 0.332363 0.300583 9.9955E-005 0.0635737 0.0784319 9.9955E-005 9.9955E-005 9.9955E-005 9.9955E-005
0.410548 9.9982E-005 0.172424 0.0314491 9.9982E-005 0.0299026 0.0186022 0.0859964 0.197541 0.0533363
0.083002 0.158988 0.201844 0.0332991 0.296528 9.9973E-005 0.137401 9.9973E-005 0.0886376 9.9973E-005
0.327389 0.326294 9.9955E-005 9.9955E-005 0.110336 9.9955E-005 0.0617687 0.173713 9.9955E-005 9.9955E-005
0.00355227 0.4275 0.189391 0.0199177 0.234612 0.0353571 9.9973E-005 9.9973E-005 9.9973E-005 0.0893707
0.317712 0.0505658 0.0889021 9.9964E-005 9.9964E-005 0.00353329 9.9964E-005 9.9964E-005 0.446476 0.092411
0.484655 9.9964E-005 0.140767 9.9964E-005 0.125213 0.00706429 0.0896045 9.9964E-005 0.152296 9.9964E-005
0.418577 0.313558 0.053548 0.0317493 0.0954568 9.9982E-005 0.00499798 9.9982E-005 0.0372629 0.0446505
0.251869 0.0231718 0.368434 0.062229 9.9982E-005 0.0388025 0.0585576 9.9982E-005 0.15985 0.0368865
0.604702 0.0317207 0.0526347 0.0565143 0.0238987 0.0898368 9.9973E-005 9.9973E-005 9.9973E-005 0.140393
9.9964E-005 0.771451 0.00967341 0.0369943 0.00743959 9.9964E-005 0.0406464 9.9964E-005 0.133395 9.9964E-005
0.411447 0.030207 0.243896 0.0386279 0.0413843 0.014547 0.037172 9.9991E-005 0.18241 0.000208818
0.519514 9.9973E-005 0.1437 0.00180468 0.0034616 0.0489964 0.0157607 9.9973E-005 0.266462 9.9973E-005
0.593988 0.00456244 0.15097 0.025129 0.000536615 9.9982E-005 0.0246247 9.9982E-005 0.182184 0.0178059
0.265808 0.0244146 0.257382 0.00899613 0.0503475 0.148107 0.0902727 9.9982E-005 0.154472 9.9982E-005
0.336607 0.0271948 0.365906 0.0799178 0.0740206 9.9982E-005 0.0218111 9.9982E-005 0.0721587 0.0221848
0.48126 9.9964E-005 0.141285 0.0284812 0.0535926 9.9964E-005 9.9964E-005 9.9964E-005 0.277299 0.0176827
0.524842 0.0483875 0.119417 0.0363925 0.0822139 0.13971 9.9973E-005 9.9973E-005 0.0487376 9.9973E-005
0.567221 0.0422883 0.0675217 9.9973E-005 9.9973E-005 0.0891887 0.0626229 9.9973E-005 0.0810541 0.0898034
0.114221 0.514224 0.1483 0.0598523 0.0079942 0.0522134 0.043414 9.9982E-005 0.0595819 9.9982E-005
0.411364 9.9955E-005 0.18701 9.9955E-005 0.114781 0.00125269 9.9955E-005 9.9955E-005 0.285093 9.9955E-005
0.552792 9.9973E-005 0.214824 0.00449436 0.0079748 9.9973E-005 0.00605815 0.025905 0.187652 9.9973E-005
0.106894 0.0805506 0.378847 0.0246659 0.125866 9.9982E-005 0.0351178 0.000784702 0.247074 9.9982E-005
0.0874507 0.39537 0.319515 0.0647313 0.104136 0.0160227 0.0124748 9.9973E-005 9.9973E-005 9.9973E-005
0.34665 9.9973E-005 0.303298 0.0456981 0.0422873 0.0985681 9.9973E-005 0.107523 0.0556758 9.9973E-005
0.596062 0.239194 9.9955E-005 9.9955E-005 0.0772211 0.0371551 0.0498681 9.9955E-005 9.9955E-005 9.9955E-005
0.634963 0.0544764 9.9964E-005 0.0246848 9.9964E-005 0.0850253 0.0952574 9.9964E-005 0.105193 9.9964E-005
0.369308 0.333176 0.0352456 9.9964E-005 0.0924292 9.9964E-005 0.0837198 9.9964E-005 0.0857212 9.9964E-005
0.29943 0.116329 0.209998 0.00546611 0.151306 9.9982E-005 0.00704002 0.204755 0.00547539 9.9982E-005
0.210847 0.420352 0.0534549 0.0668207 0.180076 9.9964E-005 9.9964E-005 0.0680504 9.9964E-005 9.9964E-005
0.364103 0.175176 0.222251 0.0195635 9.9964E-005 9.9964E-005 0.0544297 9.9964E-005 0.164077 9.9964E-005
0.172778 0.0389143 0.175067 0.0014579 0.125567 0.181942 9.9991E-005 0.0162317 0.263026 0.0249162
0.271263 0.2291 0.270161 0.0921897 9.9964E-005 9.9964E-005 0.0393414 9.9964E-005 0.097545 9.9964E-005
0.222059 9.9973E-005 0.148411 0.0186607 0.131266 0.0409474 0.0445608 9.9973E-005 0.393796 9.9973E-005
0.361585 0.0295298 0.420319 9.9964E-005 0.126645 9.9964E-005 0.0284162 0.0331045 9.9964E-005 9.9964E-005
0.17409 9.9964E-005 0.308568 0.0287933 0.213826 0.0418796 9.9964E-005 9.9964E-005 0.232443 9.9964E-005
0.176877 0.195539 0.236753 9.9964E-005 0.252235 9.9964E-005 0.0670391 9.9964E-005 9.9964E-005 0.0711573
0.294468 0.0637148 0.253821 0.00297106 0.122508 9.9973E-005 9.9973E-005 9.9973E-005 0.255439 0.00677815
0.311347 9.9955E-005 0.0587837 0.0189512 9.9955E-005 0.144752 9.9955E-005 9.9955E-005 0.465667 9.9955E-005
0.618567 9.9964E-005 0.0949973 0.0167367 0.14211 9.9964E-005 9.9964E-005 9.9964E-005 0.0302134 0.0969757
0.121407 0.578615 0.141657 0.0560011 9.9964E-005 0.0330741 9.9964E-005 9.9964E-005 9.9964E-005 0.0688454
9.9955E-005 0.887329 9.9955E-005 0.00623001 9.9955E-005 0.0426482 0.029893 9.9955E-005 9.9955E-005 0.0334004
0.554281 0.0663671 0.10512 0.0119588 0.0749719 0.0435701 9.9991E-005 0.0713443 0.038566 0.0337209
0.246194 0.0652954 0.182783 0.131645 9.9973E-005 9.9973E-005 0.0553958 9.9973E-005 0.281982 0.0364052
0.10919 0.0961677 0.274353 0.0181583 0.0750694 0.0465638 0.063724 0.126226 0.190448 9.9991E-005
0.299835 0.168769 0.128729 9.9973E-005 0.0800882 0.0155325 0.0126211 9.9973E-005 0.294125 9.9973E-005
0.35688 0.230708 9.9982E-005 0.0208323 0.0789845 0.164839 0.0164568 9.9982E-005 0.0794661 0.0516329
0.428795 0.104344 0.262813 9.9964E-005 0.00226214 0.0409382 0.160449 9.9964E-005 9.9964E-005 9.9964E-005
0.404565 9.9973E-005 0.0408156 9.9973E-005 0.147004 0.0621494 0.0733818 0.0020938 0.269691 9.9973E-005
0.325134 9.9955E-005 0.215002 0.0463604 9.9955E-005 9.9955E-005 9.9955E-005 0.133562 0.279442 9.9955E-005
0.484878 0.00781091 0.0226146 9.9982E-005 0.0337473 0.104461 0.0401787 0.0467227 0.259387 9.9982E-005
0.601624 9.9973E-005 0.0279211 0.0253255 0.0510535 0.117917 9.9973E-005 9.9973E-005 0.0683379 0.107521
0.541264 9.9937E-005 0.379507 9.9937E-005 0.0785294 9.9937E-005 9.9937E-005 9.9937E-005 9.9937E-005 9.9937E-005
0.540937 9.9982E-005 0.176246 0.00139512 0.0247061 0.03868 0.0182805 0.0368241 0.162731 9.9982E-005
0.193379 0.0142896 0.381493 0.0100653 0.31815 0.0140077 0.0560633 0.0123521 9.9982E-005 9.9982E-005
0.42618 9.9946E-005 0.255006 9.9946E-005 9.9946E-005 0.0834081 9.9946E-005 9.9946E-005 9.9946E-005 0.234805
0.472485 0.0638162 0.209248 0.0379389 0.100891 0.0611476 0.0541727 9.9973E-005 9.9973E-005 9.9973E-005
0.30613 9.9964E-005 0.169702 9.9964E-005 0.133506 9.9964E-005 0.0597015 9.9964E-005 0.275568 0.0549917
0.477795 0.0606259 9.9955E-005 9.9955E-005 9.9955E-005 0.10208 9.9955E-005 9.9955E-005 0.301609 0.0573898
0.563096 0.129965 0.141083 0.0621193 0.0441752 9.9973E-005 0.0350554 9.9973E-005 9.9973E-005 0.0242056
0.129015 0.531419 0.13186 0.00829803 0.0237031 0.0523608 0.0532853 0.0698592 9.9982E-005 9.9982E-005
0.000605963 0.41576 0.251311 0.0366993 0.109715 0.0182781 9.9991E-005 0.00472322 0.156475 0.00633209
9.9955E-005 0.81126 0.0209788 9.9955E-005 9.9955E-005 0.0468673 9.9955E-005 9.9955E-005 0.00490985 0.115484
0.49386 0.0281279 0.107038 9.9982E-005 0.0151164 0.0817908 0.0210229 0.035974 0.216869 9.9982E-005
9.99482E-005 0.743655 0.146068 0.027405 9.99482E-005 9.99482E-005 9.99482E-005 0.0822729 9.99482E-005 9.99482E-005
9.9946E-005 0.665615 0.0574284 9.9946E-005 0.104055 9.9946E-005 9.9946E-005 0.172301 9.9946E-005 9.9946E-005
0.369812 9.9964E-005 0.0728197 0.048928 0.0861873 9.9964E-005 0.111622 9.9964E-005 0.310231 9.9964E-005
0.372018 0.0227219 0.254285 0.062959 9.9973E-005 9.9973E-005 0.0622359 0.133986 0.0914944 9.9973E-005
0.482677 0.0110804 0.198665 0.10459 0.021341 0.0169419 0.0642897 0.009472 0.0685967 0.0223468
0.0404727 0.762957 9.9973E-005 0.0603458 0.0299317 9.9973E-005 0.0150542 9.9973E-005 0.00604217 0.0848963
0.534911 9.9982E-005 0.133142 9.9982E-005 0.103805 0.0327902 0.0270217 0.0168984 0.105092 0.0461388
0.105216 0.382076 0.143319 0.0342619 0.131643 0.0106984 0.0449291 0.0315436 0.116213 9.9991E-005
0.388577 9.9964E-005 0.189671 0.0687037 0.109994 0.193202 9.9964E-005 0.0494523 9.9964E-005 9.9964E-005
9.99371E-005 0.732108 9.99371E-005 9.99371E-005 9.99371E-005 0.0395113 9.99371E-005 9.99371E-005 0.227681 9.99371E-005
0.363251 0.132195 0.0365505 0.0272849 0.128481 0.0660511 0.0420018 9.9991E-005 0.0707353 0.133348
0.644869 0.032634 9.9964E-005 9.9964E-005 0.0576179 0.0946055 9.9964E-005 9.9964E-005 0.0511156 0.118758
0.620971 9.9973E-005 0.198577 0.00336237 9.9973E-005 0.0551551 0.0317729 9.9973E-005 0.0706283 0.0192341
0.358346 9.9964E-005 0.220674 9.9964E-005 0.0893303 0.00211816 9.9964E-005 0.0455773 0.283554 9.9964E-005
0.0130268 0.672122 0.193082 0.0212482 9.9964E-005 9.9964E-005 0.0595817 0.0405402 9.9964E-005 9.9964E-005
0.296097 0.201497 0.307937 9.9973E-005 0.0722717 0.00352178 0.0548138 9.9973E-005 9.9973E-005 0.0635614
0.195179 0.376742 9.9973E-005 0.0177945 0.143571 0.152399 0.0159811 9.9973E-005 9.9973E-005 0.0980338
0.533482 9.9973E-005 0.0839219 0.0453114 0.110184 0.0234204 0.137182 0.0661989 9.9973E-005 9.9973E-005
0.0842538 0.708766 9.9955E-005 9.9955E-005 0.0430264 0.102244 9.9955E-005 9.9955E-005 9.9955E-005 0.0612101
0.21812 0.151485 0.0734386 0.0407825 0.0174517 0.0117428 9.9991E-005 0.0465 0.297792 0.142588
0.0171208 0.301154 0.2505 9.9973E-005 0.0666867 9.9973E-005 0.00579867 0.00297442 0.355466 9.9973E-005
0.539235 0.0454515 0.0545643 9.9973E-005 0.105137 0.0820315 9.9973E-005 9.9973E-005 0.0151363 0.158145
9.9964E-005 0.151098 0.353094 9.9964E-005 0.0116855 0.0716758 9.9964E-005 9.9964E-005 0.410982 0.00106472
0.215531 0.55044 0.0209392 0.0299256 0.0953639 9.9982E-005 0.0292785 0.0363436 0.0219779 9.9982E-005
0.384234 9.9973E-005 0.201733 0.100965 0.159064 0.0210216 0.0653736 0.0673082 9.9973E-005 9.9973E-005
0.376008 9.9964E-005 0.288999 0.000788935 0.0545887 9.9964E-005 0.178288 9.9964E-005 0.100928 9.9964E-005
0.321863 9.9973E-005 0.129226 0.0875432 0.00398312 0.0535443 0.0553112 9.9973E-005 0.348229 9.9973E-005
0.432556 0.00258035 0.0561644 0.0185903 9.9982E-005 0.059579 9.9982E-005 0.109284 0.303813 0.0172325
0.250855 0.39303 9.9964E-005 9.9964E-005 0.180719 0.0884925 0.0798878 9.9964E-005 0.00661496 9.9964E-005
0.484666 0.0401826 0.101967 9.9973E-005 0.0128313 0.0100417 9.9973E-005 0.0953633 0.254649 9.9973E-005
0.435086 9.9973E-005 0.148327 0.00264606 9.9973E-005 0.00604863 0.0663854 9.9973E-005 0.192972 0.148235
0.592954 9.9982E-005 0.135661 0.0503171 0.0587317 0.00857316 0.0197943 9.9982E-005 0.00491523 0.128854
0.0505118 0.430485 0.296005 9.9964E-005 0.0960218 0.0121945 0.114383 9.9964E-005 9.9964E-005 9.9964E-005
0.201975 0.204026 0.218798 9.9973E-005 0.0665959 0.113117 0.0200946 9.9973E-005 0.175093 9.9973E-005
0.56166 9.9955E-005 9.9955E-005 0.0572464 9.9955E-005 0.0541809 0.0310993 9.9955E-005 0.295314 9.9955E-005
9.9982E-005 0.0660193 0.182661 0.09271 0.166496 0.0532277 0.0292186 0.0250576 0.38441 9.9982E-005
0.263899 0.164693 9.9964E-005 9.9964E-005 0.0848542 0.0356191 0.145319 9.9964E-005 0.305216 9.9964E-005
0.17328 9.9982E-005 0.315947 0.0134873 0.023826 0.100783 0.0786303 0.00676252 0.287084 9.9982E-005
0.164285 0.335602 0.0769361 9.9982E-005 0.163144 0.0601196 0.0804933 9.9982E-005 0.0594413 0.0597789
0.339174 0.06836 0.0280263 0.0341621 0.262218 0.066086 9.9982E-005 0.0486524 0.153121 9.9982E-005
0.218356 0.406783 0.19976 0.0265886 0.0584109 0.0616055 0.0150082 0.0132874 9.9982E-005 9.9982E-005
0.494442 9.9964E-005 0.120331 9.9964E-005 9.9964E-005 0.03501 0.138784 0.0119466 0.199087 9.9964E-005
0.597217 9.9982E-005 0.128225 0.0101239 0.0108016 0.213303 0.00185382 0.0379362 0.000339127 9.9982E-005
0.677023 0.000624143 0.0851468 0.0335904 9.9973E-005 0.0546862 9.9973E-005 0.135052 0.0135778 9.9973E-005
0.624867 9.9982E-005 0.20938 0.00899825 0.0030495 0.0486106 0.0330089 0.0699068 0.00197849 9.9982E-005
0.437798 9.9991E-005 0.029942 0.0178391 0.143053 0.0799904 0.106622 0.0350347 0.123361 0.0262594
0.45453 9.9973E-005 0.17052 0.0517312 0.0591074 0.0442491 9.9973E-005 0.138274 0.0812882 9.9973E-005
0.237709 0.27449 0.123838 9.9964E-005 0.102792 0.00559243 9.9964E-005 9.9964E-005 0.255178 9.9964E-005
0.0775838 0.0111548 0.347237 9.9964E-005 0.068621 0.0649947 9.9964E-005 9.9964E-005 0.430009 9.9964E-005
0.45814 9.9955E-005 0.330001 0.0247058 9.9955E-005 0.0574478 9.9955E-005 9.9955E-005 0.129205 9.9955E-005
0.591278 0.0475061 0.118378 0.00113961 0.0156897 9.9973E-005 0.108861 9.9973E-005 0.116848 9.9973E-005
0.205993 0.0617578 0.185114 9.9973E-005 0.13852 0.0348367 0.0821281 9.9973E-005 0.29135 9.9973E-005
0.0979379 0.329183 9.9973E-005 9.9973E-005 0.127603 9.9973E-005 0.0109946 0.00712279 0.325591 0.101268
0.25881 9.9982E-005 0.11588 0.0590934 0.168194 0.11007 9.9982E-005 0.0162574 0.211667 0.0598276
0.355912 0.0194029 0.216889 0.0193032 9.9982E-005 0.165462 0.125559 9.9982E-005 0.0712776 0.0259941
9.9928E-005 0.67482 0.324381 9.9928E-005 9.9928E-005 9.9928E-005 9.9928E-005 9.9928E-005 9.9928E-005 9.9928E-005
0.152542 0.606702 0.104457 9.9982E-005 0.00852418 0.0380191 0.0321193 9.9982E-005 0.0469633 0.0104727
0.207308 0.0438943 0.396137 0.0227273 0.0371713 0.128277 0.0860732 9.9982E-005 0.0782112 9.9982E-005
0.330491 9.9964E-005 0.172097 0.0334496 9.9964E-005 0.0725494 9.9964E-005 0.151754 9.9964E-005 0.239259
0.0198375 0.0429042 9.9982E-005 0.0982391 0.0294828 9.9982E-005 0.235006 0.139949 0.105507 0.328874
0.0884777 0.0445129 0.0879838 0.0128214 9.9991E-005 0.0466814 0.101389 0.0452731 0.224992 0.347769
0.474144 0.000175684 0.207235 0.00158945 9.9973E-005 0.154659 9.9973E-005 0.123529 9.9973E-005 0.038369
0.20803 9.9964E-005 9.9964E-005 0.054006 9.9964E-005 9.9964E-005 0.0496497 0.531184 0.0909244 0.0658062
0.08312 0.0105205 0.219408 0.0170951 9.9991E-005 0.0941162 0.0427515 0.277306 0.0254861 0.230096
0.265949 0.0159599 9.9973E-005 9.9973E-005 0.0335651 0.0394364 0.0185995 0.169971 9.9973E-005 0.456219
0.104493 0.0289373 0.0735784 0.0234464 9.9991E-005 0.171755 0.089042 0.156003 0.0502745 0.302371
0.0904293 0.0415742 0.0117263 0.00871441 9.9991E-005 0.0699694 0.0627558 0.297081 0.275259 0.142391
0.115649 9.9982E-005 0.322361 0.0231958 9.9982E-005 0.120689 0.0169692 0.137805 0.0926815 0.17045
0.276891 9.9973E-005 0.229055 0.0140959 0.112119 9.9973E-005 0.0893172 9.9973E-005 0.0389777 0.239245
0.235384 0.012519 0.0617455 0.098209 9.9982E-005 9.9982E-005 0.0289739 0.460065 0.0304232 0.0724805
0.420916 9.9991E-005 0.0527882 0.017592 0.00117567 0.037806 0.0286159 0.0978743 0.212199 0.130933
0.0909134 9.9991E-005 0.0662698 0.107689 0.0291442 0.226745 0.0301031 0.0965738 0.241698 0.110765
0.0468948 9.9982E-005 0.246347 0.0798291 9.9982E-005 0.0589827 0.00485735 0.309684 0.0690609 0.184145
9.9973E-005 0.0470986 0.0572014 0.000674745 9.9973E-005 9.9973E-005 0.048152 0.0644474 0.185339 0.596787
0.363717 0.00153018 0.0583426 9.9982E-005 0.0294566 0.0890973 0.0362466 0.324921 9.9982E-005 0.0964886
0.217689 0.0236996 0.152625 0.00116201 0.0299919 0.0266685 0.115617 0.238964 9.9991E-005 0.193483
9.9964E-005 0.691918 9.9964E-005 0.0297389 0.138972 0.0312329 0.0950041 9.9964E-005 9.9964E-005 0.012734
0.256957 0.00111589 0.108845 9.9991E-005 0.0708979 0.184672 0.0124387 0.0978507 0.0423974 0.224726
0.195217 0.00427587 0.0314488 9.9991E-005 0.0690939 0.0643643 0.0510807 0.20183 0.105347 0.277242
