0.0500224 0.024985 0.0339186 0.190218 0.00686266 0.136799 9.9982E-005 0.0992571 0.457737 9.9982E-005
9.9964E-005 0.0832347 9.9964E-005 0.234624 9.9964E-005 0.120469 9.9964E-005 0.216537 0.327389 0.017346
9.999E-005 0.058872 0.266115 0.32681 0.0109485 0.0464066 0.00905765 0.0634563 0.202652 0.0155831
9.9973E-005 0.05771 0.0710921 0.26745 9.9973E-005 0.0392263 0.0722166 0.06951 0.422495 9.9973E-005
9.9982E-005 0.11184 0.0940549 0.176695 9.9982E-005 0.0361032 0.0123466 0.0302379 0.515092 0.0234308
0.0246463 9.9955E-005 0.013136 0.298772 9.9955E-005 0.0280516 0.634894 9.9955E-005 9.9955E-005 9.9955E-005
0.0340106 0.0232163 9.9973E-005 0.191139 9.9973E-005 0.1349 9.9973E-005 0.0576984 0.52021 0.0385264
9.9955E-005 9.9955E-005 0.102744 0.0383492 0.0438974 0.0012409 0.813268 9.9955E-005 9.9955E-005 9.9955E-005
9.9973E-005 9.9973E-005 0.25026 0.148577 0.0903334 0.0423882 9.9973E-005 0.0190516 0.37387 0.0752201
9.996E-005 0.077512 0.27311 0.176707 0.0473427 9.996E-005 9.996E-005 0.114701 0.310228 9.996E-005
9.9955E-005 0.0134961 0.311405 0.17774 9.9955E-005 9.9955E-005 9.9955E-005 0.132624 0.364235 9.9955E-005
9.9982E-005 9.9982E-005 0.194008 0.236604 0.0182791 0.0638448 0.0931382 0.153375 0.227828 0.0127228
9.9964E-005 9.9964E-005 0.355057 0.00316989 0.0140201 9.9964E-005 9.9964E-005 0.146258 0.388165 0.0929299
9.9982E-005 0.0452907 0.109262 0.294708 0.00874573 0.0266419 9.9982E-005 0.00337547 0.430674 0.0811035
9.9955E-005 9.9955E-005 0.129031 0.171712 0.0138403 9.9955E-005 0.573989 0.110928 9.9955E-005 9.9955E-005
9.9973E-005 0.0136464 0.434491 0.197986 0.0734624 0.0408328 9.9973E-005 9.9973E-005 0.147903 0.0913787
9.9955E-005 9.9955E-005 0.0884238 0.572928 9.9955E-005 0.209172 0.00834416 9.9955E-005 0.120633 9.9955E-005
0.111668 0.16852 9.9946E-005 9.9946E-005 9.9946E-005 9.9946E-005 9.9946E-005 9.9946E-005 0.68757 0.0316419
9.9973E-005 9.9973E-005 0.338002 0.0914598 0.0127005 0.136778 9.9973E-005 0.0306695 0.348522 0.0415686
9.9964E-005 0.00633513 9.9964E-005 0.141934 0.0330754 0.0601989 9.9964E-005 0.101578 0.656478 9.9964E-005
9.9964E-005 0.0228062 0.186237 9.9964E-005 9.9964E-005 0.0233946 9.9964E-005 0.00799673 0.7177 0.0414659
9.9982E-005 0.0728503 0.06847 0.144917 0.0351499 0.147274 0.0946109 9.9982E-005 0.411065 0.0254637
9.9946E-005 9.9946E-005 9.9946E-005 0.224248 9.9946E-005 0.156287 9.9946E-005 0.17512 0.443745 9.9946E-005
9.9955E-005 9.9955E-005 0.148275 0.175602 0.0370954 9.9955E-005 0.523905 0.114622 9.9955E-005 9.9955E-005
0.0585074 0.190884 0.10201 0.0440717 0.0205651 9.9973E-005 9.9973E-005 9.9973E-005 0.54632 0.037342
9.9964E-005 0.0461295 0.121543 0.205515 9.9964E-005 0.051314 0.532097 9.9964E-005 9.9964E-005 0.0430006
9.9973E-005 0.0765581 0.20285 0.290164 0.0103381 9.9973E-005 0.350677 9.9973E-005 0.0204305 0.0486828
9.9973E-005 0.0166059 9.9973E-005 0.0366151 9.9973E-005 0.0316078 0.333517 0.00313075 0.565033 0.0131904
0.0397349 0.0137702 0.01129 0.324938 9.9964E-005 9.9964E-005 0.574328 9.9964E-005 9.9964E-005 0.0355398
9.9946E-005 0.0193543 9.9946E-005 0.203435 9.9946E-005 9.9946E-005 0.115436 9.9946E-005 0.661175 9.9946E-005
9.9973E-005 9.9973E-005 0.151414 0.162258 9.9973E-005 0.143253 0.363685 0.0440404 0.110531 0.0245176
0.0265012 0.0828943 0.13213 0.124608 9.9973E-005 9.9973E-005 9.9973E-005 0.0271441 0.538349 0.0680732
9.9973E-005 9.9973E-005 0.234166 0.239609 0.0734336 9.9973E-005 0.154071 0.0589755 0.210344 0.0291007
9.9946E-005 9.9946E-005 9.9946E-005 0.137198 9.9946E-005 0.0194718 0.767775 9.9946E-005 0.0749559 9.9946E-005
0.105999 9.9955E-005 9.9955E-005 9.9955E-005 0.018408 9.9955E-005 0.785419 0.049786 9.9955E-005 0.0398886
9.9982E-005 0.0355539 0.207929 0.0991834 0.021545 0.124236 0.0772506 9.9982E-005 0.419418 0.0146828
9.9973E-005 0.0545102 0.019679 0.177134 9.9973E-005 9.9973E-005 0.0698725 0.0716993 0.505452 0.101352
9.9973E-005 0.104297 0.214659 0.0111677 9.9973E-005 0.0441735 9.9973E-005 0.0764855 0.446955 0.101962
9.9973E-005 0.145366 9.9973E-005 0.0548916 0.0445636 0.00408157 0.716989 0.00215559 0.0316523 9.9973E-005
9.9964E-005 0.0796072 0.173555 0.30344 9.9964E-005 0.126496 0.294184 9.9964E-005 0.0223184 9.9964E-005
0.0460539 9.9973E-005 0.275799 0.192428 9.9973E-005 9.9973E-005 0.183731 0.0933309 0.122012 0.0863457
9.9955E-005 9.9955E-005 0.277269 0.370078 9.9955E-005 9.9955E-005 9.9955E-005 0.00650751 0.276056 0.0695891
9.999E-005 0.0762005 0.0958779 0.100293 0.0368063 0.128194 0.110521 0.0114433 0.413667 0.0268967
9.9973E-005 0.0881163 0.209451 9.9973E-005 0.00139753 0.0539101 0.520769 9.9973E-005 0.0650968 0.0609596
0.116754 0.0259834 0.354997 0.139943 0.0338562 9.998E-005 9.998E-005 0.0202209 0.266669 0.0413772
9.9973E-005 0.108287 0.207431 9.9973E-005 0.069026 0.0189345 9.9973E-005 0.233588 0.287686 0.0747473
9.999E-005 0.125931 0.0129405 0.158194 0.0188034 0.0857249 0.0500742 0.0754123 0.464429 0.0083914
0.0357094 0.0202341 0.17168 0.582136 0.0189964 0.0254501 9.9973E-005 9.9973E-005 0.145494 9.9973E-005
9.9964E-005 0.166805 0.465678 0.0607057 9.9964E-005 9.9964E-005 9.9964E-005 0.105786 0.107766 0.0928592
9.9955E-005 0.0567233 0.272282 0.304969 9.9955E-005 9.9955E-005 0.320797 9.9955E-005 9.9955E-005 0.0447286
0.0355759 0.0140101 0.246302 0.0913474 0.0177951 0.0693622 9.9982E-005 0.0337638 0.491644 9.9982E-005
0.0647273 9.9973E-005 0.103677 0.352318 0.0212098 9.9973E-005 0.312541 0.127004 0.0182223 9.9973E-005
9.999E-005 0.0557797 0.32341 0.0367016 0.0793213 0.0211949 0.0323312 0.181428 0.244399 0.0253336
9.9946E-005 0.0647245 0.0536251 0.0397495 9.9946E-005 9.9946E-005 0.841301 9.9946E-005 9.9946E-005 9.9946E-005
9.9973E-005 9.9973E-005 0.202725 0.355168 0.0754334 9.9973E-005 0.254043 0.00573695 0.0295525 0.0770417
9.9973E-005 9.9973E-005 0.188123 0.0375708 0.0579544 0.0938977 9.9973E-005 0.0100026 0.565293 0.0468592
9.9964E-005 9.9964E-005 0.174742 9.9964E-005 0.0589707 0.0686573 0.0016572 0.0352487 0.660324 9.9964E-005
9.9982E-005 0.00559407 9.9982E-005 0.18996 0.0134718 0.122853 0.10246 0.0470391 0.454364 0.0640578
9.999E-005 0.0344984 0.073894 0.432047 0.0182779 0.0390392 0.157945 0.0747908 0.117335 0.052073
9.9955E-005 9.9955E-005 0.0738966 0.149972 9.9955E-005 9.9955E-005 0.285754 9.9955E-005 0.486649 0.00322856
0.0347804 9.9955E-005 9.9955E-005 0.157217 9.9955E-005 0.00100185 0.696308 9.9955E-005 9.9955E-005 0.110193
9.9928E-005 9.9928E-005 9.9928E-005 0.302712 9.9928E-005 9.9928E-005 0.696489 9.9928E-005 9.9928E-005 9.9928E-005
0.0665279 9.9964E-005 0.170185 0.0848241 9.9964E-005 9.9964E-005 0.0284058 9.9964E-005 0.515032 0.134625
9.99371E-005 9.99371E-005 9.99371E-005 0.103414 9.99371E-005 9.99371E-005 0.830386 9.99371E-005 9.99371E-005 0.0655002
9.9982E-005 0.0586941 0.259147 0.276014 0.0312522 0.151456 9.9982E-005 0.00966534 0.174217 0.0393545
0.00940722 0.0353851 0.0263631 0.0974698 9.9973E-005 9.9973E-005 0.76422 0.0286009 9.9973E-005 0.0382543
9.9964E-005 9.9964E-005 0.0857139 9.9964E-005 0.0151151 0.00655835 9.9964E-005 0.164408 0.609213 0.118591
9.9973E-005 9.9973E-005 0.401994 0.101219 9.9973E-005 0.0695857 0.0983852 0.231122 0.095469 0.00192517
9.9973E-005 9.9973E-005 0.286641 0.0677495 0.0361301 0.102581 9.9973E-005 0.0996929 0.373237 0.0336691
0.00292379 9.9964E-005 0.0329644 0.411898 9.9964E-005 0.000957797 0.521008 9.9964E-005 9.9964E-005 0.0298489
9.9964E-005 9.9964E-005 9.9964E-005 0.117867 0.112728 0.0608894 9.9964E-005 0.311983 0.324564 0.0715682
9.9982E-005 0.148728 0.239868 9.9982E-005 0.0567778 0.0611104 0.0178557 0.0299043 0.365076 0.08048
9.9982E-005 0.00450103 0.254804 0.0355185 0.0341557 0.0624964 0.267253 0.0880333 0.253038 9.9982E-005
9.9973E-005 9.9973E-005 0.093926 0.251878 0.0107381 0.0654116 9.9973E-005 0.170526 0.379039 0.0281819
9.9982E-005 0.0269665 0.323052 0.0382084 9.9982E-005 0.0932825 0.0251174 0.153844 0.300316 0.0390133
9.9964E-005 9.9964E-005 9.9964E-005 0.118604 0.0271573 9.9964E-005 0.269413 0.0958245 0.407933 0.0806684
9.9973E-005 0.0935084 0.199036 0.182235 0.0152657 9.9973E-005 0.000819373 0.0503429 0.458493 9.9973E-005
9.9973E-005 0.247179 9.9973E-005 0.483278 0.0445698 9.9973E-005 0.0598075 0.0637873 0.0401188 0.0609603
9.9982E-005 0.0277723 0.350209 0.128794 9.9982E-005 0.0499779 0.116545 0.0556562 0.244625 0.0262211
9.9982E-005 0.0299408 0.0887127 0.169476 0.00301726 0.0372371 9.9982E-005 0.0809148 0.49706 0.0934414
9.9973E-005 0.094922 0.293023 0.00359738 0.0414898 0.122532 9.9973E-005 0.236333 0.207803 9.9973E-005
9.9973E-005 0.0585161 0.147028 0.22717 0.10625 9.9973E-005 9.9973E-005 0.0194708 0.335369 0.105896
9.9982E-005 9.9982E-005 0.0786554 0.0842041 0.0284507 0.0589966 0.0537766 0.184901 0.460298 0.0505172
9.9946E-005 0.0162834 9.9946E-005 0.16912 9.9946E-005 9.9946E-005 9.9946E-005 0.259517 0.554479 9.9946E-005
9.9955E-005 0.0767833 0.37776 0.0944872 9.9955E-005 9.9955E-005 9.9955E-005 0.0376383 0.412831 9.9955E-005
9.9982E-005 9.9982E-005 0.438615 0.132506 0.0687908 0.0427847 0.0603783 0.150134 0.0386078 0.0679842
9.9982E-005 0.0816079 0.414789 0.118458 0.0108751 9.9982E-005 0.220037 0.0154859 0.13394 0.00460694
9.9973E-005 0.00337938 0.0944338 0.453229 0.0721819 9.9973E-005 0.155099 0.053697 0.167679 9.9973E-005
9.99551E-005 9.99551E-005 9.99551E-005 0.110618 9.99551E-005 0.0620433 0.726984 0.00448642 9.99551E-005 0.0953689
0.0159926 0.116699 0.0868514 0.342725 0.0502306 9.9982E-005 0.155305 9.9982E-005 0.205881 0.0261156
0.000609309 0.0600558 0.369442 0.0954407 0.0163475 9.9991E-005 0.0113656 0.226385 0.161776 0.0584787
9.9964E-005 0.0909719 0.124633 0.379726 9.9964E-005 9.9964E-005 0.358844 0.0122695 9.9964E-005 0.0331558
9.9982E-005 9.9982E-005 0.227701 0.165656 0.015197 0.0648373 0.00309313 0.104261 0.407319 0.0117352
9.9964E-005 9.9964E-005 0.0306615 0.100754 0.0124908 9.9964E-005 0.255521 0.0222132 0.577959 9.9964E-005
9.9964E-005 9.9964E-005 0.0215624 0.429103 9.9964E-005 0.137711 0.349108 0.00642637 0.0556901 9.9964E-005
9.9937E-005 9.9937E-005 9.9937E-005 9.9937E-005 0.0327223 0.180947 0.785631 9.9937E-005 9.9937E-005 9.9937E-005
9.9982E-005 0.0838474 0.184365 0.080143 9.9982E-005 0.0311689 0.0599036 0.113189 0.437137 0.010046
9.9982E-005 9.9982E-005 0.0934766 0.536697 0.0564891 0.00824258 0.000267835 0.0798412 0.164488 0.060298
9.9973E-005 0.11747 0.135902 9.9973E-005 0.0163992 0.110668 0.110789 0.195163 0.313308 9.9973E-005
9.9964E-005 9.9964E-005 0.0995284 0.19203 9.9964E-005 0.0805201 0.157983 9.9964E-005 0.456111 0.0134273
9.9973E-005 9.9973E-005 0.0321851 0.420519 0.0238045 0.0662299 0.305125 0.0711702 9.9973E-005 0.0806661
9.9973E-005 0.0749286 0.0780898 0.187616 9.9973E-005 0.0381244 0.0714407 0.0964666 0.453034 9.9973E-005
9.9964E-005 0.183112 0.0555888 0.152803 9.9964E-005 9.9964E-005 9.9964E-005 0.115041 0.445004 0.0480501
9.9964E-005 0.122701 0.0380013 0.206503 9.9964E-005 0.108669 9.9964E-005 0.105752 0.417974 9.9964E-005
0.0399515 0.0196986 0.189356 0.0904831 0.0600096 0.0828585 0.00441259 0.0738994 0.396015 0.0433163
9.9946E-005 9.9946E-005 0.169281 9.9946E-005 0.0152589 9.9946E-005 0.707161 0.107699 9.9946E-005 9.9946E-005
9.9964E-005 0.0117795 9.9964E-005 0.38207 0.0216968 0.169641 0.316962 0.0974518 9.9964E-005 9.9964E-005
9.9973E-005 9.9973E-005 0.0562649 0.165839 0.0658589 0.0465653 0.00200166 0.139046 0.524125 9.9973E-005
9.9955E-005 9.9955E-005 9.9955E-005 0.283197 0.078879 9.9955E-005 9.9955E-005 0.172455 0.376682 0.0882874
9.9955E-005 9.9955E-005 0.171417 0.199907 9.9955E-005 0.0195589 9.9955E-005 0.102906 0.505711 9.9955E-005
9.9964E-005 0.00674719 0.383635 0.215991 9.9964E-005 9.9964E-005 0.361479 9.9964E-005 0.0108798 0.0208676
9.99371E-005 9.99371E-005 9.99371E-005 0.128087 9.99371E-005 0.079483 0.791731 9.99371E-005 9.99371E-005 9.99371E-005
9.9964E-005 9.9964E-005 9.9964E-005 0.354423 9.9964E-005 0.028702 0.326324 0.028437 0.230896 0.0308179
9.9955E-005 9.9955E-005 0.288169 9.9955E-005 9.9955E-005 0.0851479 9.9955E-005 0.00917168 0.601513 0.0154991
9.9982E-005 0.0554649 0.0599742 0.203953 9.9982E-005 0.100887 0.0238344 0.0558404 0.445337 0.0545087
0.0289152 0.00780519 0.171263 9.9991E-005 0.0560567 0.0814862 0.0130136 0.194858 0.438463 0.00803891
9.9973E-005 9.9973E-005 0.0664163 0.227499 0.0778884 0.0646472 9.9973E-005 0.0866326 0.472981 0.00363589
0.0361794 9.9955E-005 9.9955E-005 0.0850184 0.0289548 9.9955E-005 0.796833 9.9955E-005 9.9955E-005 0.0525147
0.00192627 0.00467525 0.0519913 9.9982E-005 0.017645 0.122976 0.0152226 9.9982E-005 0.741327 0.0440369
9.9964E-005 0.151195 0.0917229 0.159022 0.084316 9.9964E-005 9.9964E-005 0.0975744 0.415771 9.9964E-005
9.9964E-005 0.0336033 0.0475207 9.9964E-005 9.9964E-005 9.9964E-005 0.147557 0.0808286 0.59041 0.0996801
9.9955E-005 9.9955E-005 9.9955E-005 0.300335 9.9955E-005 0.105102 0.443785 9.9955E-005 0.11345 0.0368275
0.0204074 0.0727301 0.241312 0.254725 9.9964E-005 9.9964E-005 9.9964E-005 9.9964E-005 0.387983 0.0224422
0.0890644 9.9955E-005 0.225319 0.234447 9.9955E-005 9.9955E-005 9.9955E-005 0.106398 0.344272 9.9955E-005
0.0102372 0.09894 0.119561 0.0532978 0.0528787 0.0204958 9.9991E-005 0.117115 0.507923 0.0194515
9.9973E-005 9.9973E-005 0.239723 0.103686 9.9973E-005 0.0505722 0.0340968 0.150708 0.417396 0.00351753
9.9964E-005 9.9964E-005 9.9964E-005 0.0764753 9.9964E-005 0.0876877 0.532364 0.0151988 0.203757 0.0841177
0.0406883 9.9955E-005 9.9955E-005 0.191441 0.00112621 9.9955E-005 0.751496 0.0147483 9.9955E-005 9.9955E-005
9.9982E-005 0.067233 0.281221 0.231757 0.0610471 0.0112726 9.9982E-005 0.131838 0.17841 0.0370214
9.9991E-005 0.180696 0.111489 0.0631183 0.0265071 0.137332 0.00623019 0.0788859 0.360251 0.0353904
9.9973E-005 0.0959984 0.366259 0.0613731 9.9973E-005 0.029739 9.9973E-005 0.000292001 0.402839 0.0431994
0.0783796 0.045261 0.544373 0.0610174 0.00719063 9.9973E-005 9.9973E-005 9.9973E-005 0.22509 0.0383884
9.9973E-005 9.9973E-005 0.0115152 0.305201 0.10585 9.9973E-005 0.305587 0.0557857 0.19909 0.0166716
0.210007 9.9964E-005 0.100825 0.349285 0.00909059 9.9964E-005 9.9964E-005 0.0662926 0.2641 9.9964E-005
9.9973E-005 0.0467926 0.0856614 0.117246 9.9973E-005 0.0458367 0.144017 0.0187105 0.541436 9.9973E-005
9.99201E-005 9.99201E-005 9.99201E-005 9.99201E-005 9.99201E-005 9.99201E-005 9.99201E-005 0.999101 9.99201E-005 9.99201E-005
0.00233242 9.9973E-005 9.9973E-005 0.0979122 0.0631753 0.166436 0.495658 0.043384 0.130802 9.9973E-005
0.0953663 9.9973E-005 0.288653 0.11065 0.0181726 9.9973E-005 0.254377 9.9973E-005 0.198291 0.034191
9.99279E-005 9.99279E-005 9.99279E-005 9.99279E-005 9.99279E-005 9.99279E-005 0.0763425 0.922858 9.99279E-005 9.99279E-005
9.9973E-005 0.11881 9.9973E-005 0.1666 0.0615504 0.0977439 0.518259 0.0247981 9.9973E-005 0.011938
9.9946E-005 9.9946E-005 0.206244 0.343013 9.9946E-005 9.9946E-005 0.0972386 9.9946E-005 0.352905 9.9946E-005
9.9982E-005 0.025744 0.115682 0.0965329 0.000298154 0.28116 0.348541 0.0323316 0.0995096 9.9982E-005
9.9973E-005 0.00344626 0.268708 0.145431 0.00900487 9.9973E-005 0.156161 9.9973E-005 0.254096 0.162852
9.9973E-005 0.111361 0.151722 0.470913 0.0318063 9.9973E-005 0.0958717 0.00521442 9.9973E-005 0.132812
9.9955E-005 9.9955E-005 0.0322132 0.311196 9.9955E-005 0.0843798 0.556848 9.9955E-005 9.9955E-005 0.0148638
9.9991E-005 0.00992001 0.121839 0.0988618 0.0508824 0.05671 0.249805 0.0721762 0.27691 0.0627954
9.9982E-005 0.118956 0.159204 0.475114 0.0105443 0.0743248 0.0536121 0.078943 0.0291013 9.9982E-005
9.9982E-005 0.00715135 0.284982 0.151688 0.0452177 0.0852335 9.9982E-005 0.0840879 0.293586 0.0478542
9.9973E-005 0.114602 9.9973E-005 0.00827245 0.0205699 0.19175 9.9973E-005 0.167667 0.495812 0.00102689
0.0416893 0.0512399 0.452811 9.9973E-005 0.00186882 0.049102 9.9973E-005 0.115361 0.287628 9.9973E-005
0.0268859 0.0294742 0.314041 0.265999 0.0465123 9.9973E-005 9.9973E-005 9.9973E-005 0.28565 0.0311387
9.99905E-005 9.99905E-005 0.0434346 0.0205728 0.0311028 0.0225947 0.324443 0.029116 0.514749 0.0137871
9.9964E-005 9.9964E-005 0.139155 9.9964E-005 0.0520178 0.0738184 0.661586 9.9964E-005 0.0354784 0.0375447
0.103371 0.128947 9.9973E-005 0.279807 0.0491482 9.9973E-005 0.293179 9.9973E-005 0.0699469 0.0753003
9.9973E-005 0.225189 0.190012 0.190797 9.9973E-005 0.021668 9.9973E-005 0.110155 0.17145 0.0904283
0.00897445 0.00466081 0.522791 0.147958 9.9973E-005 9.9973E-005 9.9973E-005 0.0443318 0.182507 0.0884769
0.0293409 0.0365188 9.9955E-005 0.144701 9.9955E-005 9.9955E-005 0.773413 0.0155263 9.9955E-005 9.9955E-005
0.0426816 0.0883533 0.205131 0.029803 0.0258909 0.0070019 9.9991E-005 0.103618 0.464485 0.0329345
9.9982E-005 0.0568115 0.00845148 0.217547 0.0577216 0.151856 9.9982E-005 0.0713176 0.344942 0.0911527
9.9973E-005 0.104027 0.0592842 0.226998 9.9973E-005 0.121447 0.159176 9.9973E-005 0.278541 0.0502266
0.014092 0.16956 0.0834865 0.230027 0.0814721 0.0110237 9.9991E-005 0.026957 0.359348 0.0239335
0.043247 9.9991E-005 0.298418 0.29848 0.0722063 0.0461741 0.0489419 0.0209032 0.041122 0.130407
9.9973E-005 0.0959658 0.271871 0.213209 0.0128182 0.102965 9.9973E-005 0.196138 0.106733 9.9973E-005
9.9982E-005 0.129772 0.183922 0.121585 9.9982E-005 0.117124 0.00354255 0.175369 0.212076 0.0564084
9.9973E-005 0.060556 0.0909383 0.124058 0.0272579 9.9973E-005 9.9973E-005 0.16314 0.508193 0.0255572
0.0311797 0.0123993 0.0881767 9.9973E-005 0.00775553 0.0869603 9.9973E-005 0.115994 0.657234 9.9973E-005
9.9982E-005 0.0583822 0.603349 0.0922592 9.9982E-005 0.0248377 0.100091 0.015232 0.0156934 0.0899554
9.9982E-005 0.0352801 0.0357959 0.358936 0.0142699 0.0436221 0.408585 0.0917348 9.9982E-005 0.0115762
9.997E-005 0.0202336 0.361624 0.194427 9.997E-005 9.997E-005 0.19665 0.121714 0.0927996 0.0122514
0.0474477 0.102877 0.398946 0.275351 0.0185263 9.9982E-005 0.00861685 0.0435905 0.104445 9.9982E-005
9.9964E-005 9.9964E-005 0.292651 0.0429149 9.9964E-005 0.185935 0.117563 0.195333 0.165204 9.9964E-005
9.9964E-005 0.00261954 0.0219616 0.549315 9.9964E-005 0.0324994 9.9964E-005 9.9964E-005 0.318617 0.0745875
9.9946E-005 9.9946E-005 9.9946E-005 0.0142265 9.9946E-005 0.0739274 0.9074 9.9946E-005 0.00384634 9.9946E-005
0.00234679 9.9973E-005 0.616357 0.139295 0.0616939 9.9973E-005 0.041148 9.9973E-005 0.0920082 0.0468515
9.9955E-005 9.9955E-005 9.9955E-005 0.659343 0.0186714 9.9955E-005 0.178361 0.122354 9.9955E-005 0.0207719
0.031397 0.0276252 0.0309873 0.336655 9.9982E-005 0.146212 9.9982E-005 0.265205 0.126541 0.0351773
9.9973E-005 0.00223397 0.221616 0.348738 0.00939352 0.0812679 0.136997 9.9973E-005 0.199454 9.9973E-005
9.9973E-005 0.0120445 0.16955 0.261441 0.0407847 0.00953081 0.454895 9.9973E-005 9.9973E-005 0.0514542
9.9982E-005 0.0599506 0.0191761 0.155915 9.9982E-005 0.0405101 0.406476 0.00614101 0.276355 0.035276
9.9964E-005 9.9964E-005 9.9964E-005 0.141602 0.0092042 0.156098 0.490827 0.023076 0.178793 9.9964E-005
9.9955E-005 9.9955E-005 0.22332 0.291816 0.0222414 9.9955E-005 9.9955E-005 9.9955E-005 0.438561 0.0235627
9.9955E-005 0.11166 0.00977897 0.268613 9.9955E-005 9.9955E-005 0.607936 0.00151232 9.9955E-005 9.9955E-005
9.9973E-005 0.112489 0.132739 0.193275 9.9973E-005 0.0508403 0.330025 9.9973E-005 0.180199 0.000131625
9.9964E-005 0.0637938 0.315556 9.9964E-005 0.0386405 0.0550078 9.9964E-005 9.9964E-005 0.359652 0.16695
9.99281E-005 0.11089 9.99281E-005 9.99281E-005 9.99281E-005 9.99281E-005 0.88831 9.99281E-005 9.99281E-005 9.99281E-005
9.9955E-005 9.9955E-005 0.111244 0.426832 9.9955E-005 0.0323857 0.369624 9.9955E-005 9.9955E-005 0.0594143
9.9982E-005 0.0352513 0.0938975 0.431667 0.0262677 0.0047898 0.0256949 0.0820492 0.300183 9.9982E-005
9.9964E-005 9.9964E-005 0.0720422 0.314586 9.9964E-005 0.0699467 0.304779 9.9964E-005 0.216073 0.0221727
9.9973E-005 9.9973E-005 0.107691 0.112298 0.0662498 9.9973E-005 0.0876477 0.0742195 0.523386 0.0282087
0.0457918 0.0280347 0.213476 0.169467 0.0816438 0.0170489 9.9982E-005 9.9982E-005 0.443465 0.000872527
9.9982E-005 0.198507 0.0449012 0.0873638 0.0294903 0.0290674 0.239157 9.9982E-005 0.308214 0.0630995
9.9955E-005 9.9955E-005 0.139401 0.223016 9.9955E-005 0.049626 9.9955E-005 0.0040463 0.583411 9.9955E-005
9.9955E-005 9.9955E-005 0.296491 0.142067 9.9955E-005 9.9955E-005 9.9955E-005 0.00477366 0.547151 0.00901724
0.0475616 9.9982E-005 0.347512 9.9982E-005 0.0212885 0.0919269 0.0279469 0.0532147 0.401889 0.00846048
0.0211513 0.048352 0.0158198 0.38082 0.113232 0.117242 0.17149 0.120385 9.9991E-005 0.0114082
9.9955E-005 0.0128342 9.9955E-005 9.9955E-005 0.0216588 9.9955E-005 0.281356 0.055765 0.627886 9.9955E-005
0.0675736 0.126228 0.0565539 0.0232575 9.9982E-005 0.123809 9.9982E-005 0.0223107 0.542335 0.0377327
0.0397486 9.9982E-005 0.0149406 0.167291 0.0607163 9.9982E-005 0.104234 0.0841034 0.523504 0.00526171
0.098576 9.9982E-005 0.212747 0.204186 0.00801294 0.077263 9.9982E-005 0.267732 0.0886324 0.0426501
0.0264396 0.0929379 0.239357 0.222664 0.0565706 0.0141621 9.9982E-005 0.052491 0.295178 9.9982E-005
9.9982E-005 0.0928256 0.125462 0.101462 0.044786 9.9982E-005 0.264962 0.0389461 0.247615 0.0837411
0.0343221 9.9964E-005 0.0425276 0.174375 0.00692299 9.9964E-005 9.9964E-005 0.205647 0.535805 9.9964E-005
0.0064107 0.00673185 0.50774 0.15667 0.12046 9.9973E-005 9.9973E-005 0.019335 0.182352 9.9973E-005
0.0940816 0.201546 0.142954 0.147522 0.0136341 0.0566323 9.9991E-005 0.0501401 0.272812 0.0205778
0.226211 9.9973E-005 0.100666 0.0357581 9.9973E-005 0.0514702 9.9973E-005 0.201159 0.359232 0.0252045
9.9991E-005 0.0542775 0.0169303 0.263942 0.0303185 0.0534097 0.186661 0.238477 0.102244 0.0536388
0.0803666 9.9982E-005 0.0692843 0.00349509 0.0250288 0.0824883 0.0455614 0.0542688 0.639307 9.9982E-005
9.9973E-005 0.0152468 0.217609 0.559181 0.0244232 9.9973E-005 0.0341887 0.0963216 0.0527297 9.9973E-005
9.9982E-005 0.0466847 0.294987 0.00705733 0.013207 9.9982E-005 0.00203584 0.0547802 0.471416 0.109632
9.9955E-005 0.0629171 0.0440111 9.9955E-005 0.0195167 9.9955E-005 9.9955E-005 0.199993 0.673063 9.9955E-005
0.101846 9.9982E-005 0.161943 0.0858248 0.0741735 0.0139496 9.9982E-005 0.00285675 0.515069 0.044137
9.9982E-005 0.0227245 0.0334029 0.244784 9.9982E-005 0.193094 0.300195 0.0075997 0.183807 0.0141936
0.0336281 9.9973E-005 0.124377 0.444732 9.9973E-005 0.00966746 0.304118 0.0708851 0.012293 9.9973E-005
9.9964E-005 0.026927 9.9964E-005 9.9964E-005 0.00440115 0.00387889 9.9964E-005 0.0828637 0.845749 0.0357803
9.9964E-005 0.164543 0.199989 0.0159761 0.0819433 9.9964E-005 9.9964E-005 0.0828275 0.454322 9.9964E-005
9.9973E-005 0.0251476 0.219284 0.0250397 9.9973E-005 0.0684675 9.9973E-005 0.0822528 0.484631 0.0948771
0.0166974 0.0275107 0.372398 0.186781 0.00701426 0.0720142 9.9991E-005 0.055817 0.256305 0.00536174
9.9964E-005 9.9964E-005 0.0206571 0.429642 9.9964E-005 9.9964E-005 0.174323 0.17511 0.172987 0.0268822
9.9989E-005 0.0515401 0.44256 0.165829 0.00928867 0.0683413 0.164172 0.0779119 0.0201567 9.9989E-005
0.0614886 9.9973E-005 0.236208 0.215046 0.0266888 0.109781 9.9973E-005 0.209378 0.141109 9.9973E-005
9.9982E-005 0.0561235 9.9982E-005 0.200331 0.0410277 0.0219967 0.420919 0.130738 0.00892427 0.119739
9.9973E-005 9.9973E-005 0.075129 0.291471 0.0139929 0.0189143 0.104942 9.9973E-005 0.416287 0.0789631
0.0699786 9.9973E-005 0.0103581 0.45912 9.9973E-005 0.0664016 9.9973E-005 0.234498 0.118833 0.0405114
9.9973E-005 9.9973E-005 0.101426 0.122 0.0192949 0.079546 0.619188 0.00725324 9.9973E-005 0.0509916
0.0613497 0.00186644 0.457831 0.287615 0.0474655 9.9982E-005 9.9982E-005 0.0373317 0.0769504 0.0293901
9.9964E-005 0.086694 0.282587 0.1171 9.9964E-005 9.9964E-005 9.9964E-005 0.174607 0.273486 0.0651255
9.9964E-005 9.9964E-005 0.110626 0.17785 0.0289415 9.9964E-005 9.9964E-005 0.0213123 0.590653 0.0702181
9.9973E-005 0.0349828 0.306339 9.9973E-005 0.0379761 0.0597554 9.9973E-005 0.0590063 0.462855 0.0387862
0.0998156 9.9982E-005 0.0933083 0.420971 0.0508212 0.113768 9.9982E-005 0.0478159 0.162428 0.0108713
9.9964E-005 9.9964E-005 0.380643 0.182958 0.0339982 9.9964E-005 9.9964E-005 0.0706883 0.309004 0.0223082
9.9973E-005 0.0772901 0.11073 0.0218223 0.00204964 0.0476917 9.9973E-005 9.9973E-005 0.678799 0.0613173
9.9973E-005 0.0757668 0.135759 0.0457311 9.9973E-005 0.086312 9.9973E-005 0.0797174 0.561906 0.014507
9.9982E-005 0.0677397 0.325938 0.224231 0.0238177 9.9982E-005 0.102321 0.050346 0.0774977 0.127908
9.9973E-005 0.0163524 0.215337 0.0205727 0.00375282 0.0981959 9.9973E-005 0.135299 0.510191 9.9973E-005
9.9946E-005 0.193166 9.9946E-005 0.14139 9.9946E-005 9.9946E-005 9.9946E-005 0.25204 0.412805 9.9946E-005
9.99281E-005 9.99281E-005 0.516162 0.483039 9.99281E-005 9.99281E-005 9.99281E-005 9.99281E-005 9.99281E-005 9.99281E-005
9.9964E-005 0.0678595 0.226956 0.201719 9.9964E-005 0.167944 9.9964E-005 0.0875298 0.247591 9.9964E-005
9.9973E-005 9.9973E-005 0.216645 0.175854 0.0215091 0.0911969 9.9973E-005 0.127936 0.343307 0.0232516
9.9955E-005 9.9955E-005 9.9955E-005 0.221134 9.9955E-005 9.9955E-005 0.312558 0.0126491 0.357847 0.0953126
9.9964E-005 9.9964E-005 0.176353 0.245503 9.9964E-005 0.167821 0.214096 9.9964E-005 0.171723 0.0241052
9.9946E-005 0.0588976 0.223633 0.198136 9.9946E-005 9.9946E-005 9.9946E-005 9.9946E-005 0.518733 9.9946E-005
9.9964E-005 9.9964E-005 9.9964E-005 0.0773933 9.9964E-005 0.0250632 0.517271 0.0218669 0.280562 0.0774444
0.0132638 0.0606695 0.422207 0.167879 0.00253018 9.9982E-005 9.9982E-005 0.0541931 0.275141 0.00391617
9.9946E-005 9.9946E-005 9.9946E-005 0.339287 9.9946E-005 9.9946E-005 0.279122 0.0479806 0.33301 9.9946E-005
0.0515227 0.00123159 0.264158 9.9982E-005 0.0449156 0.00879396 0.0122219 0.0564206 0.560536 9.9982E-005
9.9955E-005 9.9955E-005 0.288046 0.44304 0.0191885 0.198145 9.9955E-005 0.0510804 9.9955E-005 9.9955E-005
0.0789504 9.9973E-005 9.9973E-005 0.467767 0.0177998 0.0698363 0.186255 9.9973E-005 0.178408 0.000683505
9.9973E-005 0.0446854 0.00668715 0.225127 0.091949 9.9973E-005 0.425783 0.145814 9.9973E-005 0.0596548
0.00246167 0.00688865 0.23739 0.162841 0.013699 9.9982E-005 0.0661463 9.9982E-005 0.455501 0.0548718
9.9964E-005 9.9964E-005 0.308696 0.117417 9.9964E-005 0.094221 9.9964E-005 0.0633622 0.378376 0.0375277
9.9964E-005 0.00449732 0.298261 0.0968202 9.9964E-005 9.9964E-005 0.30694 0.0243596 0.268723 9.9964E-005
9.9973E-005 0.117811 0.13119 0.133523 9.9973E-005 0.125726 0.00423529 0.159984 0.327232 9.9973E-005
0.05342 9.9964E-005 0.128188 0.206877 0.0584693 9.9964E-005 9.9964E-005 9.9964E-005 0.52444 0.0282058
9.9964E-005 0.000697256 9.9964E-005 0.0350424 0.0331621 0.0488988 0.793405 9.9964E-005 9.9964E-005 0.0883947
9.9964E-005 0.147444 0.0275917 0.277894 9.9964E-005 9.9964E-005 9.9964E-005 0.0876773 0.45089 0.00810379
9.9964E-005 9.9964E-005 0.0738537 0.261559 0.0429959 0.0766524 9.9964E-005 9.9964E-005 0.518391 0.0261486
9.9964E-005 0.0898656 0.20276 0.159339 9.9964E-005 0.0630612 9.9964E-005 9.9964E-005 0.425852 0.058722
9.9982E-005 0.166684 0.123653 0.180404 0.0277989 0.0767135 0.026518 0.00938835 0.38864 9.9982E-005
9.9955E-005 9.9955E-005 0.0401296 0.288663 9.9955E-005 0.071664 9.9955E-005 0.178265 0.420779 9.9955E-005
9.9973E-005 0.0298267 0.481975 0.0654768 0.0274001 9.9973E-005 9.9973E-005 0.0430256 0.337616 0.0143796
9.9973E-005 0.113421 9.9973E-005 0.228228 0.0138139 0.0639142 9.9973E-005 0.0284961 0.458744 0.0930831
9.9982E-005 0.0842018 0.171528 0.195972 0.0143729 0.0613448 0.110717 9.9982E-005 0.359095 0.0025688
9.9982E-005 0.0794145 0.0681407 0.143284 0.0449106 0.0335806 0.485119 0.107844 0.0375071 9.9982E-005
9.9955E-005 9.9955E-005 0.424674 0.115792 0.0346149 0.0140762 9.9955E-005 9.9955E-005 0.410344 9.9955E-005
9.9946E-005 9.9946E-005 0.0775502 9.9946E-005 9.9946E-005 0.0577339 9.9946E-005 0.137169 0.726947 9.9946E-005
9.9982E-005 9.9982E-005 0.253963 0.18082 0.0433436 0.189743 0.0873082 0.167744 0.0527809 0.0240972
9.9964E-005 0.0499822 9.9964E-005 0.293083 9.9964E-005 0.0894958 0.304564 0.100778 0.161698 9.9964E-005
0.0561842 0.0990794 0.265001 0.00838396 0.0563915 9.9973E-005 9.9973E-005 0.0100755 0.504585 9.9973E-005
9.9964E-005 0.0725026 9.9964E-005 0.528071 0.00192829 9.9964E-005 0.0736806 9.9964E-005 0.287043 0.036375
9.9973E-005 0.0913967 0.0975534 9.9973E-005 9.9973E-005 0.0383098 0.023742 0.0395837 0.643359 0.0657558
9.9991E-005 0.0219108 0.184391 0.246115 0.008767 0.013896 0.291583 0.0023394 0.162973 0.0679241
0.0927562 0.0199755 0.0788481 0.276781 0.00975275 0.0119462 0.0727566 0.141807 0.295278 9.9991E-005
9.9973E-005 0.000914577 9.9973E-005 0.470995 9.9973E-005 0.0301843 0.297382 0.138058 0.00447892 0.0576874
9.9964E-005 0.0202738 0.012362 9.9964E-005 9.9964E-005 0.162547 0.273439 9.9964E-005 0.526085 0.00489257
0.00463033 9.9973E-005 0.247536 0.117828 0.0769652 0.152384 9.9973E-005 0.106865 0.293491 9.9973E-005
9.9982E-005 0.0905648 0.0967329 0.271627 9.9982E-005 0.0597831 0.200785 0.0627617 0.205925 0.0116208
9.9982E-005 0.0633684 0.301951 0.127049 0.0353451 0.0279579 9.9982E-005 0.13598 0.284659 0.0234893
9.9991E-005 0.0492951 0.102616 0.0892338 0.00548237 0.102725 0.0227335 0.10348 0.497703 0.0266309
9.9973E-005 0.039756 0.0599473 0.44867 0.0355892 0.0300864 9.9973E-005 0.1825 0.203151 9.9973E-005
9.9964E-005 0.0596381 9.9964E-005 0.341458 9.9964E-005 0.0987354 0.185889 0.154303 0.159576 9.9964E-005
9.9946E-005 9.9946E-005 0.5007 0.32689 9.9946E-005 9.9946E-005 9.9946E-005 0.0566859 0.115125 9.9946E-005
0.0166417 0.106783 0.373847 9.9973E-005 0.0502506 9.9973E-005 9.9973E-005 0.0706873 0.293083 0.0884078
0.087826 0.0435243 0.0490235 0.10953 0.00437159 0.0310586 9.9991E-005 0.0138252 0.637558 0.0231825
0.0697519 9.9973E-005 0.0464607 0.0311079 0.0366147 9.9973E-005 0.543327 0.0456687 0.226769 9.9973E-005
0.0080781 0.105718 9.9964E-005 9.9964E-005 9.9964E-005 0.00736631 0.841298 9.9964E-005 0.0344587 0.00268056
0.0858496 0.159301 9.9982E-005 0.181174 9.9982E-005 0.0010853 0.0896569 0.0251491 0.449135 0.00844935
0.023939 0.00144642 0.328628 0.0732353 9.9991E-005 0.0368669 0.0695475 0.235914 0.203623 0.0266996
0.0371247 9.99798E-005 0.256333 0.482685 0.05253 9.99798E-005 0.000604827 0.103635 9.99798E-005 0.0667876
9.9973E-005 9.9973E-005 0.442723 0.364843 0.00943275 9.9973E-005 0.0478732 0.00123951 0.124076 0.00951247
9.9982E-005 0.0985422 0.146544 0.289956 0.0332341 0.054626 0.186531 0.0117736 0.178593 9.9982E-005
9.9964E-005 0.286684 0.151201 9.9964E-005 0.0358401 0.0682888 0.0461785 9.9964E-005 0.411408 9.9964E-005
0.020202 0.0338044 0.00614329 0.158092 0.00620651 0.152733 9.9991E-005 0.136055 0.447631 0.0390318
0.17073 9.9964E-005 0.286002 0.10488 9.9964E-005 9.9964E-005 9.9964E-005 0.148352 0.279857 0.00977869
0.017778 0.0252059 0.155375 0.0860607 0.0328673 0.0358087 9.9982E-005 9.9982E-005 0.500913 0.145792
0.0745591 0.111939 9.9973E-005 0.0506809 0.00539345 9.9973E-005 9.9973E-005 0.0623517 0.654949 0.0398265
9.9946E-005 0.121759 0.0406419 0.259373 9.9946E-005 9.9946E-005 9.9946E-005 9.9946E-005 0.577626 9.9946E-005
9.9964E-005 9.9964E-005 0.242027 0.157324 0.0271095 0.0415185 9.9964E-005 9.9964E-005 0.480831 0.0507892
9.9973E-005 0.0517945 0.170088 0.37268 0.00728553 0.0940844 9.9973E-005 0.218266 0.0855019 9.9973E-005
0.100781 9.9964E-005 0.0540887 0.126543 0.0197675 9.9964E-005 9.9964E-005 0.121386 0.577035 9.9964E-005
9.9982E-005 0.199452 0.0554283 0.09014 0.0579109 0.0773368 0.0456173 0.099293 0.374621 9.9982E-005
0.012618 0.172093 0.358132 0.0669262 9.9991E-005 0.00271537 0.00301252 0.097993 0.281656 0.00475358
0.0155578 0.0811581 0.361903 0.273179 0.0574849 9.9964E-005 9.9964E-005 9.9964E-005 0.210318 9.9964E-005
9.9991E-005 0.0573378 0.0676846 0.113447 0.00558455 0.0298899 0.146481 0.124172 0.440185 0.0151186
9.9964E-005 0.145652 9.9964E-005 9.9964E-005 0.0234546 0.149351 0.492886 9.9964E-005 0.17878 0.00947665
9.9982E-005 0.092819 0.169739 0.0976981 0.00307583 9.9982E-005 0.351759 0.0937176 0.140558 0.0504336
9.99461E-005 9.99461E-005 9.99461E-005 9.99461E-005 9.99461E-005 0.0873488 0.722548 9.99461E-005 0.147539 0.0419649
9.99549E-005 0.180572 0.386155 0.0587845 9.99549E-005 9.99549E-005 9.99549E-005 9.99549E-005 0.363985 0.0100039
9.9973E-005 0.0897533 9.9973E-005 0.0932616 0.00245943 9.9973E-005 0.670407 0.00410866 0.0759998 0.0637099
9.9964E-005 0.0217632 0.0372292 0.127558 0.00998789 0.184679 0.618383 9.9964E-005 9.9964E-005 9.9964E-005
9.9964E-005 0.0191739 0.238939 0.062894 9.9964E-005 0.0771523 9.9964E-005 0.173038 0.428402 9.9964E-005
0.0523781 0.0222105 0.138141 0.0598513 0.0134287 0.123983 0.0150184 0.116136 0.458013 0.000840184
9.9991E-005 0.0618064 0.255777 0.0503526 0.0169278 0.00168518 0.0242222 0.202864 0.380753 0.00551221
9.99476E-005 9.99476E-005 9.99476E-005 0.310708 9.99476E-005 9.99476E-005 0.579044 0.0899355 9.99476E-005 0.019713
9.9973E-005 0.000508044 0.134126 0.194659 0.00965806 0.0257658 9.9973E-005 9.9973E-005 0.584724 0.0502597
9.9964E-005 0.000292042 0.186055 0.38075 9.9964E-005 0.0309274 0.275552 0.126024 9.9964E-005 9.9964E-005
9.9964E-005 0.235243 9.9964E-005 0.0329786 0.0267724 9.9964E-005 0.0157708 0.248667 0.440168 9.9964E-005
0.00818255 9.9964E-005 0.0555635 9.9964E-005 0.0221509 9.9964E-005 0.774121 9.9964E-005 0.0739848 0.0655972
0.000861537 0.0848055 0.00368412 0.441169 0.00771348 9.9991E-005 0.0075777 0.105407 0.281494 0.067188
9.9964E-005 0.0562334 0.130654 0.237763 9.9964E-005 0.0182764 9.9964E-005 9.9964E-005 0.548178 0.00849547
9.9973E-005 0.0922671 0.0321578 0.0451738 0.00514678 0.11317 9.9973E-005 0.0847701 0.627015 9.9973E-005
0.0131282 9.9973E-005 0.279392 0.0984475 0.0353865 9.9973E-005 9.9973E-005 0.0631257 0.489895 0.0203243
0.00274888 0.0554705 9.9973E-005 0.118141 9.9973E-005 0.0922372 0.613927 0.0141257 0.10305 9.9973E-005
9.9982E-005 0.0975291 0.0105565 0.495186 0.0270216 0.0248932 0.0737321 9.9982E-005 0.261829 0.00905193
0.0458127 0.0588356 9.9982E-005 0.390577 0.0724776 0.0440935 0.218023 9.9982E-005 0.0866525 0.0833275
9.9973E-005 0.110768 9.9973E-005 0.247192 0.0358229 0.0789694 9.9973E-005 0.142696 0.364433 0.019819
0.0536594 0.0409895 9.9964E-005 0.169411 9.9964E-005 9.9964E-005 0.631937 9.9964E-005 0.100665 0.00293782
0.170858 9.9982E-005 0.14053 0.110518 0.0301579 9.9982E-005 0.123077 0.11019 0.27458 0.0398892
0.0892241 9.9964E-005 0.121284 0.371746 9.9964E-005 9.9964E-005 0.203872 9.9964E-005 0.131755 0.0817186
0.0828759 9.9973E-005 0.134901 9.9973E-005 0.0726151 9.9973E-005 0.0408722 0.158473 0.499101 0.0108619
9.9964E-005 9.9964E-005 0.285831 0.411328 0.0288399 0.145478 0.108797 9.9964E-005 9.9964E-005 0.0193252
0.0411368 0.0296742 9.9973E-005 0.114523 0.0273709 9.9973E-005 0.456895 9.9973E-005 0.271751 0.0583497
9.9982E-005 0.0678001 0.0299292 0.0721367 0.0623851 0.160365 9.9982E-005 0.195317 0.390873 0.0209942
9.9964E-005 0.153452 0.376897 0.0592312 9.9964E-005 0.0749626 9.9964E-005 0.0812363 0.253821 9.9964E-005
0.0139734 9.9964E-005 0.475481 9.9964E-005 0.0202726 0.0407023 9.9964E-005 0.121092 0.32808 9.9964E-005
0.0470172 0.0280159 0.320097 9.9982E-005 0.0994218 0.0105924 0.0420287 9.9982E-005 0.436767 0.01586
9.9973E-005 0.0873111 0.0908285 0.192028 0.111591 0.0428817 0.372643 9.9973E-005 0.102416 9.9973E-005
0.0419449 9.9973E-005 0.27602 0.239108 0.0257558 9.9973E-005 9.9973E-005 0.0562791 0.291978 0.0686143
9.9973E-005 0.161545 0.0500933 0.0201909 9.9973E-005 0.0285655 9.9973E-005 0.0918086 0.615856 0.0316412
9.9955E-005 9.9955E-005 9.9955E-005 0.0683857 0.0528494 9.9955E-005 0.048453 0.132669 0.697143 9.9955E-005
9.9955E-005 0.0710826 9.9955E-005 0.444823 9.9955E-005 0.138108 0.341369 9.9955E-005 9.9955E-005 0.00411727
9.9982E-005 9.9982E-005 0.166041 0.326415 0.0361769 0.070917 0.176782 0.0598516 0.133678 0.0299387
0.0206166 0.0355292 0.255597 0.0367619 0.0597397 9.9991E-005 0.0137954 0.0549006 0.432986 0.0899736
9.9973E-005 9.9973E-005 0.309934 0.175845 0.0360129 0.0197894 0.0794033 0.357754 9.9973E-005 0.0209614
9.9991E-005 0.142055 0.317846 0.00682802 0.00968189 0.0974067 0.150141 0.0580756 0.191096 0.0267696
9.9982E-005 0.0243871 0.416571 0.143439 0.0361358 0.11365 9.9982E-005 0.0809499 0.133226 0.0514404
9.9982E-005 0.147693 0.105356 0.364123 9.9982E-005 0.0382207 0.217213 0.00653651 0.0664632 0.0541946
0.0256145 0.131875 0.162406 0.536316 0.00109103 9.9973E-005 9.9973E-005 0.0996005 0.0427964 9.9973E-005
9.9973E-005 0.0987184 0.0168012 0.403156 9.9973E-005 0.0128965 0.333291 9.9973E-005 0.105564 0.0292728
0.00804523 9.9955E-005 0.101179 9.9955E-005 9.9955E-005 0.193218 9.9955E-005 9.9955E-005 0.61511 0.0819485
9.9964E-005 0.172359 0.030812 0.157204 0.0495944 9.9964E-005 9.9964E-005 9.9964E-005 0.567795 0.0218358
9.9964E-005 0.129979 0.243419 0.237496 9.9964E-005 0.0152631 9.9964E-005 9.9964E-005 0.343495 0.0299477
9.9955E-005 0.0465835 0.121547 9.9955E-005 9.9955E-005 0.0890029 9.9955E-005 0.146884 0.595483 9.9955E-005
9.9982E-005 0.0393063 0.0392845 0.0365129 0.0157774 0.200822 9.9982E-005 0.159786 0.482028 0.0262834
9.9982E-005 0.177776 0.153782 0.101024 0.00550387 0.0292769 9.9982E-005 0.141837 0.370494 0.0201061
9.9973E-005 0.0373551 0.292741 0.1916 0.0216032 9.9973E-005 0.196806 9.9973E-005 0.181315 0.0782806
9.9964E-005 9.9964E-005 0.368402 0.499809 0.0285423 0.0198489 9.9964E-005 0.0660337 0.016964 9.9964E-005
9.9955E-005 0.0224749 0.113275 0.157189 9.9955E-005 9.9955E-005 9.9955E-005 0.162474 0.544087 9.9955E-005
9.9964E-005 0.0241207 0.063571 0.139506 9.9964E-005 0.0792847 9.9964E-005 9.9964E-005 0.616948 0.076169
9.9991E-005 0.0807998 0.28727 0.099908 0.00456733 0.0519961 0.0458208 0.0935533 0.284491 0.0514935
0.106874 9.9964E-005 0.250255 0.363967 9.9964E-005 9.9964E-005 0.175613 0.00280933 9.9964E-005 0.100082
0.0576906 0.0830851 0.280346 0.0860495 0.0331498 9.9982E-005 9.9982E-005 0.173144 0.236326 0.0500093
0.000809173 0.0937794 9.9991E-005 0.134943 0.0490517 0.125654 0.00509687 0.0296482 0.517574 0.0433432
9.9955E-005 9.9955E-005 9.9955E-005 0.26274 9.9955E-005 0.0377594 0.622394 9.9955E-005 0.0289363 0.0476707
9.9955E-005 9.9955E-005 0.0254653 9.9955E-005 0.0170985 9.9955E-005 0.700819 9.9955E-005 0.24389 0.0122272
9.9973E-005 0.197498 9.9973E-005 0.182105 0.00762124 0.0531371 9.9973E-005 0.165451 0.357197 0.0366906
0.271151 0.0840504 0.0101726 9.9982E-005 0.0387492 0.061596 0.0185186 0.107853 0.40771 9.9982E-005
0.349064 0.0154606 0.184983 9.9973E-005 0.0616923 0.150588 0.024446 0.213466 9.9973E-005 9.9973E-005
0.309383 0.00789629 0.188181 9.9991E-005 0.0345097 0.130205 0.0139966 0.171859 0.102321 0.041549
0.100315 0.0740191 0.0620822 0.15435 0.0658607 0.0337136 9.9982E-005 0.00420824 0.505251 9.9982E-005
0.350953 0.0878694 0.172332 9.9973E-005 9.9973E-005 0.0861441 9.9973E-005 0.0509669 0.190464 0.0609715
0.371991 0.0213931 0.0417488 0.0526545 0.0581161 0.201518 0.0031267 0.0690533 0.154328 0.0260711
0.540262 0.000450183 0.0440173 0.219217 0.0373913 9.9973E-005 9.9973E-005 0.00396735 0.154395 9.9973E-005
0.358622 0.169884 0.0986272 9.9982E-005 0.0183881 0.0580978 9.9982E-005 0.162673 0.116958 0.0165488
0.42458 0.110762 0.253877 0.0285205 0.0229353 0.0384721 9.9982E-005 9.9982E-005 0.105607 0.0150465
0.106798 0.0443889 0.239215 9.9973E-005 0.0353298 0.222195 9.9973E-005 0.110627 0.241146 9.9973E-005
0.188039 0.00615504 0.146715 0.157045 9.9982E-005 0.206685 9.9982E-005 0.124521 0.136653 0.0339851
0.4079 0.0787897 0.164162 0.0716964 0.0544402 0.0520112 9.9991E-005 0.0696462 0.0924541 0.00880049
0.161601 0.0282883 0.132556 9.9982E-005 0.061552 0.0657237 9.9982E-005 0.0194821 0.429064 0.101533
0.196595 0.170581 0.165224 9.9982E-005 0.0533468 0.0142257 9.9982E-005 0.290993 0.1078 0.00103354
0.350058 0.0290087 9.9964E-005 9.9964E-005 0.0449584 0.0821596 9.9964E-005 0.183579 0.309837 9.9964E-005
0.423368 9.9973E-005 0.129552 0.074681 0.0259125 0.121647 9.9973E-005 0.137027 9.9973E-005 0.0875133
0.283963 0.0368737 9.9973E-005 0.128275 0.0714367 0.0537703 9.9973E-005 9.9973E-005 0.391555 0.0338257
0.24958 0.135912 0.139526 0.158883 9.9973E-005 0.137427 9.9973E-005 9.9973E-005 0.152107 0.0262659
0.0437327 0.00802064 9.9982E-005 0.0761665 0.00889144 9.9982E-005 0.706298 0.106888 0.0324577 0.0173454
0.255071 0.0813835 0.0431318 9.9991E-005 0.10252 0.129841 0.036819 0.0421579 0.298906 0.0100701
0.269029 0.0678015 0.193103 9.9973E-005 9.9973E-005 0.0421275 9.9973E-005 0.182983 0.191416 0.0532404
