0.0222786 0.018316 9.9964E-005 0.366086 9.9964E-005 9.9964E-005 0.0654561 0.322446 0.205018 9.9964E-005
0.0195791 0.0919025 0.133296 0.513396 9.9973E-005 9.9973E-005 0.0578162 9.9973E-005 0.182587 0.00112354
0.115586 0.0422417 9.9955E-005 0.552159 0.00158459 9.9955E-005 9.9955E-005 9.9955E-005 0.287929 9.9955E-005
0.0165821 9.9964E-005 0.13731 0.540419 9.9964E-005 9.9964E-005 9.9964E-005 0.0608305 0.161182 0.0832771
9.9973E-005 0.0560821 0.0715913 0.495359 0.0159634 9.9973E-005 0.0147722 0.124044 0.221889 9.9973E-005
9.9955E-005 0.00487658 9.9955E-005 9.9955E-005 9.9955E-005 0.0603823 0.0198253 9.9955E-005 0.198068 0.716348
9.9964E-005 9.9964E-005 0.000511937 0.445627 9.9964E-005 0.108971 0.0076895 0.163702 0.273099 9.9964E-005
0.0272572 9.9964E-005 9.9964E-005 0.0320427 0.0218231 9.9964E-005 0.0293196 9.9964E-005 0.0202707 0.868887
9.9964E-005 0.13276 9.9964E-005 0.391222 0.0288495 9.9964E-005 0.0353574 0.217141 0.19427 9.9964E-005
9.9955E-005 0.11464 0.116455 0.216021 9.9955E-005 9.9955E-005 9.9955E-005 0.403551 0.148832 9.9955E-005
0.107366 0.003097 0.0184524 0.450775 0.0081827 9.9982E-005 0.0426789 0.156804 0.212443 9.9982E-005
9.9982E-005 0.0181283 0.0762991 0.350775 0.0578503 9.9982E-005 0.0574406 0.0814806 0.171577 0.186249
0.0165599 0.071913 0.00389064 0.375281 0.0900672 9.9973E-005 0.00394318 0.438045 9.9973E-005 9.9973E-005
0.0516221 0.024096 9.9982E-005 0.533863 0.0485415 9.9982E-005 0.016055 0.07132 0.194492 0.05981
9.9946E-005 9.9946E-005 0.0879298 9.9946E-005 9.9946E-005 9.9946E-005 9.9946E-005 0.108647 0.211129 0.591695
0.0949397 0.16704 9.9964E-005 0.23397 0.118126 9.9964E-005 9.9964E-005 0.0896724 0.295853 9.9964E-005
0.0183964 9.9973E-005 9.9973E-005 0.292656 0.000141032 9.9973E-005 0.0858586 0.12783 0.399267 0.0755513
9.9973E-005 0.110727 0.0275051 0.444855 0.0584676 0.0645451 0.00961617 0.283983 9.9973E-005 9.9973E-005
9.9964E-005 9.9964E-005 0.0374784 0.438289 0.0328612 9.9964E-005 0.0304283 0.106005 0.354538 9.9964E-005
0.0672065 9.9955E-005 0.0917296 0.657155 9.9955E-005 9.9955E-005 0.0362245 9.9955E-005 0.147185 9.9955E-005
0.00940406 9.9964E-005 0.066529 0.647599 0.0410592 0.0313193 9.9964E-005 0.20369 9.9964E-005 9.9964E-005
0.0025607 9.9982E-005 0.0635467 0.392055 0.105239 9.9982E-005 0.0543374 0.141595 0.187155 0.0533107
0.114446 9.9964E-005 0.00753715 0.45619 9.9964E-005 9.9964E-005 0.0601587 0.17809 0.183179 9.9964E-005
0.0925982 9.9964E-005 0.0931003 9.9964E-005 0.0328818 9.9964E-005 9.9964E-005 0.00775508 0.298954 0.47431
9.9964E-005 0.0595656 0.0295541 0.300989 0.0558284 9.9964E-005 0.0530299 0.500633 9.9964E-005 9.9964E-005
9.9955E-005 9.9955E-005 0.103949 0.0688347 0.0301164 9.9955E-005 9.9955E-005 9.9955E-005 0.281862 0.514738
9.9955E-005 0.121807 9.9955E-005 0.142996 0.0616563 9.9955E-005 9.9955E-005 9.9955E-005 0.316003 0.357037
9.9937E-005 9.9937E-005 9.9937E-005 0.269681 9.9937E-005 9.9937E-005 9.9937E-005 0.353719 9.9937E-005 0.3759
0.0264311 0.0230772 9.9991E-005 0.0550362 0.000485217 0.0280255 0.0116103 0.0180119 0.250507 0.586716
0.0428042 9.9973E-005 9.9973E-005 0.696341 0.0121117 0.000422681 9.9973E-005 0.0588152 0.0853655 0.10384
0.0416457 9.9973E-005 9.9973E-005 0.148891 0.03578 0.0311003 0.0421231 9.9973E-005 0.225715 0.474445
9.9964E-005 0.0373113 9.9964E-005 0.437146 0.0797629 0.036392 9.9964E-005 0.270223 0.138765 9.9964E-005
0.0684276 0.119004 9.9982E-005 0.0394133 0.0134436 9.9982E-005 0.00763674 0.241336 0.352208 0.158331
9.9937E-005 9.9937E-005 9.9937E-005 0.215597 0.00882661 9.9937E-005 9.9937E-005 9.9937E-005 9.9937E-005 0.774877
0.0234993 0.0437294 9.9964E-005 9.9964E-005 0.0465924 0.0418128 0.00288882 9.9964E-005 9.9964E-005 0.841078
9.9982E-005 0.181752 0.0318074 0.473045 0.0238639 9.9982E-005 0.0193168 0.033145 0.153924 0.0829456
0.000461657 9.9973E-005 0.0811058 0.542731 0.0976273 9.9973E-005 9.9973E-005 0.0718725 0.11796 0.087942
9.9973E-005 0.080131 9.9973E-005 0.324663 0.0958929 0.00153598 0.0216357 0.426565 0.0492768 9.9973E-005
9.9964E-005 0.0687725 0.153389 0.0118056 9.9964E-005 9.9964E-005 9.9964E-005 0.0469386 0.0277579 0.690936
0.0629876 0.0446071 9.9982E-005 0.0727529 9.9982E-005 0.0657806 0.073493 0.0870503 0.248628 0.344501
0.0193253 0.00501135 9.9991E-005 0.198744 0.0943745 0.0616684 0.012303 0.16322 0.26172 0.183533
0.0166903 9.9955E-005 9.9955E-005 0.33331 0.0393283 9.9955E-005 9.9955E-005 0.204527 0.405644 9.9955E-005
0.0165622 0.119765 9.9982E-005 0.507988 0.0208291 9.9982E-005 0.0271978 0.0712004 0.0887824 0.147475
0.0320752 0.0473923 9.9982E-005 0.240496 0.0859552 0.0368491 0.0259395 9.9982E-005 0.0232189 0.507874
0.03848 9.9973E-005 0.056904 0.258927 0.0146059 0.115724 9.9973E-005 0.322342 0.192718 9.9973E-005
0.108608 0.171034 0.0986878 0.107936 0.0419621 9.9973E-005 9.9973E-005 0.46444 0.00703221 9.9973E-005
0.0519793 9.9982E-005 9.9982E-005 0.499398 0.0409109 0.0790637 0.000397275 0.237318 0.0446837 0.0460495
0.0128346 0.0159771 0.0269743 0.345503 9.9991E-005 0.000124176 0.0183733 0.10498 0.417035 0.0580984
0.0462303 0.144838 0.0569828 0.0880176 0.0390724 9.9982E-005 9.9982E-005 0.391799 0.226153 0.00670701
9.9955E-005 9.9955E-005 0.00974748 9.9955E-005 0.03801 9.9955E-005 0.054122 9.9955E-005 0.57966 0.317961
0.0338448 0.0462523 9.9982E-005 0.495915 9.9982E-005 0.0066513 0.0490425 0.349743 0.0044884 0.0138622
0.0852345 9.9973E-005 9.9973E-005 0.0736463 9.9973E-005 0.051312 0.0259688 0.225876 0.20598 0.331683
0.0262154 0.125932 0.0902588 0.197731 0.0192481 9.9982E-005 0.0225199 0.293983 0.223912 9.9982E-005
9.99371E-005 0.0723775 9.99371E-005 9.99371E-005 9.99371E-005 9.99371E-005 9.99371E-005 9.99371E-005 0.146585 0.780338
0.0345089 0.0985768 9.9973E-005 0.183667 0.067884 9.9973E-005 0.00218534 9.9973E-005 0.296347 0.316531
0.0127463 9.9955E-005 9.9955E-005 0.637824 0.0375054 9.9955E-005 0.063185 0.24824 9.9955E-005 9.9955E-005
0.0948649 0.0168148 9.9964E-005 0.398086 9.9964E-005 9.9964E-005 9.9964E-005 0.436604 0.0300778 0.0231526
0.0637409 0.0262227 0.0505629 0.430377 0.0772086 9.9991E-005 0.0477601 0.0187984 0.13046 0.154769
0.0541795 0.0919829 9.9973E-005 0.179587 0.0227948 9.9973E-005 9.9973E-005 0.00178411 0.471265 0.178106
9.9955E-005 9.9955E-005 9.9955E-005 0.56351 9.9955E-005 9.9955E-005 0.0250219 0.0327725 0.047391 0.330805
0.035576 9.9964E-005 9.9964E-005 9.9964E-005 0.0743372 9.9964E-005 0.0295517 0.058226 0.0473415 0.754568
9.99281E-005 9.99281E-005 9.99281E-005 9.99281E-005 9.99281E-005 9.99281E-005 9.99281E-005 9.99281E-005 0.292198 0.707003
9.9964E-005 9.9964E-005 9.9964E-005 0.490446 0.0966232 0.0435302 0.0296328 0.237754 0.101614 9.9964E-005
9.99371E-005 9.99371E-005 9.99371E-005 9.99371E-005 0.00924955 9.99371E-005 9.99371E-005 9.99371E-005 0.0836827 0.906368
9.9964E-005 0.0123832 9.9964E-005 0.333098 0.00976626 9.9964E-005 0.0701062 0.244544 0.329703 9.9964E-005
0.00899702 9.9955E-005 0.121732 0.0541269 0.0428232 9.9955E-005 9.9955E-005 9.9955E-005 9.9955E-005 0.771821
0.0423079 9.9964E-005 0.0671161 0.512268 0.135889 9.9964E-005 0.0556811 0.186339 9.9964E-005 9.9964E-005
0.0467358 0.0328208 0.0592194 0.185216 0.0169918 9.9991E-005 0.0522946 0.0800572 0.436993 0.0895713
0.065727 0.00177007 9.9973E-005 0.34814 0.0347678 9.9973E-005 0.0556967 0.360372 0.133226 9.9973E-005
9.9955E-005 9.9955E-005 0.00695557 9.9955E-005 0.0541033 9.9955E-005 0.0281847 9.9955E-005 0.271557 0.6387
0.0903598 0.0740544 0.0812645 0.283644 0.0420558 9.9982E-005 0.0854274 0.232975 0.110019 9.9982E-005
0.0245892 0.152507 9.9982E-005 0.430854 0.0545029 9.9982E-005 0.0472378 0.225691 0.0355769 0.0288413
0.0572608 0.0177253 0.013342 0.278866 0.00273454 9.9991E-005 0.0588511 0.201743 0.0970179 0.27236
0.0493736 9.9973E-005 0.049757 0.304584 0.0206079 9.9973E-005 0.0569345 0.255218 0.263225 9.9973E-005
0.0537854 0.0484452 9.9982E-005 0.368357 0.0540879 9.9982E-005 0.0569049 0.272059 0.141904 0.00425663
0.0573535 9.9964E-005 0.0307631 0.297445 0.091436 9.9964E-005 9.9964E-005 0.181887 9.9964E-005 0.340715
0.0551188 9.9964E-005 0.0740528 0.477034 0.0117519 9.9964E-005 9.9964E-005 0.198624 0.183019 9.9964E-005
0.0578314 0.178155 0.00838856 0.080399 0.00952017 9.9982E-005 9.9982E-005 0.250774 0.246235 0.168497
0.0718479 0.0528992 9.9964E-005 0.0698665 9.9964E-005 9.9964E-005 9.9964E-005 0.522286 0.165592 0.117108
0.0677584 0.11453 0.00101174 0.534612 0.032511 0.00867521 0.0999205 0.114643 0.00277078 0.0235675
0.0762301 9.9955E-005 0.241366 0.390741 9.9955E-005 9.9955E-005 0.0728721 9.9955E-005 0.218291 9.9955E-005
0.0346879 0.131435 9.9973E-005 0.462756 0.103685 0.00568275 0.0148479 9.9973E-005 0.246605 9.9973E-005
0.075128 9.9982E-005 0.0877594 0.40101 0.0201859 9.9982E-005 0.064747 0.262449 0.00459153 0.0839298
0.0215691 9.9964E-005 0.192963 0.541953 9.9964E-005 9.9964E-005 0.00805933 0.0350447 0.200011 9.9964E-005
0.0336141 0.0763072 0.0461002 0.481984 9.9964E-005 9.9964E-005 9.9964E-005 0.153646 0.207949 9.9964E-005
0.0560327 0.0635829 0.0663683 0.221407 0.104103 9.9991E-005 0.0603697 0.126871 0.225738 0.0754278
0.00907933 0.0819709 0.0536483 0.334396 0.00325652 9.9982E-005 9.9982E-005 0.0926953 0.144226 0.280527
0.0466856 9.9964E-005 0.0412191 0.322506 9.9964E-005 9.9964E-005 9.9964E-005 0.0182049 0.364774 0.20621
0.0413524 9.99641E-005 9.99641E-005 0.0643826 0.109997 9.99641E-005 0.00780747 9.99641E-005 0.0462487 0.729812
0.0111718 0.0672492 0.0341764 0.0975793 0.0064277 9.9982E-005 9.9982E-005 0.370761 0.202255 0.21018
0.147548 0.0211954 0.0124677 9.9964E-005 0.0201867 9.9964E-005 9.9964E-005 0.606449 0.191754 9.9964E-005
9.9946E-005 9.9946E-005 9.9946E-005 9.9946E-005 0.050444 9.9946E-005 9.9946E-005 0.349688 0.126921 0.472347
0.0365176 0.0437522 9.9973E-005 0.284095 0.0321675 9.9973E-005 0.00801066 0.414645 0.180512 9.9973E-005
9.9946E-005 9.9946E-005 0.0952031 0.602759 9.9946E-005 9.9946E-005 9.9946E-005 9.9946E-005 0.062026 0.239412
9.9955E-005 9.9955E-005 0.00134205 0.177594 9.9955E-005 9.9955E-005 0.0866713 9.9955E-005 0.349451 0.384441
0.023535 9.9946E-005 9.9946E-005 9.9946E-005 0.0127556 9.9946E-005 0.125699 9.9946E-005 9.9946E-005 0.83741
0.0366919 0.0250636 0.1261 0.245756 0.030138 9.9991E-005 0.0107235 0.326952 0.0690878 0.129386
9.9964E-005 0.0191945 0.0798981 0.246476 0.0355987 9.9964E-005 9.9964E-005 0.144961 0.473472 9.9964E-005
0.0746072 0.0311733 0.0800996 0.267618 0.0535487 9.9982E-005 0.0203656 0.25324 0.219148 9.9982E-005
9.9982E-005 0.0172183 0.0590284 0.584676 0.0508305 0.00456492 0.00490865 9.9982E-005 0.0549662 0.223607
0.0408272 9.9982E-005 9.9982E-005 0.122637 0.140856 0.00574825 0.0439092 0.00726571 0.309801 0.328756
0.0675822 0.00844142 0.0996423 0.545815 9.9973E-005 9.9973E-005 9.9973E-005 0.148836 0.0274553 0.101928
0.114162 0.0476047 0.00491154 0.374913 0.00577926 0.0102135 0.00452631 0.322249 0.0911127 0.0245282
0.021302 9.9973E-005 0.0569341 0.560985 0.00953332 9.9973E-005 0.0932478 0.171998 0.0857001 9.9973E-005
0.0666293 0.0832212 9.9964E-005 0.307635 0.0220285 9.9964E-005 9.9964E-005 0.496399 9.9964E-005 0.0236871
0.0745376 0.128215 9.9964E-005 9.9964E-005 0.033275 9.9964E-005 0.015902 9.9964E-005 0.0213906 0.726279
0.0182963 0.00703845 0.118371 0.0679058 9.9982E-005 9.9982E-005 0.035046 0.0908542 0.226815 0.435473
0.0347543 0.0166083 0.0636838 0.524787 9.9964E-005 9.9964E-005 9.9964E-005 0.0664751 0.293292 9.9964E-005
0.000783635 0.110566 0.0289669 0.42 0.0944818 9.9973E-005 9.9973E-005 0.236145 0.108757 9.9973E-005
0.0425072 9.9964E-005 9.9964E-005 0.604234 0.0809419 9.9964E-005 0.0675847 0.145535 0.0587981 9.9964E-005
0.0353712 9.9964E-005 9.9964E-005 0.00677575 0.00562672 9.9964E-005 9.9964E-005 0.228203 0.340215 0.383409
0.0691343 9.9946E-005 9.9946E-005 9.9946E-005 9.9946E-005 0.017577 9.9946E-005 9.9946E-005 0.0348346 0.877855
0.0126395 9.9973E-005 9.9973E-005 0.203315 0.0278294 9.9973E-005 0.0151203 0.0167755 0.370625 0.353395
0.0476067 0.0611884 9.9982E-005 0.703184 0.00500566 0.0357681 0.0668349 0.0630587 9.9982E-005 0.017154
0.0475556 9.9982E-005 0.0654617 0.471352 0.0708543 9.9982E-005 0.020014 0.0601168 0.208518 0.0559272
0.0252628 0.145053 0.096242 0.595538 9.9964E-005 9.9964E-005 0.0264014 0.111104 9.9964E-005 9.9964E-005
0.069994 0.035743 9.9973E-005 0.49073 0.0062614 9.9973E-005 0.0168492 0.287265 0.0928578 9.9973E-005
0.0228409 9.9955E-005 9.9955E-005 9.9955E-005 0.0593566 0.0321976 0.0193438 9.9955E-005 9.9955E-005 0.865761
0.00738678 9.9973E-005 0.0225765 0.68395 0.0425097 9.9973E-005 0.115682 0.121537 9.9973E-005 0.00605798
0.0823422 0.271045 9.9955E-005 0.570424 9.9955E-005 9.9955E-005 0.0557806 0.0199083 9.9955E-005 9.9955E-005
0.0260284 9.9964E-005 9.9964E-005 0.440047 0.0572613 9.9964E-005 9.9964E-005 0.391291 0.0493543 0.0356183
0.0284851 9.99639E-005 9.99639E-005 0.190892 0.0713003 9.99639E-005 0.0634303 9.99639E-005 0.117485 0.528008
0.0457437 0.0137872 9.9973E-005 0.492704 0.0147283 9.9973E-005 0.0176593 0.205375 0.209702 9.9973E-005
0.0552423 0.0684158 0.00426506 0.326881 0.00580202 0.034339 0.00206792 0.260793 0.242094 9.9991E-005
0.0206638 0.0214395 0.0275424 0.594357 0.0461752 0.00727981 0.0111592 0.271183 9.9982E-005 9.9982E-005
0.0152952 0.0033902 0.010193 0.283408 0.0610542 9.9991E-005 0.101049 0.361235 0.152961 0.011314
0.00416065 9.9982E-005 0.0118028 0.0579733 0.104993 9.9982E-005 0.0436929 0.2298 0.0307875 0.51659
0.0457957 9.9955E-005 9.9955E-005 9.9955E-005 0.018356 0.0701724 9.9955E-005 9.9955E-005 0.114295 0.750882
0.0597542 0.21005 0.00500463 0.295136 0.0169398 0.0463179 9.9982E-005 0.0124565 0.354141 9.9982E-005
0.0899899 0.11316 0.129337 0.438922 9.9973E-005 9.9973E-005 0.0896606 0.0314637 0.107168 9.9973E-005
0.0170228 0.0864065 9.9973E-005 0.218617 0.0441118 9.9973E-005 0.0310074 0.47804 0.124494 9.9973E-005
9.9973E-005 0.0845717 0.0630219 0.0650298 0.026303 9.9973E-005 0.00709794 0.508132 0.245544 9.9973E-005
0.0242316 0.124722 9.9982E-005 0.243316 0.0305516 9.9982E-005 0.0147962 0.0443453 0.169956 0.347882
9.9964E-005 0.0520458 0.0544884 0.450102 9.9964E-005 0.181033 9.9964E-005 0.000240965 0.26169 9.9964E-005
9.9973E-005 0.0366365 0.0263411 0.578231 9.9973E-005 9.9973E-005 0.0357736 0.092619 0.0290575 0.201042
0.999101 9.99201E-005 9.99201E-005 9.99201E-005 9.99201E-005 9.99201E-005 9.99201E-005 9.99201E-005 9.99201E-005 9.99201E-005
0.0416662 0.0513207 0.0542263 0.19485 0.0535485 9.9973E-005 9.9973E-005 9.9973E-005 0.0909982 0.51309
9.9973E-005 0.0799431 9.9973E-005 0.342712 0.0468254 9.9973E-005 0.016171 0.146297 0.143935 0.223817
0.999101 9.99201E-005 9.99201E-005 9.99201E-005 9.99201E-005 9.99201E-005 9.99201E-005 9.99201E-005 9.99201E-005 9.99201E-005
0.0748456 0.0238995 9.9964E-005 0.145928 9.9964E-005 9.9964E-005 0.108339 9.9964E-005 0.1058 0.540788
9.9973E-005 0.0137619 9.9973E-005 0.472491 0.0272299 0.0203955 9.9973E-005 0.113426 0.246924 0.105472
9.9964E-005 0.068318 0.0273089 0.244883 9.9964E-005 9.9964E-005 0.16682 9.9964E-005 0.141084 0.351187
9.9973E-005 0.0783965 0.0277467 0.328673 0.128349 9.9973E-005 0.032845 9.9973E-005 0.144936 0.258754
0.0189835 0.15935 9.9964E-005 0.111901 0.140489 9.9964E-005 9.9964E-005 9.9964E-005 0.496841 0.0720355
9.9955E-005 9.9955E-005 9.9955E-005 9.9955E-005 9.9955E-005 0.0035552 0.0365264 0.071172 0.199673 0.688574
9.9982E-005 0.111501 0.0609241 0.432787 0.0723756 9.9982E-005 0.00599751 0.0530399 0.0353619 0.227812
9.9964E-005 0.146159 9.9964E-005 0.251341 9.9964E-005 9.9964E-005 0.0596362 0.013737 0.407661 0.121066
0.011892 0.0982959 9.9973E-005 0.328242 0.0755146 9.9973E-005 0.0901342 0.308932 0.0866901 9.9973E-005
0.0156787 0.0882173 0.239339 0.560362 9.9955E-005 9.9955E-005 0.0959026 9.9955E-005 9.9955E-005 9.9955E-005
0.0813059 0.0204349 0.0369313 0.245772 9.9982E-005 0.13518 0.0480446 0.252152 0.179979 9.9982E-005
9.9973E-005 0.18407 0.0971937 0.372552 0.0678664 9.9973E-005 9.9973E-005 0.0594363 0.195473 0.0231076
0.01106 9.9964E-005 9.9964E-005 0.207072 0.00765645 9.9964E-005 0.0357789 0.429176 9.9964E-005 0.308857
0.0015443 0.123268 9.9973E-005 0.0449004 0.0451301 9.9973E-005 9.9973E-005 0.043626 0.0316833 0.709548
9.9964E-005 0.10021 9.9964E-005 9.9964E-005 0.0652422 0.0166371 9.9964E-005 0.269721 0.269593 0.278197
0.0769256 0.10007 0.0517858 0.0427167 0.0869059 9.9982E-005 0.0389087 0.37811 0.224377 9.9982E-005
0.0751486 0.0118741 0.0363201 0.348722 0.0735981 0.0581846 0.0675453 0.140656 0.187851 9.9991E-005
0.0368491 0.01644 0.0337465 9.9964E-005 9.9964E-005 9.9964E-005 9.9964E-005 0.0533708 0.0635877 0.795606
0.00667201 0.0853564 9.9973E-005 0.344108 0.0416189 9.9973E-005 0.037291 0.319579 0.165074 9.9973E-005
0.0451993 9.9973E-005 0.0725076 0.458238 0.111983 9.9973E-005 0.0566394 0.0707273 0.184406 9.9973E-005
0.0264778 0.018484 9.9982E-005 0.561844 0.0389644 9.9982E-005 0.0992282 0.0481687 0.055247 0.151386
0.0630494 0.162279 9.9982E-005 0.335142 0.0323419 0.0169814 0.0321307 0.11204 0.245836 9.9982E-005
9.9973E-005 0.0982891 9.9973E-005 0.0901861 0.148231 9.9973E-005 0.0105838 0.171736 0.453407 0.0272672
0.0852112 0.0684427 0.0930883 0.168337 9.9982E-005 9.9982E-005 0.11052 0.230711 0.225759 0.0177313
0.0485524 0.000267741 0.190744 0.436848 0.0306773 9.9991E-005 0.0549359 0.0482233 0.162235 0.0274169
0.0170253 0.0812032 9.9973E-005 0.472879 0.020646 0.0146128 9.9973E-005 0.297973 0.0953606 9.9973E-005
0.125538 9.9955E-005 0.003456 0.56304 9.9955E-005 9.9955E-005 0.0969683 0.210498 9.9955E-005 9.9955E-005
0.0316664 0.0196835 9.9991E-005 0.131943 0.105429 0.0390208 0.0108227 0.336271 0.192503 0.13256
0.0666405 0.0242667 9.9982E-005 0.116261 0.00288153 9.9982E-005 0.0341983 0.0268921 0.292007 0.436652
0.127319 0.026142 0.0931237 0.117224 9.9973E-005 9.9973E-005 9.9973E-005 0.179818 0.235958 0.220115
0.09667 0.140966 0.0782988 0.108372 9.9973E-005 0.0818276 9.9973E-005 0.0123993 0.481166 9.9973E-005
0.0667581 0.00533552 0.000646405 0.36095 9.9982E-005 0.0422296 0.116597 9.9982E-005 0.272263 0.135021
0.0282209 9.9955E-005 9.9955E-005 0.537921 0.0160018 9.9955E-005 0.0777895 9.9955E-005 0.339566 9.9955E-005
0.0292512 9.99461E-005 9.99461E-005 9.99461E-005 0.0161896 9.99461E-005 9.99461E-005 9.99461E-005 0.0180061 0.935953
0.0617933 0.0999164 9.9973E-005 0.225177 0.0116459 9.9973E-005 9.9973E-005 0.259986 0.286688 0.0544942
0.0400865 9.9964E-005 0.0537253 0.201527 0.0224559 9.9964E-005 9.9964E-005 9.9964E-005 0.452145 0.22966
0.0708655 0.0805936 0.0790485 0.0457398 0.0252775 9.9982E-005 0.0303036 0.349668 0.318303 9.9982E-005
9.9964E-005 0.0797664 9.9964E-005 0.367434 9.9964E-005 0.000499186 0.0131318 9.9964E-005 0.431023 0.107745
0.00487533 0.0632785 0.00036598 0.0477372 0.0546144 9.9982E-005 9.9982E-005 0.170664 0.186517 0.471748
9.9973E-005 0.0987195 9.9973E-005 0.224432 0.0379867 9.9973E-005 0.0252422 0.0930665 0.138645 0.381608
9.9955E-005 9.9955E-005 9.9955E-005 0.322104 9.9955E-005 9.9955E-005 0.130364 0.000388439 0.0194751 0.527169
0.0136071 9.9955E-005 9.9955E-005 0.506795 0.0499301 9.9955E-005 9.9955E-005 0.102341 0.326827 9.9955E-005
9.99461E-005 0.109226 0.00580675 9.99461E-005 9.99461E-005 9.99461E-005 9.99461E-005 9.99461E-005 0.18159 0.702778
9.9964E-005 0.122242 9.9964E-005 0.410977 9.9964E-005 0.000721838 0.00961739 9.9964E-005 0.0925093 0.363533
9.9964E-005 0.08888 9.9964E-005 0.130029 0.0896897 9.9964E-005 0.0173773 0.50137 0.172254 9.9964E-005
9.99371E-005 9.99371E-005 0.0559949 9.99371E-005 9.99371E-005 9.99371E-005 0.010584 9.99371E-005 9.99371E-005 0.932722
9.9946E-005 9.9946E-005 9.9946E-005 9.9946E-005 0.0742016 9.9946E-005 0.0107027 9.9946E-005 0.575305 0.339191
0.0243265 9.9964E-005 9.9964E-005 0.155324 0.0277759 9.9964E-005 0.000973021 0.526211 0.26499 9.9964E-005
9.9955E-005 9.9955E-005 9.9955E-005 0.0384973 0.0597769 9.9955E-005 9.9955E-005 0.21773 0.387785 0.29571
0.0783514 0.0214727 9.9973E-005 0.399192 0.0271632 9.9973E-005 9.9973E-005 0.268913 0.0832985 0.121309
9.9982E-005 0.103862 0.0198479 0.638843 0.00947619 0.0229881 0.0131475 0.0660254 0.12561 9.9982E-005
9.9982E-005 0.158489 0.0818546 0.322204 0.0179487 9.9982E-005 0.0147836 0.0554589 0.0655554 0.283507
9.9955E-005 9.9955E-005 9.9955E-005 0.51358 9.9955E-005 9.9955E-005 0.0294065 0.372136 0.0784551 0.00592209
0.00747851 9.9955E-005 9.9955E-005 0.510972 0.0193598 9.9955E-005 9.9955E-005 0.276932 0.184758 9.9955E-005
0.0319375 0.0756338 9.9982E-005 0.473899 0.0386326 0.057018 0.0156028 0.146065 0.161011 9.9982E-005
0.0758825 0.107084 0.0190668 0.178843 9.9991E-005 0.0471829 0.0512339 0.0504389 0.286318 0.18385
0.0381309 0.0468429 0.0398635 0.582383 0.0144628 9.9973E-005 9.9973E-005 0.048123 9.9973E-005 0.229894
0.0339672 0.0623192 9.9982E-005 0.526956 0.0175823 0.122235 0.0376418 0.130573 0.0685259 9.9982E-005
0.0282273 0.0159667 0.0641145 0.380267 0.0184162 0.040349 9.9991E-005 0.203544 0.133859 0.115157
0.0845095 0.056074 0.0536176 0.0384904 0.0743228 0.0411431 0.0223791 0.4544 0.174964 9.9991E-005
0.0244576 0.142736 9.9964E-005 0.173813 9.9964E-005 0.0289319 9.9964E-005 0.306989 0.322673 9.9964E-005
0.0308304 0.0937916 0.114707 0.217845 0.0867257 0.00364847 9.9991E-005 0.074976 0.0882998 0.289076
0.0737824 9.9964E-005 0.0133099 0.59138 9.9964E-005 0.0444673 9.9964E-005 0.235559 0.0411016 9.9964E-005
0.000936569 0.270628 9.9964E-005 0.137241 9.9964E-005 0.0414836 9.9964E-005 0.186055 0.363255 9.9964E-005
0.0208995 0.140849 0.118082 0.236563 9.9973E-005 0.103093 9.9973E-005 0.259786 0.120427 9.9973E-005
0.0298061 9.9973E-005 0.130767 0.0686588 0.0283713 0.15057 9.9973E-005 0.443901 0.147625 9.9973E-005
0.0690458 0.0535385 0.11126 0.143051 0.0469738 9.9991E-005 0.0183711 0.131159 0.219741 0.206759
0.061008 0.00759889 0.0739478 0.658027 0.0104388 0.0514355 0.0786276 0.0587162 9.9982E-005 9.9982E-005
0.0575795 9.9982E-005 0.0029407 0.237836 0.000727531 9.9982E-005 0.0319115 0.161127 0.391511 0.116166
0.0414654 0.0652859 9.9964E-005 0.304282 0.130563 9.9964E-005 9.9964E-005 0.382594 0.0754104 9.9964E-005
9.9955E-005 0.0502633 0.136863 0.655657 9.9955E-005 0.0139075 9.9955E-005 0.14281 9.9955E-005 9.9955E-005
9.9982E-005 0.0646765 0.00976299 0.422268 0.0255159 0.0948421 9.9982E-005 0.296357 0.0803146 0.00606338
9.9955E-005 9.9955E-005 0.0975138 0.27882 9.9955E-005 9.9955E-005 0.0839385 9.9955E-005 0.257927 0.281301
0.00867909 9.9964E-005 0.0311192 0.332113 9.9964E-005 0.0396463 9.9964E-005 9.9964E-005 0.238085 0.349958
0.00745695 9.9955E-005 0.0575528 0.709117 0.0477454 9.9955E-005 9.9955E-005 0.177628 9.9955E-005 9.9955E-005
0.056855 0.222431 9.9964E-005 0.426514 0.0338855 0.0330448 9.9964E-005 0.22687 9.9964E-005 9.9964E-005
0.00772053 9.9973E-005 9.9973E-005 0.445726 0.0610002 0.0380538 0.0538118 0.33358 0.0598078 9.9973E-005
0.0145198 9.9964E-005 0.0281402 0.261769 9.9964E-005 9.9964E-005 0.0489686 0.441215 0.204987 9.9964E-005
0.108344 0.0252054 0.0207041 0.232971 0.0104648 9.9991E-005 0.0446971 0.029914 0.273908 0.253691
0.0379224 0.0293944 0.0622764 0.315285 0.0182329 9.9982E-005 0.0323988 9.9982E-005 0.371963 0.132327
0.0197345 9.9973E-005 0.0519173 0.225499 9.9973E-005 0.0491829 0.0455792 0.293627 0.31416 9.9973E-005
0.0257283 0.0509142 0.0820458 0.0967448 0.0604832 9.9982E-005 0.0112617 9.9982E-005 0.167632 0.50499
9.9973E-005 0.0022277 9.9973E-005 0.405511 0.0627674 9.9973E-005 0.0659872 0.237627 0.087415 0.138165
0.0515338 9.9991E-005 0.0119582 0.287055 0.0100666 0.00816833 0.0586451 0.145276 0.410792 0.0164046
0.00370102 9.9955E-005 9.9955E-005 9.9955E-005 0.0363318 9.9955E-005 0.117851 9.9955E-005 0.174308 0.667308
9.9964E-005 0.068687 9.9964E-005 0.103051 0.0719172 9.9964E-005 0.0450129 0.408972 0.30196 9.9964E-005
0.0623902 9.9964E-005 0.083413 0.38676 0.011733 9.9964E-005 9.9964E-005 0.216928 0.238376 9.9964E-005
0.0470406 9.9964E-005 9.9964E-005 0.493409 0.069029 9.9964E-005 9.9964E-005 0.253059 0.130363 0.00669953
0.0274877 0.145302 9.9973E-005 0.381096 0.0359767 9.9973E-005 0.0101426 0.281712 0.117983 9.9973E-005
0.0109353 0.0835115 0.0330191 0.252659 9.9982E-005 0.103832 0.0785591 0.032189 0.405095 9.9982E-005
0.0862045 0.0361291 0.0294607 0.344693 0.0450457 9.9982E-005 9.9982E-005 0.184471 0.260871 0.0129251
9.9955E-005 0.101943 9.9955E-005 0.617057 0.0906762 9.9955E-005 0.0562797 0.133545 9.9955E-005 9.9955E-005
0.0803937 9.9964E-005 0.0140211 0.672314 0.00106287 9.9964E-005 0.0768341 0.154974 9.9964E-005 9.9964E-005
0.0196025 0.120968 9.9982E-005 0.294464 0.113985 9.9982E-005 0.0492941 0.0822603 0.17005 0.149176
0.0810856 0.0348705 0.0244636 0.469143 0.00709441 9.9982E-005 0.0355973 0.288433 0.0591122 9.9982E-005
0.0830647 0.0679035 0.104071 0.617414 9.9955E-005 9.9955E-005 9.9955E-005 9.9955E-005 0.127047 9.9955E-005
0.0149437 0.0408039 9.99551E-005 9.99551E-005 9.99551E-005 9.99551E-005 9.99551E-005 0.20956 0.72767 0.0065226
0.0395136 9.9955E-005 0.15209 0.491861 9.9955E-005 9.9955E-005 0.00441593 9.9955E-005 0.311619 9.9955E-005
0.0887778 9.9964E-005 9.9964E-005 0.3531 0.0182082 9.9964E-005 0.057701 0.239531 0.242283 9.9964E-005
0.0583085 9.9964E-005 9.9964E-005 0.443743 0.0655401 9.9964E-005 0.038037 0.0947776 9.9964E-005 0.299194
0.0156263 9.9973E-005 9.9973E-005 0.303046 0.0319484 9.9973E-005 0.0619053 0.0782255 0.263355 0.245594
0.0323457 0.0211266 9.9982E-005 0.604195 0.00950603 9.9982E-005 0.00557207 0.118869 0.198346 0.00983938
0.0262022 0.0207489 9.9973E-005 0.0855343 0.0808672 9.9973E-005 0.0717878 0.206583 9.9973E-005 0.507977
0.0262177 0.0486616 0.0295148 0.262156 0.00427197 0.0291775 0.0204348 0.277806 0.30166 9.9991E-005
9.9937E-005 9.9937E-005 9.9937E-005 0.394555 9.9937E-005 9.9937E-005 9.9937E-005 9.9937E-005 0.332175 0.27257
0.0139754 0.0637506 9.9973E-005 0.541715 9.9973E-005 0.0705171 0.0402758 0.209343 9.9973E-005 0.0601226
0.0322767 9.9955E-005 0.0988205 9.9955E-005 9.9955E-005 9.9955E-005 0.0535805 0.133122 0.6817 9.9955E-005
0.0362588 9.9973E-005 9.9973E-005 0.169942 9.9973E-005 0.10542 0.0392017 0.150195 0.244072 0.254611
0.0966944 0.101063 0.0435344 0.155783 0.0620685 9.9982E-005 9.9982E-005 0.0255754 0.0901449 0.424936
9.9964E-005 0.109461 9.9964E-005 0.425201 0.0475989 0.0312395 9.9964E-005 0.142411 0.243689 9.9964E-005
0.0499074 0.0123062 9.9973E-005 0.398791 0.0308077 9.9973E-005 0.0571212 0.193597 0.25717 9.9973E-005
0.0160203 9.9955E-005 9.9955E-005 0.199441 9.9955E-005 9.9955E-005 9.9955E-005 0.328944 0.137906 0.317188
9.9964E-005 0.0817232 0.169614 0.469859 9.9964E-005 9.9964E-005 0.0330306 9.9964E-005 0.239119 0.00625535
0.00420117 0.0382386 0.0793534 0.577439 0.0336667 9.9973E-005 9.9973E-005 0.186066 0.0807352 9.9973E-005
9.9955E-005 9.9955E-005 0.0241946 9.9955E-005 0.0687887 9.9955E-005 0.0621479 9.9955E-005 0.00126885 0.8431
0.050936 0.0786375 0.0947475 0.424947 0.0120364 0.0183941 9.9982E-005 0.0592184 0.260883 9.9982E-005
0.00883198 0.0745227 9.9973E-005 0.511346 9.9973E-005 0.0245722 0.0524316 0.119864 0.208132 9.9973E-005
9.9964E-005 9.9964E-005 0.0953928 0.657113 0.0333966 0.0168152 0.00650713 9.9964E-005 0.190375 9.9964E-005
0.0408884 0.0581306 0.0773407 0.539315 0.00674022 9.9991E-005 0.0264798 0.145037 0.0675048 0.0384637
0.0127674 9.9982E-005 0.0607321 0.44612 0.0469824 9.9982E-005 0.0387651 0.198744 0.191395 0.00429441
0.0404894 0.0160211 0.0575149 0.272504 0.0185525 9.9973E-005 9.9973E-005 0.451752 0.142866 9.9973E-005
0.0468864 0.103235 0.00300086 0.709271 0.0665651 9.9973E-005 9.9973E-005 9.9973E-005 0.0544437 0.0162986
9.9973E-005 0.0290769 9.9973E-005 0.433841 0.0487537 9.9973E-005 0.0289707 0.350142 0.0206703 0.0882451
9.9973E-005 0.0348399 0.0716166 9.9973E-005 0.0234402 9.9973E-005 0.0145806 0.137074 0.223175 0.494973
0.0621472 0.0135938 9.9973E-005 0.531699 0.00927072 9.9973E-005 9.9973E-005 0.238271 0.138346 0.00637336
0.0297473 9.9955E-005 9.9955E-005 0.706804 0.0282136 9.9955E-005 0.0506865 0.184048 9.9955E-005 9.9955E-005
0.035519 0.0673176 9.9982E-005 0.117287 0.0286029 9.9982E-005 0.0836721 0.307207 0.21102 0.149174
0.0322262 9.9982E-005 0.0726829 0.255626 0.00281419 9.9982E-005 0.0613775 0.175215 0.0200052 0.379853
0.072763 0.074156 0.0912341 0.437609 0.0051617 9.9973E-005 9.9973E-005 0.302302 0.0164741 9.9973E-005
0.0319125 0.0128445 9.9955E-005 0.554512 9.9955E-005 9.9955E-005 9.9955E-005 9.9955E-005 0.22336 0.176871
9.9982E-005 0.047195 0.000678661 0.489605 0.03543 9.9982E-005 0.0515467 0.247859 0.101503 0.0259827
0.0360596 9.9973E-005 9.9973E-005 0.310977 0.0762912 0.0349093 0.00794007 9.9973E-005 0.273447 0.260075
0.0891278 9.9973E-005 0.118186 0.414082 0.00684235 0.0922791 9.9973E-005 9.9973E-005 0.214058 0.0651245
0.0674754 9.9964E-005 0.132683 0.106681 0.0361648 9.9964E-005 9.9964E-005 9.9964E-005 0.327716 0.328879
9.9964E-005 0.0128424 0.010482 0.495462 9.9964E-005 9.9964E-005 0.0150417 0.212251 9.9964E-005 0.253521
0.0768425 0.142842 9.9982E-005 0.0986978 0.00578531 0.0255741 0.050813 0.300839 0.298407 9.9982E-005
9.9973E-005 0.0711889 0.0888518 0.527576 0.0217176 9.9973E-005 0.027969 9.9973E-005 0.00892982 0.253467
0.0351779 0.0349313 0.0886594 0.395813 9.9973E-005 9.9973E-005 0.0487881 0.251202 0.145128 9.9973E-005
0.0756643 9.9964E-005 9.9964E-005 0.510058 0.0209621 9.9964E-005 0.0374821 0.195911 0.159523 9.9964E-005
0.0908196 0.0720927 0.0517763 0.193853 0.00418691 9.9982E-005 0.00535392 0.328347 0.253371 9.9982E-005
0.0659359 9.9991E-005 0.00284608 0.327512 0.0166341 0.0186103 0.0416583 0.03965 0.25145 0.235604
0.00944235 0.054744 9.9955E-005 0.232141 9.9955E-005 9.9955E-005 9.9955E-005 0.242892 0.460281 9.9955E-005
9.9964E-005 0.195936 0.0431539 0.194784 0.0584442 9.9964E-005 9.9964E-005 0.366163 0.141119 9.9964E-005
0.0456961 9.9964E-005 9.9964E-005 0.524061 0.0339542 0.0870898 9.9964E-005 0.266625 0.042174 9.9964E-005
9.9973E-005 0.0108734 0.00356497 0.172398 9.9973E-005 0.0454613 9.9973E-005 0.189559 0.0335315 0.544311
0.00236754 0.0452655 0.0147113 9.9973E-005 0.0352725 9.9973E-005 0.0198437 0.025448 9.9973E-005 0.856791
0.00601152 0.0571566 0.0849168 0.396012 9.9982E-005 9.9982E-005 0.000408831 0.141489 0.247912 0.0658941
0.00685591 0.0470816 0.121955 0.438217 0.0278067 0.0675372 9.9982E-005 0.163072 9.9982E-005 0.127275
0.0335517 0.099212 0.112591 0.170888 0.110327 0.0695676 0.00643086 0.0456774 0.305673 0.0460817
9.9964E-005 0.0545547 9.9964E-005 0.214001 0.0143397 9.9964E-005 9.9964E-005 0.145596 0.459757 0.111352
0.000962303 0.144078 0.0339884 0.307088 9.9973E-005 9.9973E-005 0.0767596 9.9973E-005 0.210704 0.22612
9.9964E-005 0.0749057 0.183949 0.353755 9.9964E-005 9.9964E-005 0.020118 0.284079 9.9964E-005 0.0827934
0.0856486 0.133035 9.9982E-005 0.412726 0.03015 0.0105004 0.0299393 0.212861 0.0849388 9.9982E-005
0.0308375 0.0244321 9.9973E-005 0.4083 0.017511 0.0500746 9.9973E-005 0.449412 9.9973E-005 0.0191332
0.0669741 0.0423549 9.9973E-005 0.497437 0.102961 9.9973E-005 0.00842775 0.258682 0.022863 9.9973E-005
0.00836154 0.162933 0.0247802 0.570934 0.0417928 0.0191263 9.9982E-005 0.156413 0.0154592 9.9982E-005
0.00662813 9.9946E-005 9.9946E-005 0.598335 9.9946E-005 9.9946E-005 9.9946E-005 0.210489 0.183948 9.9946E-005
9.9955E-005 0.0530382 9.9955E-005 0.43582 0.0438214 9.9955E-005 9.9955E-005 0.291543 0.175277 9.9955E-005
0.14214 0.0805053 9.9964E-005 0.0639352 9.9964E-005 9.9964E-005 0.0624123 0.267235 0.383372 9.9964E-005
0.0534128 0.0303918 0.0179595 0.451131 9.9973E-005 0.121054 9.9973E-005 0.196124 0.129627 9.9973E-005
0.078331 0.00536406 0.221355 0.36483 9.9964E-005 9.9964E-005 9.9964E-005 0.163732 0.165988 9.9964E-005
0.0911275 0.0263271 0.017925 0.432276 9.9982E-005 0.12719 0.0635701 0.0472404 0.194144 9.9982E-005
9.9964E-005 0.0934429 0.0429115 0.400605 0.0246268 9.9964E-005 9.9964E-005 0.234737 0.203277 9.9964E-005
0.0553211 9.9973E-005 0.102731 0.48381 0.0582722 9.9973E-005 0.00794039 0.140248 9.9973E-005 0.151378
0.00117133 0.0399005 0.112684 0.252808 0.0358315 0.015902 0.0408722 9.9982E-005 9.9982E-005 0.500631
9.9973E-005 0.0803469 0.0844774 0.0164367 0.0320526 9.9973E-005 9.9973E-005 0.122674 0.329913 0.3338
0.0367629 9.9955E-005 9.9955E-005 0.13398 0.0464537 0.0601255 9.9955E-005 9.9955E-005 9.9955E-005 0.722178
9.9964E-005 0.0776032 9.9964E-005 0.465299 0.0298947 9.9964E-005 0.0116945 0.329177 0.0859323 9.9964E-005
9.9955E-005 9.9955E-005 0.0553569 0.0326872 0.0835309 9.9955E-005 9.9955E-005 0.107434 9.9955E-005 0.720491
0.00818877 0.00690493 9.9973E-005 0.0895659 9.9973E-005 0.0278476 0.0214544 9.9973E-005 0.229809 0.61593
0.0724092 9.9982E-005 0.109337 0.370198 0.0137724 9.9982E-005 0.0821634 0.197146 0.137623 0.0171503
0.072863 9.9973E-005 0.15012 0.454947 0.023608 9.9973E-005 0.063661 0.121399 0.113102 9.9973E-005
0.0582819 9.9982E-005 0.0813285 0.395524 0.0115741 0.0420955 0.0110446 0.283893 0.116058 9.9982E-005
0.0179874 0.0198373 9.9973E-005 9.9973E-005 0.00158583 9.9973E-005 0.0203679 0.0270304 0.285441 0.62745
0.0643786 9.9955E-005 9.9955E-005 0.556146 9.9955E-005 9.9955E-005 0.0405118 0.284365 0.0540982 9.9955E-005
0.0189747 9.9973E-005 0.0497453 0.0429953 0.0251666 9.9973E-005 0.060464 9.9973E-005 0.5325 0.269855
0.108543 0.130162 0.16651 0.279324 9.9955E-005 9.9955E-005 9.9955E-005 0.314961 9.9955E-005 9.9955E-005
0.0362714 0.152155 0.0118595 9.9955E-005 0.0481626 9.9955E-005 9.9955E-005 9.9955E-005 9.9955E-005 0.751052
9.9982E-005 0.0243093 0.0664095 0.287022 0.0596632 0.067801 0.0246283 9.9982E-005 0.398775 0.0711921
9.9964E-005 9.9964E-005 9.9964E-005 0.576041 0.0154702 9.9964E-005 0.0439621 0.21297 0.10458 0.0465766
9.9955E-005 0.0511338 9.9955E-005 0.663236 9.9955E-005 9.9955E-005 0.0425158 0.175766 0.0668488 9.9955E-005
0.092895 0.0205543 9.9964E-005 0.343809 9.9964E-005 0.0479476 9.9964E-005 0.320208 0.174186 9.9964E-005
9.9946E-005 9.9946E-005 0.0822514 0.219602 9.9946E-005 9.9946E-005 0.0283 9.9946E-005 9.9946E-005 0.669247
0.0266884 0.049727 0.00708006 0.189745 0.00498138 9.9991E-005 0.0309395 0.36481 0.144927 0.181002
9.9982E-005 0.160958 9.9982E-005 0.0416111 0.012095 0.0377105 0.0577932 0.0979113 0.343254 0.248467
0.095805 9.9973E-005 0.129699 0.375041 0.0509631 9.9973E-005 0.062746 0.254906 0.0305396 9.9973E-005
9.9964E-005 0.102195 9.9964E-005 0.031605 9.9964E-005 0.0119487 9.9964E-005 0.053161 0.141769 0.658921
0.0295639 9.9973E-005 9.9973E-005 0.128136 0.0556533 0.20607 9.9973E-005 0.306756 0.20782 0.065701
9.9964E-005 9.9964E-005 9.9964E-005 0.0483753 0.101112 9.9964E-005 0.0373443 0.174747 0.377809 0.260212
0.0462177 0.0571042 9.9973E-005 0.441871 9.9973E-005 0.0639908 9.9973E-005 0.321432 0.0468719 0.022213
0.00707006 0.164477 9.9982E-005 0.00534573 0.0325608 9.9982E-005 0.0786491 0.221886 0.329535 0.160277
9.9955E-005 9.9955E-005 0.00428106 9.9955E-005 0.0230024 9.9955E-005 9.9955E-005 0.485322 0.00342711 0.483468
0.0517563 0.0708588 0.189131 0.427257 0.0417496 0.0196866 0.0427192 0.0530898 0.103651 9.9991E-005
0.0344608 0.0799176 0.14125 0.402292 9.9973E-005 9.9973E-005 0.0924608 0.036409 0.212909 9.9973E-005
0.0191476 0.109504 9.9964E-005 0.224554 9.9964E-005 9.9964E-005 0.0518866 0.416355 0.178154 9.9964E-005
0.0157329 0.151701 0.00730215 0.390782 0.0184775 0.0516572 9.9991E-005 0.346417 0.00397363 0.013857
0.0233354 0.0943354 0.0502471 0.0200356 9.9973E-005 9.9973E-005 9.9973E-005 0.174976 0.335273 0.301498
0.00152872 0.0563634 0.0158008 0.401626 0.0905505 0.108265 9.9982E-005 0.0182852 0.30738 9.9982E-005
0.0167407 9.9964E-005 0.114041 0.517655 0.0420621 9.9964E-005 0.0587294 0.250372 9.9964E-005 9.9964E-005
0.00485077 9.9973E-005 0.0895158 0.579857 0.000585942 9.9973E-005 9.9973E-005 0.138144 0.106805 0.0799412
0.0161778 9.9973E-005 0.0746561 0.117933 0.00817741 9.9973E-005 0.0581748 9.9973E-005 0.402823 0.321758
0.0694281 0.124807 0.01247 0.316262 9.9973E-005 9.9973E-005 0.0438293 9.9973E-005 0.194741 0.238163
0.0353943 0.0570069 0.00583721 0.250984 0.0727251 9.9973E-005 9.9973E-005 0.545927 0.0318258 9.9973E-005
0.0448369 0.188809 0.184784 9.9973E-005 9.9973E-005 9.9973E-005 0.0258236 0.160645 0.288401 0.1064
0.0370868 0.0477906 0.0343302 0.144578 0.0134653 9.9991E-005 0.0844596 0.311362 0.135461 0.191367
0.0536565 0.0860191 0.02038 0.281357 9.9973E-005 9.9973E-005 0.0321037 0.302209 0.223975 9.9973E-005
0.0328579 0.0241289 0.0389712 0.317254 0.0351139 9.9982E-005 0.07503 9.9982E-005 0.21244 0.264004
0.0832163 0.176344 9.9973E-005 0.13729 0.00264378 0.00443148 9.9973E-005 0.0444974 0.551277 9.9973E-005
9.9982E-005 0.0295955 0.00660557 0.308703 0.0510355 9.9982E-005 0.0348424 0.0245543 0.200613 0.343851
9.9955E-005 0.0472578 9.9955E-005 0.657795 0.0118338 9.9955E-005 0.17516 0.107453 9.9955E-005 9.9955E-005
9.9964E-005 0.159432 0.0291052 0.656809 0.0179528 9.9964E-005 9.9964E-005 0.0625064 0.0737944 9.9964E-005
0.0207757 9.9964E-005 0.0127461 0.522851 0.0612527 9.9964E-005 9.9964E-005 0.171088 0.210886 9.9964E-005
0.102025 0.0100926 0.0592954 0.532304 0.0107449 9.9973E-005 0.0643026 0.220935 9.9973E-005 9.9973E-005
0.13072 0.0609255 9.9982E-005 0.312286 0.0373655 0.0399906 0.117219 0.18152 0.119774 9.9982E-005
0.0416601 0.139325 0.027673 0.46991 0.00756905 0.0414793 9.9982E-005 0.184549 0.0876346 9.9982E-005
9.9955E-005 0.0501219 9.9955E-005 0.293339 0.0987848 9.9955E-005 9.9955E-005 9.9955E-005 0.36124 0.196014
9.9964E-005 0.0772541 9.9964E-005 0.208954 9.9964E-005 0.0502632 0.00703698 0.238908 0.417184 9.9964E-005
9.9964E-005 0.0310332 0.0440807 0.597899 0.0227065 9.9964E-005 9.9964E-005 0.294753 0.00912846 9.9964E-005
0.0296529 9.9964E-005 9.9964E-005 0.602982 0.0428464 9.9964E-005 0.0958256 0.190481 9.9964E-005 0.0378123
0.0317341 0.0465718 0.107807 0.339169 0.0477835 0.0357084 9.9982E-005 0.0872835 0.303742 9.9982E-005
9.9991E-005 0.00559172 0.0197347 0.128529 0.119315 0.021549 0.00521655 0.159783 0.363978 0.176203
0.118573 0.0875476 0.0222741 0.0904458 0.0487105 9.9973E-005 0.0233497 0.608799 9.9973E-005 9.9973E-005
9.9982E-005 0.127886 0.0320546 0.4453 0.0160473 9.9982E-005 0.107579 0.227274 0.00623677 0.0374219
0.0187345 9.9964E-005 0.0590701 0.0623149 0.0123309 9.9964E-005 9.9964E-005 9.9964E-005 0.117976 0.729174
0.0303649 0.0733815 9.9973E-005 0.185799 9.9973E-005 9.9973E-005 0.0151288 0.0890763 0.0463098 0.55964
0.0570865 0.124149 0.170631 0.374345 0.0310893 9.9973E-005 9.9973E-005 0.132459 0.10994 9.9973E-005
0.00596548 0.0381154 0.0548805 0.280091 0.00944114 0.282998 0.0256548 0.302654 9.9982E-005 9.9982E-005
9.9964E-005 9.9964E-005 0.242836 9.9964E-005 9.9964E-005 0.257897 0.138415 0.265657 0.0682934 0.0265027
0.0199493 0.0388208 0.198535 0.387284 0.0489061 0.262325 0.0313521 9.9982E-005 0.0126279 9.9982E-005
9.9964E-005 0.14522 9.9964E-005 0.315902 9.9964E-005 0.0239684 0.0104045 0.376867 0.127238 9.9964E-005
0.0325993 9.9973E-005 0.12858 0.187595 0.0758509 0.399412 0.035368 0.140295 9.9973E-005 9.9973E-005
9.9973E-005 0.151668 0.0368546 0.151526 0.0179284 0.251302 0.119634 0.270787 9.9973E-005 9.9973E-005
0.0351988 0.0209878 9.9973E-005 0.164772 9.9973E-005 0.520008 0.0431622 0.0796927 0.135879 9.9973E-005
9.9964E-005 0.213583 0.235112 9.9964E-005 0.0366284 0.243482 0.054017 0.216778 9.9964E-005 9.9964E-005
9.9982E-005 0.153583 0.0932245 0.210857 0.0390998 0.299188 0.0693 0.0840953 0.0504521 9.9982E-005
9.9973E-005 0.185754 0.00759294 0.327428 0.0187572 0.246522 0.0884402 9.9973E-005 0.125206 9.9973E-005
0.0398805 9.9982E-005 0.0481905 0.130556 0.0470967 0.104841 0.116536 0.149912 0.362788 9.9982E-005
9.9982E-005 0.020507 0.0401275 0.0320754 9.9982E-005 0.389661 0.0449072 0.418785 0.0463607 0.00737665
9.9982E-005 0.0919093 0.0481647 0.302312 0.0619046 0.126601 0.0826901 0.212488 0.0737296 9.9982E-005
0.0272054 0.204186 0.235298 9.9964E-005 0.00388519 0.0378069 9.9964E-005 0.491218 9.9964E-005 9.9964E-005
0.0232078 0.0961654 0.0802976 0.177281 0.020624 0.297031 0.00596236 0.29923 9.9982E-005 9.9982E-005
0.0162538 9.9982E-005 0.116227 9.9982E-005 0.0769908 0.372552 0.107845 0.117954 0.175584 0.0163931
0.0508229 0.0181688 9.9982E-005 0.160587 0.0434544 0.280119 0.0568734 0.320227 0.0695484 9.9982E-005
9.9982E-005 0.0629255 0.165207 0.199697 0.0184759 0.190808 0.0561796 0.0177213 0.288785 9.9982E-005
0.0510449 0.0116724 0.0490165 9.9973E-005 0.00483348 9.9973E-005 0.0994698 0.0593776 9.9973E-005 0.724285
0.0421517 0.179824 9.9982E-005 0.0939061 9.9982E-005 0.17867 0.0956399 0.397605 0.00619733 0.00580606
0.0368378 0.0980927 0.0187055 0.0899189 0.0867628 0.203138 0.0601948 0.317809 0.0884405 9.9991E-005
