0.492876 0.0339967 0.473027 9.9991E-005
0.349425 0.0141679 0.614599 0.0218072
0.316391 9.9991E-005 0.601174 0.0823354
0.265903 0.038359 0.551534 0.144205
0.260377 9.9991E-005 0.711099 0.0284244
9.9991E-005 0.0850006 0.0254764 0.889423
0.317207 0.0989485 0.583744 9.9991E-005
0.00117369 9.9991E-005 0.0359841 0.962742
0.270181 0.0801423 0.615075 0.0346015
0.531746 9.9982E-005 0.468054 9.9982E-005
0.27594 9.9991E-005 0.697898 0.0260622
0.242371 9.9991E-005 0.505509 0.25202
0.368378 9.9982E-005 0.631422 9.9982E-005
0.142297 9.9991E-005 0.735297 0.122306
0.12246 9.9991E-005 0.148927 0.728513
0.299093 0.00290546 0.623817 0.0741844
0.383781 9.9991E-005 0.449012 0.167107
0.141252 0.232545 0.626103 9.9991E-005
0.153243 0.0515839 0.76836 0.0268125
0.445113 9.9982E-005 0.554687 9.9982E-005
9.9982E-005 0.0360067 0.963793 9.9982E-005
0.316367 9.9991E-005 0.564577 0.118956
0.413162 9.9982E-005 0.586638 9.9982E-005
0.290861 9.9991E-005 0.0181189 0.69092
0.184373 0.1527 0.662827 9.9991E-005
0.184263 9.9991E-005 0.0950061 0.720631
0.0552016 0.0525985 0.375912 0.516288
0.00459358 9.9991E-005 0.607639 0.387668
0.128574 9.9991E-005 0.0758162 0.79551
0.144981 9.9991E-005 0.768229 0.0866899
0.157958 0.0393085 0.255484 0.547249
0.26378 0.0640801 0.667549 0.00459063
0.221914 0.00424651 0.463247 0.310593
9.9982E-005 9.9982E-005 0.0870257 0.912774
0.0227454 0.0310021 9.9991E-005 0.946152
0.0874031 0.057225 0.771091 0.0842812
0.189886 9.9991E-005 0.654341 0.155674
0.131096 0.138693 0.730111 9.9991E-005
0.24894 9.9982E-005 9.9982E-005 0.75086
0.300029 0.0669676 0.146549 0.486454
0.0498818 0.109053 0.52827 0.312795
0.14597 0.00383701 0.788456 0.061737
0.1635 9.9991E-005 0.695205 0.141195
0.0631017 0.0527584 0.264301 0.619839
0.297778 0.141396 0.560726 9.9991E-005
0.349323 0.199635 0.450942 9.9991E-005
0.235934 0.0804689 0.60274 0.0808573
0.18944 0.020008 0.690291 0.100261
0.419295 0.0705686 0.395128 0.115009
0.169578 9.9991E-005 0.262045 0.568277
0.297374 0.0268129 0.675713 9.9991E-005
0.302851 0.073385 0.155966 0.467798
0.347135 0.138121 0.482192 0.0325516
9.9982E-005 9.9982E-005 0.0772439 0.922556
0.241204 9.9991E-005 0.280458 0.478237
0.342281 9.9982E-005 0.657519 9.9982E-005
0.49946 9.9982E-005 0.50034 9.9982E-005
0.345023 9.9991E-005 0.498131 0.156746
0.378756 9.9991E-005 0.26537 0.355774
0.0503236 9.9991E-005 0.578822 0.370754
0.0058149 0.0717708 0.00305506 0.919359
9.998E-005 9.998E-005 9.998E-005 0.9997
0.107991 0.0967539 0.777398 0.0178579
9.998E-005 9.998E-005 9.998E-005 0.9997
0.302751 0.0468305 0.617995 0.0324228
0.0675452 9.9991E-005 0.0424513 0.889903
0.336644 9.9982E-005 0.663156 9.9982E-005
0.342585 0.0984683 0.387787 0.17116
0.371276 0.0598453 0.568779 9.9991E-005
0.0272895 0.0967969 0.0389041 0.837009
0.628726 0.060312 0.310862 9.9991E-005
0.33767 0.00163733 0.641301 0.0193918
0.266236 0.020901 0.378802 0.334062
0.433763 0.0113689 0.554768 9.9991E-005
0.284617 0.0844669 0.603473 0.027443
0.272099 9.9991E-005 0.331761 0.39604
0.284197 0.0234614 0.68639 0.00595173
0.329026 0.0437994 0.41245 0.214724
0.300416 0.00721716 0.532113 0.160253
0.154571 0.101745 0.703045 0.0406396
0.595167 9.9982E-005 0.404633 9.9982E-005
0.224443 0.0177605 0.716107 0.0416898
0.402495 9.9991E-005 0.533677 0.0637282
0.395924 9.9982E-005 0.603876 9.9982E-005
0.411614 9.9982E-005 0.588186 9.9982E-005
0.435371 9.9991E-005 0.393174 0.171356
0.175461 9.9991E-005 0.472634 0.351806
0.161338 9.9991E-005 0.479227 0.359336
9.9982E-005 9.9982E-005 0.133057 0.866743
0.155629 0.180407 0.404788 0.259175
0.408236 0.0742733 0.44651 0.0709811
9.9982E-005 9.9982E-005 0.401921 0.597879
0.277237 9.9991E-005 0.662913 0.0597505
0.189393 9.9991E-005 0.55139 0.259117
0.187035 9.9991E-005 0.232078 0.580788
0.144319 9.9982E-005 9.9982E-005 0.855481
0.262267 9.9991E-005 0.597446 0.140187
0.241786 0.0573329 0.565794 0.135087
0.668174 9.9991E-005 0.270127 0.0615986
0.190883 9.9991E-005 0.557985 0.251032
0.206525 0.0755429 0.186954 0.530977
0.229435 9.9991E-005 0.731342 0.0391233
0.34099 0.124963 0.533948 9.9991E-005
0.372769 9.9982E-005 0.627031 9.9982E-005
0.38259 0.0215488 0.595761 9.9991E-005
0.109656 9.9982E-005 9.9982E-005 0.890144
0.305637 0.0848158 0.0821798 0.527368
0.481163 9.9982E-005 0.518637 9.9982E-005
0.477952 9.9991E-005 0.474324 0.0476233
0.225681 0.0482235 0.710306 0.0157897
0.033235 9.9991E-005 0.442415 0.52425
9.998E-005 9.998E-005 9.998E-005 0.9997
9.9982E-005 9.9982E-005 0.500055 0.499745
0.110054 0.13617 0.753676 9.9991E-005
0.412054 9.9991E-005 0.52119 0.0666564
0.485291 0.00777171 0.49723 0.00970798
0.342212 9.9982E-005 0.657588 9.9982E-005
9.998E-005 9.998E-005 9.998E-005 0.9997
0.247266 0.0630279 0.676107 0.0135997
0.370026 9.9982E-005 0.629774 9.9982E-005
0.325251 9.9991E-005 0.596798 0.0778513
0.043917 9.9991E-005 0.3184 0.637583
0.0774873 0.0209527 0.90146 9.9991E-005
0.247314 0.137898 0.576487 0.0383006
0.273684 0.0100887 0.716127 9.9991E-005
0.332792 9.9991E-005 0.535314 0.131794
0.0219819 9.9991E-005 0.324101 0.653818
0.0343164 0.030708 9.9991E-005 0.934876
0.308899 0.101741 0.58926 9.9991E-005
0.443033 0.0749948 0.481872 9.9991E-005
0.332181 9.9991E-005 0.651661 0.0160584
0.279844 0.136499 0.57543 0.00822637
0.0820267 9.9991E-005 0.497914 0.41996
0.166879 0.267798 0.483206 0.082117
0.107888 9.9991E-005 0.715844 0.176168
0.9997 9.998E-005 9.998E-005 9.998E-005
0.26422 0.00614528 0.176598 0.553037
0.187103 0.00018577 0.499653 0.313059
0.895238 9.9982E-005 9.9982E-005 0.104562
0.273355 9.9991E-005 0.102565 0.62398
0.0909059 9.9991E-005 0.737126 0.171868
0.175981 0.122272 0.34823 0.353517
0.0286761 0.045401 0.560785 0.365138
0.168575 0.114426 0.438829 0.27817
9.9991E-005 0.0448221 0.123551 0.831527
0.279417 0.00358138 0.430064 0.286937
0.264886 9.9991E-005 0.489253 0.245761
0.281488 0.0867829 0.631629 9.9991E-005
0.555004 0.0599612 0.384935 9.9991E-005
0.41605 0.12021 0.46364 9.9991E-005
0.0687905 0.0783723 0.799873 0.052964
0.094907 0.0539914 0.507205 0.343896
9.9982E-005 9.9982E-005 0.165437 0.834363
0.153698 0.107327 0.212807 0.526168
0.418123 0.0778698 0.447472 0.0565354
0.183673 0.157393 0.658835 9.9991E-005
0.038717 0.0065259 0.0143272 0.94043
0.204015 0.143058 0.652827 9.9991E-005
0.540294 9.9982E-005 0.459506 9.9982E-005
0.251091 9.9991E-005 0.555282 0.193526
0.371238 0.0417464 0.579679 0.00733693
0.167018 0.0522766 0.512507 0.268198
0.582213 9.9991E-005 0.303656 0.114031
0.397273 0.00663102 0.554895 0.0412009
0.238492 0.0337274 0.727681 9.9991E-005
0.388087 9.9982E-005 0.611713 9.9982E-005
0.351754 0.092354 0.317979 0.237913
0.172299 0.00985884 0.195609 0.622233
0.27127 0.00563208 0.427108 0.29599
0.43193 0.142044 0.344569 0.0814571
0.417471 0.0489189 0.332571 0.201039
0.287527 9.9991E-005 0.608254 0.104118
9.998E-005 9.998E-005 9.998E-005 0.9997
0.182241 9.9991E-005 0.675252 0.142407
0.391895 9.9991E-005 0.206409 0.401596
0.49188 0.125055 0.320013 0.0630518
0.22454 9.9991E-005 0.498118 0.277241
0.186268 0.00925592 0.168237 0.636239
0.141481 0.0126493 0.384032 0.461837
0.158978 0.00239826 0.27019 0.568434
0.143058 9.9991E-005 0.831324 0.0255178
9.9991E-005 0.00423951 0.0705906 0.92507
0.0639311 0.033618 0.454006 0.448445
0.382397 0.0918001 0.518535 0.00726793
9.998E-005 9.998E-005 9.998E-005 0.9997
0.0859627 9.9991E-005 0.291495 0.622442
0.168573 0.0625993 0.699853 0.0689753
0.118964 9.9991E-005 0.389013 0.491922
0.27859 9.9991E-005 0.564255 0.157055
0.180471 0.00345507 0.815974 9.9991E-005
0.080669 0.0967077 0.424037 0.398587
0.239087 9.9982E-005 0.760713 9.9982E-005
0.152217 9.9982E-005 0.847583 9.9982E-005
0.262542 0.127749 0.605049 0.00466022
0.423139 0.0870343 0.204427 0.2854
0.154394 9.9991E-005 0.588901 0.256605
0.255727 0.116123 0.62805 9.9991E-005
0.277143 0.0120447 0.556302 0.15451
0.274607 0.202529 0.498977 0.023886
0.266194 0.122353 0.606312 0.00514088
0.226166 0.065406 0.34448 0.363949
0.281898 9.9982E-005 0.717902 9.9982E-005
0.295021 0.118819 0.5343 0.0518602
0.328487 0.282963 0.378679 0.00987117
0.295443 0.414666 0.289791 9.9991E-005
0.475424 0.0483082 0.148552 0.327716
0.350212 0.0571362 0.592552 9.9991E-005
0.135343 0.00710448 0.605055 0.252497
0.266338 0.0400636 0.643641 0.0499567
0.252286 0.0739704 0.673644 9.9991E-005
0.231579 0.14439 0.611132 0.0128997
0.156671 9.9991E-005 0.41653 0.4267
9.9991E-005 0.00507159 0.502142 0.492686
0.175454 9.9982E-005 0.824346 9.9982E-005
0.344063 0.108377 0.54746 9.9991E-005
0.217557 0.0549766 0.727367 9.9991E-005
0.257682 0.132597 0.559482 0.0502379
0.282475 9.9991E-005 0.321082 0.396343
0.220275 0.00941766 0.538801 0.231506
0.448994 0.156356 0.39455 9.9991E-005
0.305792 9.9991E-005 0.0595594 0.634549
0.132159 9.9991E-005 0.670431 0.19731
0.225404 0.151854 0.425072 0.19767
0.160239 9.9982E-005 9.9982E-005 0.839561
0.156716 0.134926 0.636062 0.0722958
0.431089 9.9991E-005 0.497674 0.0711369
0.239631 9.9991E-005 0.747196 0.0130727
0.417686 9.9991E-005 0.551065 0.0311491
0.354967 0.181622 0.463311 9.9991E-005
0.346476 9.9991E-005 0.582463 0.0709606
0.135383 9.9982E-005 0.864417 9.9982E-005
0.387988 9.9982E-005 0.611812 9.9982E-005
0.218057 9.9991E-005 0.53104 0.250804
0.582934 9.9982E-005 0.416866 9.9982E-005
0.403142 9.9982E-005 0.596658 9.9982E-005
0.146307 0.000695804 0.578734 0.274263
0.438181 9.9991E-005 0.52423 0.0374889
0.391344 9.9982E-005 0.608456 9.9982E-005
0.0472548 9.9991E-005 0.57521 0.377436
0.277928 9.9991E-005 0.371985 0.349988
0.0650642 9.9991E-005 0.905182 0.029654
0.0692991 9.9991E-005 0.378026 0.552575
0.342159 0.017575 0.640166 9.9991E-005
0.129679 9.9991E-005 0.536696 0.333525
0.244264 0.149175 0.606461 9.9991E-005
0.475056 9.9991E-005 0.242097 0.282748
0.0651915 0.118918 0.451119 0.364771
0.33472 9.9991E-005 0.13615 0.52903
0.0354985 0.0749234 0.848708 0.0408705
0.417901 9.9982E-005 0.581899 9.9982E-005
0.207099 9.9991E-005 0.424613 0.368188
0.384583 0.0606276 0.501657 0.0531322
0.2146 0.0224712 0.762829 9.9991E-005
0.032031 0.00206924 9.9991E-005 0.9658
0.468038 9.9991E-005 0.52419 0.00767202
0.197247 0.0276933 0.77496 9.9991E-005
0.18538 9.9982E-005 0.81442 9.9982E-005
0.274236 9.9991E-005 0.679658 0.0460053
0.39782 9.9991E-005 0.579524 0.0225553
0.266356 9.9982E-005 0.733444 9.9982E-005
0.0720591 9.9991E-005 0.890727 0.037114
0.143466 0.0391435 0.730262 0.0871291
0.26425 0.0441676 0.072537 0.619045
0.233732 9.9991E-005 0.754121 0.0120467
0.343563 0.00302875 0.653309 9.9991E-005
0.222049 0.0744999 0.449078 0.254374
0.258948 9.9991E-005 0.264973 0.475978
0.428927 0.0658429 0.50513 9.9991E-005
0.145985 9.9991E-005 0.591539 0.262376
0.219108 9.9982E-005 0.780692 9.9982E-005
0.151614 9.9991E-005 0.476452 0.371834
0.41824 0.038697 0.391994 0.15107
0.237354 9.9991E-005 0.235898 0.526647
0.236531 9.9991E-005 0.532709 0.23066
0.276801 0.186072 0.448871 0.0882558
0.21737 0.00054009 0.533467 0.248623
0.358191 9.9982E-005 0.641609 9.9982E-005
0.383235 9.9991E-005 0.554086 0.0625791
0.465896 0.0298403 0.440243 0.0640207
0.342003 9.9991E-005 0.332072 0.325825
0.234932 0.0595577 0.638076 0.0674343
0.259024 0.139764 0.601113 9.9991E-005
0.187594 0.079805 0.732501 9.9991E-005
0.0505786 0.138009 0.202382 0.609031
9.9991E-005 0.0282189 0.00672839 0.964953
0.208254 0.0650565 0.667414 0.0592751
0.132206 0.120138 0.624267 0.123389
0.324054 0.190621 0.351856 0.13347
0.172588 9.9991E-005 0.636423 0.190888
0.0593715 0.189523 0.466445 0.28466
0.37731 9.9991E-005 0.549104 0.0734851
0.305378 0.148672 0.54585 9.9991E-005
0.257831 0.0478197 0.683688 0.0106614
0.289206 9.9991E-005 0.695276 0.0154181
0.156432 0.111321 0.732147 9.9991E-005
0.34233 9.9982E-005 0.65747 9.9982E-005
0.276449 9.9982E-005 0.723351 9.9982E-005
0.726627 9.9991E-005 0.217659 0.0556135
0.231879 0.12789 0.62609 0.0141413
0.439127 9.9991E-005 0.539896 0.020877
0.258126 0.111259 0.625751 0.00486421
0.00189774 0.111359 0.820474 0.0662695
0.298771 0.00264613 0.494187 0.204396
0.281371 0.137228 9.9991E-005 0.581301
0.279802 9.9991E-005 0.24052 0.479578
9.9991E-005 0.0775365 0.0902318 0.832132
0.267821 9.9982E-005 0.731979 9.9982E-005
0.156712 9.9991E-005 0.00116332 0.842024
0.0793746 0.0286615 0.0823442 0.80962
0.30499 0.036283 0.615249 0.0434785
0.356908 0.209714 0.433278 9.9991E-005
0.411924 0.0767729 0.495795 0.0155085
0.0540594 0.0157356 0.168981 0.761224
0.169574 0.00978359 0.820542 9.9991E-005
0.195097 9.9991E-005 0.296134 0.508669
0.542537 9.9991E-005 0.449108 0.00825429
9.9982E-005 9.9982E-005 0.0963659 0.903434
0.162124 0.0147381 0.672865 0.150273
0.107322 0.0387454 0.826207 0.0277258
0.284664 9.9982E-005 0.715136 9.9982E-005
0.539539 0.0195179 0.440843 9.9991E-005
0.170358 9.9991E-005 0.0205008 0.809041
0.213973 9.9991E-005 0.54279 0.243137
0.259745 0.131312 0.168697 0.440245
0.42566 0.0692706 0.50497 9.9991E-005
0.059385 9.9991E-005 0.143901 0.796614
0.21839 0.31066 0.363773 0.107177
0.0793592 0.0574802 0.413254 0.449907
0.179832 0.123587 0.694023 0.00255868
0.301359 0.0504791 0.356066 0.292097
0.178398 9.9991E-005 0.235084 0.586418
0.548658 0.119164 0.332078 9.9991E-005
0.397809 0.036293 0.550199 0.015699
0.301019 0.0902656 0.608615 9.9991E-005
0.212529 0.140245 0.647126 9.9991E-005
0.246655 9.9991E-005 0.300371 0.452874
0.184117 0.0813744 0.717195 0.0173136
0.201431 0.108143 0.690326 9.9991E-005
0.271234 9.9982E-005 0.728566 9.9982E-005
0.286319 9.9991E-005 0.165091 0.548489
0.370716 9.9991E-005 0.310079 0.319105
0.212543 0.10737 0.674192 0.00589527
0.484717 0.109526 0.191771 0.213985
0.157346 0.0168679 0.540083 0.285703
0.507133 0.0636895 0.429078 9.9991E-005
0.138725 0.108508 0.329864 0.422903
0.243607 0.0696973 0.561893 0.124803
0.0849693 9.9991E-005 0.387703 0.527228
0.20691 0.0863876 0.706602 9.9991E-005
0.303841 9.9982E-005 0.695959 9.9982E-005
0.164829 0.00724956 0.827822 9.9991E-005
0.461024 9.9982E-005 0.538776 9.9982E-005
0.385952 0.128836 0.485112 9.9991E-005
0.420134 0.040306 0.53946 9.9991E-005
0.006098 0.0195135 0.562869 0.41152
0.342091 0.0348431 0.520637 0.102429
0.238314 9.9982E-005 0.761486 9.9982E-005
0.127555 9.9991E-005 0.831554 0.0407905
0.274965 0.0678831 0.536357 0.120795
9.9991E-005 0.138684 0.536951 0.324265
0.375717 0.198636 0.425547 9.9991E-005
0.317872 0.121306 0.559222 0.00160062
0.202692 9.9982E-005 9.9982E-005 0.797108
0.180812 9.9991E-005 0.177414 0.641674
0.482787 9.9982E-005 0.517013 9.9982E-005
0.122979 0.510014 0.366907 9.9991E-005
0.22844 0.718301 9.9991E-005 0.053159
0.15316 0.54842 0.29832 9.9991E-005
0.319107 0.174031 0.506761 9.9991E-005
0.335248 0.632619 0.0320332 9.9991E-005
0.16592 0.67651 0.147866 0.00970381
9.9991E-005 0.733962 0.206356 0.0595826
0.24071 0.754961 9.9991E-005 0.00422951
0.0956007 0.637633 0.266667 9.9991E-005
0.331605 0.411121 0.257175 9.9991E-005
0.231072 0.451469 0.296582 0.0208782
0.167871 0.677921 0.135755 0.0184535
0.219538 0.27631 0.504052 9.9991E-005
0.357462 0.570086 0.0723523 9.9991E-005
0.120842 0.639448 0.23961 9.9991E-005
9.9991E-005 0.789659 0.130839 0.0794024
0.333018 0.512791 0.154091 9.9991E-005
0.247616 0.506292 0.245992 9.9991E-005
0.0885425 0.0865042 9.9991E-005 0.824853
0.302963 0.495667 0.20127 9.9991E-005
0.114495 0.567233 0.300972 0.0172999
0.247472 0.112785 0.504444 0.1353
0.0101282 0.953757 9.9991E-005 0.0360151
0.288671 0.711129 9.9982E-005 9.9982E-005
0.243588 0.215675 0.47564 0.0650973
0.0759691 0.752953 0.170978 9.9991E-005
0.014332 0.544274 0.441294 9.9991E-005
0.0172443 0.668896 0.31376 9.9991E-005
0.0583029 0.767655 0.133639 0.0404024
0.229849 0.730716 9.9991E-005 0.0393358
0.305325 0.694475 9.9982E-005 9.9982E-005
0.369876 0.60248 9.9991E-005 0.0275447
0.273156 0.647029 0.079715 9.9991E-005
0.0847668 0.610784 0.304349 9.9991E-005
0.0127991 0.767488 0.0736627 0.14605
0.063146 0.794705 0.116022 0.0261277
0.264507 0.644393 9.9991E-005 0.0910008
0.410443 0.112396 0.477061 9.9991E-005
0.173242 0.732576 0.0940814 9.9991E-005
0.177163 0.562008 0.229621 0.0312072
0.0541172 0.617836 0.312839 0.0152074
0.0493864 0.598303 0.329372 0.0229378
0.33651 0.66329 9.9982E-005 9.9982E-005
0.265337 0.145936 0.552485 0.0362421
0.183291 0.719279 0.095136 0.00229486
0.0494341 0.0847338 0.528035 0.337797
0.33782 0.247405 0.414675 9.9991E-005
0.273832 0.139403 0.546663 0.0401013
0.198825 0.620938 0.171143 0.00909462
0.221042 0.588303 0.190555 9.9991E-005
0.102072 0.779099 0.118165 0.00066452
0.121505 0.57075 0.307645 9.9991E-005
0.150682 0.554649 0.24301 0.0516583
0.0248338 0.741811 0.213925 0.0194298
0.239146 0.538044 0.22271 9.9991E-005
0.180434 0.819366 9.9982E-005 9.9982E-005
0.168057 0.64247 0.189373 9.9991E-005
0.846345 0.0643904 0.0879806 0.00128437
9.9982E-005 0.869128 0.130672 9.9982E-005
9.9991E-005 0.812662 0.16708 0.0201586
0.221592 0.724444 9.9991E-005 0.0538642
0.15086 0.789542 0.0594976 9.9991E-005
0.219445 0.182302 0.598153 9.9991E-005
0.175282 0.67471 0.149908 9.9991E-005
0.0476651 0.0731019 0.609688 0.269545
0.00955923 0.661434 0.318945 0.010062
0.139812 0.76975 9.9991E-005 0.090338
0.206517 0.114325 0.545019 0.134139
0.148953 0.597836 0.192142 0.0610687
9.9982E-005 0.744381 0.255419 9.9982E-005
0.692635 0.307165 9.9982E-005 9.9982E-005
0.11277 0.746632 0.140498 9.9991E-005
0.236294 0.478175 0.263492 0.0220397
0.109948 0.712372 0.17758 9.9991E-005
9.9991E-005 0.775959 0.167932 0.056009
0.232678 0.566531 0.190716 0.0100752
0.4501 0.231501 0.318298 9.9991E-005
0.272673 0.626196 0.101032 9.9991E-005
0.0685835 0.488509 0.404597 0.0383104
0.143105 0.0139044 9.9991E-005 0.842891
9.9991E-005 0.581254 0.413669 0.00497693
0.200929 0.029381 0.638415 0.131275
0.109137 0.856004 9.9991E-005 0.0347591
0.354048 0.441297 0.204555 9.9991E-005
0.328525 0.338925 0.33245 9.9991E-005
0.303325 0.0933361 0.603238 9.9991E-005
0.208497 0.586388 0.205015 9.9991E-005
0.025112 0.632233 0.342555 9.9991E-005
9.9982E-005 0.641955 0.357845 9.9982E-005
0.317437 0.56624 0.105666 0.0106558
0.415132 0.146758 0.39784 0.0402701
0.365338 0.585984 0.0485776 9.9991E-005
0.020221 0.609287 0.370392 9.9991E-005
0.149143 0.559003 0.291755 9.9991E-005
0.176737 0.0300662 0.765377 0.027819
0.22794 0.664539 0.107421 9.9991E-005
0.0211622 0.741091 0.236596 0.00115103
0.437209 0.493846 0.0688448 9.9991E-005
0.152109 0.579904 0.267888 9.9991E-005
0.324069 9.9991E-005 0.65074 0.025091
9.9982E-005 9.9982E-005 0.0603524 0.939448
0.192957 0.647511 0.159432 9.9991E-005
0.244266 0.462119 0.293515 9.9991E-005
0.444911 0.409272 0.145717 9.9991E-005
0.269145 0.640614 0.0744096 0.0158314
0.0312872 0.864736 0.0524034 0.0515736
0.193526 0.641109 0.165265 9.9991E-005
0.0564704 0.844935 0.0807017 0.0178928
0.228889 0.724131 9.9991E-005 0.0468796
0.00781101 0.746535 0.170093 0.0755607
0.429652 0.369082 0.201166 9.9991E-005
0.47425 0.0561803 0.46947 9.9991E-005
0.224284 0.771645 0.00397104 9.9991E-005
0.390611 0.466672 0.142618 9.9991E-005
0.368503 0.0389302 0.592467 9.9991E-005
0.318377 0.627849 9.9991E-005 0.0536732
0.417387 9.9982E-005 0.582413 9.9982E-005
0.410362 0.545691 9.9991E-005 0.0438471
0.0442973 0.7013 0.254303 9.9991E-005
0.305938 0.147224 0.523065 0.023773
0.0815834 0.676302 0.226864 0.0152508
0.03379 0.425243 0.540867 9.9991E-005
0.119292 0.619661 0.222115 0.0389327
0.00628837 0.0865224 0.186469 0.72072
0.0956292 0.666082 0.193959 0.0443296
0.155732 0.674126 0.138014 0.0321278
0.105153 0.704223 0.190525 9.9991E-005
0.0173313 0.704839 0.253185 0.0246446
0.237522 0.738667 9.9991E-005 0.0237105
0.300516 0.699284 9.9982E-005 9.9982E-005
0.359096 0.502939 0.137866 9.9991E-005
0.324938 9.9982E-005 0.674863 9.9982E-005
0.0940022 0.686126 0.13013 0.0897416
0.309679 0.690121 9.9982E-005 9.9982E-005
9.9982E-005 0.975962 9.9982E-005 0.0238378
0.362707 0.609793 9.9991E-005 0.0274
0.0692112 0.531184 0.392437 0.00716743
0.23177 0.395569 0.354361 0.0182995
0.414972 0.304249 0.280679 9.9991E-005
0.290143 0.484756 0.176743 0.048358
0.000174566 0.6244 0.347664 0.0277616
0.0441869 0.770895 0.149479 0.0354394
0.279866 9.9991E-005 0.686543 0.0334905
0.202325 0.340483 0.457092 9.9991E-005
9.9982E-005 0.943074 9.9982E-005 0.0567262
0.156227 0.7353 0.0901659 0.0183067
0.173509 0.600088 0.226304 9.9991E-005
0.239288 0.760513 9.9982E-005 9.9982E-005
0.358993 0.526204 0.0822495 0.0325537
0.244118 9.9991E-005 0.731443 0.024339
0.487646 0.0773365 0.398094 0.0369233
0.159974 0.577939 0.240302 0.0217849
0.321026 0.678774 9.9982E-005 9.9982E-005
0.0122954 0.67982 0.280135 0.0277499
0.377401 0.452041 0.170458 9.9991E-005
0.315771 0.684029 9.9982E-005 9.9982E-005
9.9982E-005 0.798166 0.201634 9.9982E-005
0.0368425 0.194564 0.475986 0.292607
0.182864 0.634554 0.166977 0.0156044
0.259392 0.582222 0.158286 9.9991E-005
0.0801286 0.296315 0.22562 0.397937
0.00148111 0.0506453 0.611323 0.33655
0.0633828 0.858085 0.0784327 9.9991E-005
0.274324 0.440916 0.197668 0.0870932
0.272704 0.727096 9.9982E-005 9.9982E-005
0.181085 0.104128 0.714687 9.9991E-005
0.172922 0.653035 0.152859 0.021183
0.301474 0.618722 0.0705052 0.00929886
0.0131127 0.18897 0.47144 0.326478
0.369015 0.614206 9.9991E-005 0.0166784
0.159751 0.673278 0.166871 9.9991E-005
0.373685 0.611193 0.0150221 9.9991E-005
9.9991E-005 0.704584 0.259413 0.0359029
0.0333015 0.784712 0.181887 9.9991E-005
0.304047 0.680299 0.0154102 0.000244247
0.322034 0.623917 9.9991E-005 0.053949
0.309483 0.545763 0.144654 9.9991E-005
0.20686 0.726981 0.0605105 0.005648
0.278863 0.58955 0.131487 9.9991E-005
0.239954 0.0352652 9.9991E-005 0.724681
0.103218 0.896582 9.9982E-005 9.9982E-005
9.9991E-005 0.885571 0.112377 0.00195129
0.257058 0.303604 0.423192 0.0161464
0.0835336 0.916266 9.9982E-005 9.9982E-005
0.288839 0.573046 0.138015 9.9991E-005
0.173355 0.730274 0.0624148 0.0339563
0.371931 0.308717 0.211476 0.107876
0.191424 0.722291 0.0861847 9.9991E-005
0.205491 0.767027 0.00167498 0.0258066
0.131668 0.61384 0.158601 0.0958909
0.24117 0.633899 0.12344 0.00149095
0.0424057 0.510165 0.430537 0.0168929
9.998E-005 9.998E-005 9.998E-005 0.9997
0.123363 0.601841 0.274696 9.9991E-005
0.258323 0.443782 0.297796 9.9991E-005
0.255059 0.55607 0.188771 9.9991E-005
0.296052 0.691493 0.0123556 9.9991E-005
0.334207 0.657638 9.9991E-005 0.00805501
0.216875 0.617798 0.112387 0.0529408
0.273744 9.9982E-005 9.9982E-005 0.726056
9.9982E-005 0.75324 0.24656 9.9982E-005
9.9991E-005 0.7288 0.267624 0.00347639
0.346988 0.602727 0.0501851 9.9991E-005
0.11326 0.684121 0.202519 9.9991E-005
0.265309 0.633597 0.0908162 0.0102771
0.0749699 0.821746 0.103184 9.9991E-005
0.135946 0.609397 0.254557 9.9991E-005
0.324255 0.485461 0.190184 9.9991E-005
0.170133 0.603981 0.200598 0.0252889
0.226008 0.551916 0.221976 9.9991E-005
0.395038 0.604762 9.9982E-005 9.9982E-005
0.238001 0.491319 0.27058 9.9991E-005
0.207601 0.47122 0.321079 9.9991E-005
0.0760911 0.746166 0.131957 0.0457862
0.136944 0.512171 0.350784 9.9991E-005
0.17988 0.432249 0.346343 0.0415281
0.332195 0.590767 0.0769377 9.9991E-005
0.100354 0.86315 9.9991E-005 0.0363956
0.348382 0.627414 9.9991E-005 0.0241046
0.467924 0.42576 0.106216 9.9991E-005
0.315112 0.338311 0.346477 9.9991E-005
0.139861 0.859939 9.9982E-005 9.9982E-005
0.352549 0.396202 0.251149 9.9991E-005
0.0798034 0.580909 0.339188 9.9991E-005
0.0145968 9.9991E-005 0.102605 0.882698
0.137444 0.048419 0.45646 0.357677
0.438149 0.0636598 0.245392 0.252799
0.0856633 0.0564813 0.238397 0.619458
0.350019 0.220867 0.390451 0.0386621
0.394382 0.206874 0.398644 9.9991E-005
0.70153 0.0323597 0.111787 0.154323
0.232402 0.725776 0.0417215 9.9991E-005
0.0881347 0.509681 0.402085 9.9991E-005
0.258777 0.741023 9.9982E-005 9.9982E-005
0.247086 0.334816 0.417998 9.9991E-005
0.0885301 0.534336 0.330354 0.0467799
0.125607 0.630943 0.203133 0.0403173
0.214482 0.494038 0.240751 0.050728
0.338366 0.528009 0.133525 9.9991E-005
0.287497 0.525408 0.186995 9.9991E-005
0.240893 0.722155 0.0126043 0.0243478
0.200198 0.530732 0.210129 0.0589408
0.385855 0.254458 0.290323 0.0693642
0.0831641 0.667015 0.185319 0.0645015
0.53398 0.46582 9.9982E-005 9.9982E-005
0.296187 0.5676 0.0520683 0.0841442
9.9991E-005 0.162454 0.0170403 0.820406
0.140824 0.134887 0.507006 0.217283
0.0550272 0.687925 0.256948 9.9991E-005
0.472807 0.526993 9.9982E-005 9.9982E-005
0.0791696 0.108378 0.603857 0.208596
0.117082 0.624718 0.2581 9.9991E-005
0.153482 0.846318 9.9982E-005 9.9982E-005
0.358088 9.9991E-005 0.603913 0.0378998
0.152867 0.736251 0.110782 9.9991E-005
0.227577 0.772223 9.9982E-005 9.9982E-005
0.0182066 0.511726 0.469968 9.9991E-005
0.0117751 0.632258 0.355867 9.9991E-005
0.145862 0.569908 0.160826 0.123403
0.169743 0.685285 0.140482 0.00449031
0.111667 0.204504 0.312859 0.37097
0.354961 0.552107 0.0928313 9.9991E-005
0.293468 0.543703 0.161408 0.00142052
0.126223 0.873577 9.9982E-005 9.9982E-005
0.437687 0.101446 0.241078 0.219789
0.574302 0.214588 0.207307 0.00380328
0.303341 0.263509 0.413382 0.0197669
0.454907 0.544894 9.9982E-005 9.9982E-005
0.245507 0.154424 0.563097 0.0369717
0.150189 0.776679 0.0730317 9.9991E-005
0.203286 0.38601 0.410604 9.9991E-005
0.175284 0.649901 0.172789 0.00202589
0.258722 0.507005 0.232189 0.00208416
0.0318788 0.218505 0.507212 0.242405
0.288457 0.551275 0.160168 9.9991E-005
9.9982E-005 0.067149 9.9982E-005 0.932651
0.405414 0.547439 0.0470464 9.9991E-005
0.306166 0.693634 9.9982E-005 9.9982E-005
9.998E-005 9.998E-005 9.998E-005 0.9997
9.9982E-005 0.09757 9.9982E-005 0.90223
0.109588 0.610916 0.279396 9.9991E-005
0.335409 0.326693 0.337798 9.9991E-005
0.326325 0.551493 0.103988 0.0181936
0.372447 0.588006 9.9991E-005 0.0394473
0.504438 0.45961 0.0358525 9.9991E-005
0.233277 0.766523 9.9982E-005 9.9982E-005
0.4113 0.496009 0.0413877 0.0513033
0.163096 0.0392005 0.441909 0.355794
0.483682 0.49798 0.018238 9.9991E-005
0.069067 0.854727 9.9991E-005 0.0761057
0.25212 0.474468 0.273312 9.9991E-005
0.753459 9.9991E-005 0.207596 0.0388443
0.420188 0.101882 0.47783 9.9991E-005
0.9997 9.998E-005 9.998E-005 9.998E-005
0.23168 0.622993 0.145228 9.9991E-005
0.356594 0.185535 0.0780059 0.379865
0.23063 0.641751 0.0646664 0.062952
0.114446 0.539589 0.313002 0.032963
0.350109 0.649691 9.9982E-005 9.9982E-005
0.176206 0.670019 0.153674 9.9991E-005
0.580959 0.399004 9.9991E-005 0.0199364
0.180608 0.503134 0.316158 9.9991E-005
0.0108594 0.529356 0.459685 9.9991E-005
0.265107 0.258735 0.476059 9.9991E-005
0.073266 0.127352 0.799282 9.9991E-005
0.282367 0.603209 0.114323 9.9991E-005
0.243021 0.65911 0.0977692 9.9991E-005
0.0748633 0.695135 0.229902 9.9991E-005
9.9991E-005 0.0843127 0.143995 0.771592
0.0315793 0.508333 0.459988 9.9991E-005
0.683714 0.316086 9.9982E-005 9.9982E-005
0.307489 0.459804 0.232607 9.9991E-005
0.919854 0.079946 9.9982E-005 9.9982E-005
0.168507 0.587723 0.24367 9.9991E-005
9.9991E-005 0.57001 0.385224 0.0446666
9.9991E-005 0.540389 0.36955 0.0899605
0.250121 0.653964 0.0329017 0.0630132
0.173946 0.0902068 0.540427 0.195419
0.0633305 0.793829 0.129502 0.0133385
0.0923925 0.571605 0.306565 0.0294375
0.182284 0.574471 0.243144 9.9991E-005
0.195913 0.0297599 0.727037 0.0472901
0.0460748 0.732554 0.221272 9.9991E-005
0.321625 0.502161 0.176114 9.9991E-005
0.187543 0.305186 0.444964 0.0623071
0.200309 0.798787 0.000804132 9.9991E-005
0.127888 0.456373 0.374141 0.0415982
0.222684 0.494915 0.24603 0.0363713
0.134449 0.547206 0.25067 0.0676749
0.27006 0.119504 0.327872 0.282565
0.336334 0.429702 0.192722 0.0412425
0.516634 0.483166 9.9982E-005 9.9982E-005
0.463795 0.536005 9.9982E-005 9.9982E-005
0.278479 0.441968 0.279453 9.9991E-005
0.203698 0.450476 0.345727 9.9991E-005
0.401014 0.488261 0.110625 9.9991E-005
0.319708 0.624725 9.9991E-005 0.0554666
0.106176 0.773515 0.120209 9.9991E-005
0.242918 0.538264 0.218718 9.9991E-005
0.180807 0.672961 0.146132 9.9991E-005
0.220563 0.117416 0.629239 0.0327821
0.270446 0.551388 0.152138 0.0260274
0.159744 0.630703 0.122341 0.0872121
0.210071 0.15676 0.633068 9.9991E-005
0.219945 0.6628 0.108374 0.00888144
0.306803 0.587634 0.053958 0.0516049
0.307765 0.604062 0.088073 9.9991E-005
0.228875 0.682832 0.0868062 0.00148702
0.159798 0.576589 0.263513 9.9991E-005
0.177063 0.0541852 0.768652 9.9991E-005
0.0908505 0.851576 0.0574739 9.9991E-005
0.307476 0.135651 0.500977 0.0558958
