0.47195 0.52785 9.9982E-005 9.9982E-005
0.509987 0.431775 0.018504 0.0397335
0.648921 0.27625 0.0747289 9.9991E-005
0.705577 0.160944 0.133379 9.9991E-005
0.712012 0.195707 0.0405622 0.0517189
0.0269559 9.9991E-005 0.889841 0.0831034
0.496382 0.393092 9.9991E-005 0.110426
0.0244298 9.9982E-005 0.97537 9.9982E-005
0.475876 0.487759 0.0356747 0.000690921
0.510445 0.473895 0.0138737 0.00178631
0.657069 0.271952 0.026578 0.044401
0.500593 0.24566 0.253647 9.9991E-005
0.504623 0.495177 9.9982E-005 9.9982E-005
0.591196 0.302354 0.093333 0.0131174
0.254332 9.9982E-005 0.745468 9.9982E-005
0.39543 0.558206 0.0462644 9.9991E-005
0.346852 0.454514 0.198534 9.9991E-005
0.582683 0.177642 9.9991E-005 0.239575
0.551948 0.379317 9.9991E-005 0.0686358
0.574947 0.424853 9.9982E-005 9.9982E-005
0.761977 0.122438 9.9991E-005 0.115485
0.516095 0.322661 0.137284 0.0239597
0.654887 0.344913 9.9982E-005 9.9982E-005
0.151368 0.181107 0.667425 9.9991E-005
0.463339 0.41619 9.9991E-005 0.12037
0.225447 0.0862967 0.688156 9.9991E-005
0.272402 0.212369 0.493227 0.022002
0.631653 9.9982E-005 0.368147 9.9982E-005
0.102439 0.142631 0.754829 9.9991E-005
0.761391 0.10594 0.132568 9.9991E-005
0.140508 0.414637 0.444755 9.9991E-005
0.662222 0.129788 0.091687 0.116303
0.449941 0.268195 0.276981 0.00488336
0.0796553 9.9982E-005 0.920145 9.9982E-005
9.9982E-005 9.9982E-005 0.943919 0.0558814
0.612724 0.112185 0.160019 0.115073
0.692335 0.156138 0.151426 9.9991E-005
0.510674 0.397523 9.9991E-005 0.0917035
0.0103741 0.253823 0.735703 9.9991E-005
0.148311 0.302072 0.467345 0.0822729
0.270165 0.353442 0.277585 0.0988078
0.814272 0.133895 0.0400192 0.0118135
0.64941 0.20147 0.14902 9.9991E-005
0.251532 0.150961 0.597407 9.9991E-005
0.396953 0.522591 9.9991E-005 0.0803556
0.27375 0.614028 9.9991E-005 0.112122
0.557675 0.370412 0.0427602 0.0291525
0.515842 0.305785 0.102338 0.0760351
0.314346 0.64038 0.045174 9.9991E-005
0.182034 0.242132 0.575733 9.9991E-005
0.673796 0.240506 9.9991E-005 0.0855978
0.173479 0.320788 0.405295 0.100438
0.467221 0.395253 0.00761001 0.129916
9.9982E-005 0.029874 0.969926 9.9982E-005
0.278029 0.242239 0.461707 0.0180252
0.571014 0.428786 9.9982E-005 9.9982E-005
0.536093 0.463707 9.9982E-005 9.9982E-005
0.510894 0.322986 0.163052 0.00306859
0.137471 0.517415 0.345014 9.9991E-005
0.549334 0.117145 0.333421 9.9991E-005
9.9982E-005 0.113255 0.886545 9.9982E-005
9.9982E-005 0.0757782 0.924022 9.9982E-005
0.656511 0.219258 0.0226346 0.101597
9.998E-005 9.998E-005 0.9997 9.998E-005
0.499238 0.426378 0.0139224 0.0604623
9.9982E-005 0.0892535 0.910547 9.9982E-005
0.592762 0.322155 9.9991E-005 0.0849827
0.417032 0.357892 0.165202 0.0598736
0.44658 0.54957 9.9991E-005 0.00375091
0.0745513 0.0738983 0.85145 9.9991E-005
0.21617 0.687527 9.9991E-005 0.0962031
0.503432 0.470568 0.0258996 9.9991E-005
0.41251 0.231081 0.277584 0.0788246
0.512448 0.404344 0.0446508 0.0385572
0.444682 0.433637 0.0695359 0.0521451
0.444605 0.180268 0.375027 9.9991E-005
0.728042 0.248799 0.0230581 9.9991E-005
0.324755 0.41637 0.168956 0.0899187
0.35161 0.486437 0.161853 9.9991E-005
0.512832 0.384672 0.00457003 0.0979262
0.475281 0.524519 9.9982E-005 9.9982E-005
0.606672 0.31404 0.0315549 0.0477327
0.533986 0.444435 0.0214785 9.9991E-005
0.560893 0.438907 9.9982E-005 9.9982E-005
0.565045 0.434755 9.9982E-005 9.9982E-005
0.31953 0.507599 0.172772 9.9991E-005
0.395843 0.289122 0.314935 9.9991E-005
0.5682 0.169097 0.262603 9.9991E-005
0.0704732 9.9982E-005 0.929327 9.9982E-005
0.481544 0.211726 0.291755 0.0149759
0.134672 0.676061 0.0595291 0.129738
0.180581 0.222334 0.596984 9.9991E-005
0.579095 0.373323 0.0151607 0.0324208
0.623935 0.132973 0.242992 9.9991E-005
0.245117 0.198971 0.555813 9.9991E-005
9.9982E-005 0.0917656 0.908034 9.9982E-005
0.530753 0.331275 0.137871 9.9991E-005
0.449164 0.436979 0.0659727 0.0478846
0.385262 0.556299 0.058339 9.9991E-005
0.667687 0.0873812 0.244832 9.9991E-005
0.0317797 0.435456 0.532665 9.9991E-005
0.753399 0.199916 0.0465855 9.9991E-005
0.586427 0.361399 9.9991E-005 0.052074
0.464599 0.535201 9.9982E-005 9.9982E-005
0.474132 0.382715 0.00326915 0.139883
0.0762829 0.0885588 0.835058 9.9991E-005
0.035183 0.282698 0.513186 0.168933
0.451757 0.548043 9.9982E-005 9.9982E-005
0.358908 0.604667 0.0363253 9.9991E-005
0.73284 0.26696 9.9982E-005 9.9982E-005
0.304966 0.158937 0.535997 9.9991E-005
9.998E-005 9.998E-005 0.9997 9.998E-005
0.457925 0.0343025 0.507672 9.9991E-005
0.728104 0.152613 0.041165 0.0781173
0.552418 0.386585 0.060897 9.9991E-005
0.357245 0.620318 9.9991E-005 0.0223367
0.508262 0.491538 9.9982E-005 9.9982E-005
9.9982E-005 0.00432414 0.995476 9.9982E-005
0.833306 0.0948811 9.9991E-005 0.0717129
0.584379 0.415421 9.9982E-005 9.9982E-005
0.552233 0.35658 0.0910869 9.9991E-005
0.365295 9.9982E-005 0.634505 9.9982E-005
0.780268 0.148439 0.0145093 0.0567837
0.566903 0.320477 0.0829343 0.0296856
0.53081 0.425128 9.9991E-005 0.0439619
0.442329 0.440942 0.116629 9.9991E-005
0.295705 9.9991E-005 0.66622 0.0379753
0.0417586 9.9991E-005 0.926595 0.0315468
0.294221 0.625644 9.9991E-005 0.0800347
0.360717 0.513136 9.9991E-005 0.126047
0.527584 0.429133 0.019058 0.0242249
0.425003 0.376453 0.0117668 0.186778
0.351447 0.24313 0.405323 9.9991E-005
0.413649 0.365653 0.0529255 0.167772
0.655644 0.148162 0.196094 9.9991E-005
9.998E-005 0.9997 9.998E-005 9.998E-005
0.33991 0.0831419 0.576848 9.9991E-005
0.518717 0.143188 0.337996 9.9991E-005
9.9982E-005 0.932519 0.0672809 9.9982E-005
0.0901551 0.250923 0.635722 0.0232001
0.658141 0.140365 0.201394 9.9991E-005
0.264712 0.278641 0.43987 0.016777
0.40148 0.242197 0.351899 0.00442444
0.271776 0.431959 0.223127 0.0731384
0.0410366 0.161888 0.775649 0.0214269
0.38901 0.273515 0.337375 9.9991E-005
0.313624 0.387665 0.271461 0.0272507
0.401304 0.554389 9.9991E-005 0.0442067
0.337079 0.643752 9.9991E-005 0.0190692
0.352791 0.410976 9.9991E-005 0.236133
0.755785 0.0838493 0.0747738 0.0855923
0.500601 0.0934836 0.309838 0.0960766
0.106533 0.103665 0.789702 9.9991E-005
0.303128 0.110895 0.479546 0.10643
0.282174 0.666889 0.0197192 0.0312175
0.465188 0.379943 0.00223978 0.152629
9.998E-005 9.998E-005 0.9997 9.998E-005
0.495464 0.397166 9.9991E-005 0.107269
0.333169 0.616406 9.9991E-005 0.0503255
0.486342 0.258237 0.255321 9.9991E-005
0.509342 0.437936 0.00771813 0.045004
0.230186 0.543617 0.181228 0.0449696
0.402344 0.472786 0.124771 9.9991E-005
0.439617 0.542709 0.0175733 9.9991E-005
0.5288 0.471 9.9982E-005 9.9982E-005
0.606006 0.336006 9.9991E-005 0.0578885
0.287471 0.350534 0.224515 0.137479
0.140524 0.248622 0.610753 9.9991E-005
0.332636 0.385829 0.281435 9.9991E-005
0.244512 0.512006 0.118065 0.125417
0.42337 0.357797 0.137105 0.081728
0.685989 0.196192 0.117719 9.9991E-005
9.998E-005 9.998E-005 0.9997 9.998E-005
0.551896 0.263967 0.184037 9.9991E-005
0.212533 0.433954 0.353413 9.9991E-005
0.135331 0.65589 0.036778 0.172001
0.414445 0.335691 0.249764 9.9991E-005
0.24595 0.106265 0.647685 9.9991E-005
0.246887 0.25543 0.497582 9.9991E-005
0.348425 0.0920668 0.559409 9.9991E-005
0.795687 0.204113 9.9982E-005 9.9982E-005
0.00293684 9.9991E-005 0.98877 0.00819278
0.395729 0.180782 0.423388 9.9991E-005
0.457203 0.411735 0.0136697 0.117392
9.998E-005 9.998E-005 0.9997 9.998E-005
0.236122 0.14332 0.620458 9.9991E-005
0.415434 0.382202 0.10237 0.099994
0.349478 0.197862 0.452559 9.9991E-005
0.560165 0.307821 0.131913 9.9991E-005
0.723311 0.149946 9.9991E-005 0.126643
0.506735 0.102279 0.344259 0.0467268
0.633392 0.366408 9.9982E-005 9.9982E-005
0.711952 0.271649 0.0162991 9.9991E-005
0.474398 0.30148 0.0415184 0.182603
0.148238 0.451211 0.289571 0.11098
0.571989 0.168012 0.250474 0.00952545
0.592844 0.221795 9.9991E-005 0.185261
0.683669 0.189049 0.116757 0.0105255
0.300392 0.447592 9.9991E-005 0.251917
0.443817 0.483364 9.9991E-005 0.0727186
0.183863 0.471126 0.344911 9.9991E-005
0.775286 0.199024 9.9991E-005 0.0255894
0.239274 0.65574 0.037297 0.0676895
0.340027 0.426517 9.9991E-005 0.233356
0.156569 0.464442 9.9991E-005 0.378889
0.154884 0.517853 0.268426 0.0588362
0.595452 0.269696 0.0236809 0.111171
0.451897 0.306585 0.241418 9.9991E-005
0.515775 0.394463 0.078328 0.0114336
0.575111 0.351428 9.9991E-005 0.0733609
0.489093 0.385054 0.00630009 0.119552
0.241545 0.308836 0.441998 0.0076216
0.239438 0.200956 0.515983 0.0436234
0.933397 0.0664026 9.9982E-005 9.9982E-005
0.519942 0.397715 9.9991E-005 0.0822428
0.605375 0.329452 9.9991E-005 0.0650736
0.405968 0.395248 0.047711 0.151073
0.380144 0.276992 0.342763 9.9991E-005
0.41627 0.351107 0.232523 9.9991E-005
0.359391 0.424512 9.9991E-005 0.215997
0.100218 0.305399 0.594284 9.9991E-005
0.575534 0.204061 0.220305 9.9991E-005
0.427622 0.293224 0.17689 0.102263
9.9991E-005 0.115649 0.877454 0.00679699
0.340366 0.539139 0.0404124 0.080082
0.489172 0.427583 0.0831449 9.9991E-005
0.75752 0.207321 0.0350586 9.9991E-005
0.606017 0.393783 9.9982E-005 9.9982E-005
0.334968 0.565424 9.9991E-005 0.0995083
0.589701 0.323289 0.0617773 0.0252329
0.744475 0.244418 9.9991E-005 0.0110069
0.700944 0.298856 9.9982E-005 9.9982E-005
0.3198 0.421399 0.2587 9.9991E-005
0.492682 0.502409 9.9991E-005 0.00480941
0.410251 0.589549 9.9982E-005 9.9982E-005
0.325851 0.448411 0.225638 9.9991E-005
0.408638 0.58302 0.00824204 9.9991E-005
0.524555 0.475245 9.9982E-005 9.9982E-005
0.477611 0.150466 0.371822 9.9991E-005
0.362582 0.325117 0.312201 9.9991E-005
0.82172 0.130361 0.000585261 0.0473339
0.193782 0.260118 0.545999 9.9991E-005
0.506858 0.419611 9.9991E-005 0.0734315
0.512228 0.137329 0.350343 9.9991E-005
0.655396 0.245108 0.0420681 0.0574283
0.20751 0.521146 0.235963 0.0353813
0.410751 0.0736518 0.308116 0.207482
0.174775 0.281867 0.543258 9.9991E-005
0.702179 0.235973 0.0617482 9.9991E-005
0.511535 0.488265 9.9982E-005 9.9982E-005
0.475408 0.190236 0.334255 9.9991E-005
0.381433 0.585961 9.9991E-005 0.0325056
0.818688 0.163461 9.9991E-005 0.0177505
0.0235258 0.0447065 0.922552 0.00921558
0.538188 0.461612 9.9982E-005 9.9982E-005
0.795018 0.204782 9.9982E-005 9.9982E-005
0.763039 0.2181 0.0187618 9.9991E-005
0.658471 0.264821 0.0766082 9.9991E-005
0.487045 0.446697 0.066158 9.9991E-005
0.595036 0.404764 9.9982E-005 9.9982E-005
0.90047 0.0993304 9.9982E-005 9.9982E-005
0.631611 0.173781 0.194509 9.9991E-005
0.0765817 0.262832 0.60356 0.0570262
0.694795 0.245218 0.0598869 9.9991E-005
0.755586 0.243858 9.9991E-005 0.000456235
0.337163 0.413344 0.192773 0.0567199
0.378783 0.205939 0.415177 9.9991E-005
0.449698 0.46128 9.9991E-005 0.0889216
0.664883 0.0542326 0.280784 9.9991E-005
0.617455 0.382345 9.9982E-005 9.9982E-005
0.364489 0.26679 0.368621 9.9991E-005
0.494289 0.259349 0.140381 0.105981
0.177639 0.299292 0.522968 9.9991E-005
0.526654 0.204758 0.268488 9.9991E-005
0.339822 0.538642 0.0285039 0.093032
0.459798 0.267678 0.266309 0.00621554
0.467088 0.532712 9.9982E-005 9.9982E-005
0.542798 0.347925 0.104781 0.00449572
0.381183 0.475046 0.104931 0.0388401
0.324725 0.290596 0.293769 0.0909103
0.493049 0.427769 0.079082 9.9991E-005
0.466566 0.378483 9.9991E-005 0.15485
0.695819 0.281728 9.9991E-005 0.0223526
0.262931 0.0203437 0.579366 0.13736
0.0336706 9.9991E-005 0.934568 0.0316613
0.560984 0.270377 0.0913164 0.0773221
0.534212 0.323516 0.103318 0.0389537
0.280849 0.447894 0.177915 0.0933425
0.427747 0.291233 0.267717 0.0133035
0.531274 0.0602804 0.291524 0.116922
0.591704 0.384455 0.0237405 9.9991E-005
0.531263 0.394416 9.9991E-005 0.0742202
0.514334 0.376693 0.00322275 0.105751
0.564015 0.402086 0.00711558 0.0267836
0.63061 0.276145 9.9991E-005 0.0931444
0.71563 0.28417 9.9982E-005 9.9982E-005
0.586281 0.413519 9.9982E-005 9.9982E-005
0.200623 0.727026 0.0722517 9.9991E-005
0.549514 0.214111 9.9991E-005 0.236275
0.446693 0.469079 0.0841287 9.9991E-005
0.565545 0.327632 0.0111215 0.0957016
0.752349 0.0553098 0.0670991 0.125242
0.607354 0.244808 0.087382 0.0604556
0.170654 0.0831486 0.563283 0.182915
0.258328 0.223979 0.471037 0.0466563
0.18466 9.9991E-005 0.803749 0.0114907
0.605976 0.393824 9.9982E-005 9.9982E-005
0.0873526 0.0467928 0.865755 9.9991E-005
0.0948972 0.125486 0.779516 9.9991E-005
0.599068 0.29348 0.00946024 0.0979923
0.613306 0.206112 9.9991E-005 0.180482
0.419799 0.493899 9.9991E-005 0.0862022
0.149624 0.101249 0.749027 9.9991E-005
0.58889 0.41091 9.9982E-005 9.9982E-005
0.194197 0.283674 0.510427 0.0117019
0.510815 0.407913 0.0328728 0.0483991
0.0979247 9.9991E-005 0.83844 0.0635358
0.424531 0.320882 0.143939 0.110648
0.7279 0.200452 0.0192997 0.0523479
0.563231 0.436569 9.9982E-005 9.9982E-005
0.451617 0.534557 9.9991E-005 0.0137254
0.192678 9.9991E-005 0.795465 0.0117566
0.550673 0.170896 0.249344 0.029087
0.213181 0.231926 0.412016 0.142876
0.580092 0.30579 0.000236625 0.113881
0.193765 9.9991E-005 0.784272 0.0218632
0.295839 0.327824 0.0877295 0.288607
0.25662 0.0921022 0.482078 0.1692
0.589541 0.298799 0.0163927 0.0952677
0.352741 0.369417 0.233753 0.0440879
0.35516 9.9991E-005 0.615987 0.028753
0.362234 0.513766 9.9991E-005 0.123901
0.500268 0.48689 0.0127428 9.9991E-005
0.362685 0.552821 9.9991E-005 0.0843934
0.564331 0.225185 9.9991E-005 0.210385
0.276442 0.277606 0.445852 9.9991E-005
0.479224 0.307132 0.00853579 0.205108
0.696001 0.166343 9.9991E-005 0.137557
0.664362 0.283269 0.0522692 9.9991E-005
0.192712 0.264183 0.543004 9.9991E-005
0.386257 0.381984 0.231659 9.9991E-005
0.617369 0.223245 0.0144239 0.144962
9.9991E-005 0.777981 0.160452 0.0614679
0.374214 0.315898 0.309788 9.9991E-005
0.302521 0.697279 9.9982E-005 9.9982E-005
0.302816 0.165813 0.430391 0.10098
0.395884 0.432222 0.107462 0.0644324
0.397987 0.0739505 0.482348 0.0457143
0.74262 0.223956 9.9991E-005 0.0333234
0.706161 0.293639 9.9982E-005 9.9982E-005
0.658037 0.277912 0.00481306 0.0592387
0.70903 0.270143 9.9991E-005 0.0207268
0.335785 0.541922 9.9991E-005 0.122193
0.460209 0.437352 9.9991E-005 0.102339
0.387611 0.224551 0.346007 0.0418308
0.511077 0.403226 0.0782773 0.00741967
0.675954 0.323846 9.9982E-005 9.9982E-005
0.849313 0.113372 0.0372159 9.9991E-005
0.503972 0.380016 0.115912 9.9991E-005
0.266228 0.157876 0.368773 0.207123
0.353649 0.517498 9.9991E-005 0.128753
0.513178 0.328402 9.9991E-005 0.15832
9.9982E-005 0.230355 0.769445 9.9982E-005
0.181519 0.169724 0.648657 9.9991E-005
0.596088 0.392941 9.9991E-005 0.0108713
0.381484 9.9982E-005 9.9982E-005 0.618316
0.0158909 0.102118 0.077076 0.804915
0.188548 0.205411 0.0158737 0.590167
0.474192 0.31929 9.9991E-005 0.206418
0.0957714 0.129233 9.9991E-005 0.774896
0.10879 0.242627 0.0189284 0.629655
0.278247 9.9991E-005 0.0520541 0.669599
9.9982E-005 0.281318 9.9982E-005 0.718482
0.206637 0.0117681 0.0483517 0.733243
0.204672 0.294696 0.00394847 0.496684
0.397165 0.200356 9.9991E-005 0.402379
0.273017 0.0252378 0.00879512 0.69295
0.486273 0.262369 9.9991E-005 0.251258
0.0583568 0.397224 9.9991E-005 0.544319
0.207959 0.187094 9.9991E-005 0.604847
9.9991E-005 0.0576587 0.132725 0.809516
0.359895 0.0636158 9.9991E-005 0.576389
0.19252 0.286317 0.0268989 0.494264
9.9982E-005 9.9982E-005 0.900112 0.0996882
0.353127 0.19369 0.0136615 0.439521
0.201376 0.192897 0.0243716 0.581356
0.549749 0.21789 0.132129 0.100232
0.0356522 9.9991E-005 0.0208084 0.943439
9.9982E-005 0.252223 9.9982E-005 0.747577
0.269 0.46161 0.0636846 0.205705
0.227542 0.000907215 0.041297 0.730254
0.405906 9.9991E-005 0.0334147 0.56058
0.282 0.086007 0.0189677 0.613025
0.0848088 0.029137 0.0989782 0.787076
9.9991E-005 0.143379 0.0592515 0.797269
0.119132 0.0818842 9.9991E-005 0.798884
9.9991E-005 0.092446 0.0745929 0.832861
0.124332 0.200098 9.9991E-005 0.67547
0.385309 9.9982E-005 9.9982E-005 0.614491
0.0986456 9.9991E-005 0.123788 0.777467
9.9991E-005 0.309442 0.0173409 0.673117
0.0688723 0.069116 0.133078 0.728934
0.386164 0.491343 9.9991E-005 0.122393
9.99944E-005 0.156035 0.0308932 0.812972
0.239742 0.0601911 0.0112379 0.688829
0.330182 0.117434 9.9991E-005 0.552285
0.406811 9.9982E-005 9.9982E-005 0.592989
9.9982E-005 0.0773427 9.9982E-005 0.922457
0.500935 0.347752 0.023934 0.127379
0.16405 0.0885664 9.9991E-005 0.747284
0.427142 0.0545744 0.365657 0.152627
0.227984 0.582015 9.9991E-005 0.189901
0.529361 0.210481 0.0445433 0.215614
0.157879 0.0869097 0.0401032 0.715108
0.0738094 0.353135 9.9991E-005 0.572955
0.0350286 0.0662609 0.0679251 0.830785
0.353102 0.034984 9.9991E-005 0.611814
0.228969 0.170226 0.00886141 0.591944
0.260795 0.11374 0.00336732 0.622098
0.31007 0.0754114 9.9991E-005 0.614419
9.9982E-005 0.0523922 9.9982E-005 0.947408
0.341831 9.9982E-005 9.9982E-005 0.657969
0.230141 0.403727 0.0492872 0.316845
0.160191 9.9982E-005 9.9982E-005 0.839609
0.204476 9.9982E-005 9.9982E-005 0.795325
0.0300273 0.257299 0.0224692 0.690205
9.9982E-005 0.313736 9.9982E-005 0.686064
0.479172 0.388523 9.9991E-005 0.132204
0.252071 9.9982E-005 9.9982E-005 0.747729
0.533554 0.0869111 0.241382 0.138153
0.270861 0.147269 9.9991E-005 0.58177
0.146223 9.9991E-005 0.147148 0.706529
0.504921 0.203835 0.143097 0.148147
0.0942131 0.222288 0.0644988 0.619
0.308972 0.00090296 0.0176101 0.672515
9.9982E-005 0.222924 9.9982E-005 0.776877
0.232434 0.0525586 9.9991E-005 0.714907
0.23272 0.325153 0.0148177 0.427309
0.229452 0.0377279 9.9991E-005 0.73272
0.154258 0.0637485 0.0229077 0.759086
0.183916 0.263357 9.9991E-005 0.552627
0.344311 0.401726 9.9991E-005 0.253863
0.148341 0.149353 9.9991E-005 0.702205
0.408957 0.0642163 9.9991E-005 0.526727
9.9982E-005 0.0971996 0.9026 9.9982E-005
0.367822 9.9982E-005 9.9982E-005 0.631978
0.590282 0.210543 0.112786 0.086388
9.9991E-005 0.0728188 0.0227241 0.904357
0.18028 0.342249 9.9991E-005 0.477371
0.35601 0.333997 9.9991E-005 0.309893
0.590377 0.226151 9.9991E-005 0.183372
0.222102 0.229361 9.9991E-005 0.548437
0.283141 0.0305106 9.9991E-005 0.686249
0.164686 0.168427 9.9991E-005 0.666787
0.257529 0.0196539 0.0104903 0.712327
0.345452 0.508945 0.0080727 0.13753
9.9982E-005 0.413008 9.9982E-005 0.586792
0.276754 0.0665409 0.00905866 0.647646
0.242213 0.12627 9.9991E-005 0.631416
0.638088 0.328367 0.0334444 9.9991E-005
0.142682 0.202772 9.9991E-005 0.654447
0.235242 9.9982E-005 9.9982E-005 0.764558
0.150156 0.244981 9.9991E-005 0.604763
0.142769 0.226646 9.9991E-005 0.630484
0.509711 0.490089 9.9982E-005 9.9982E-005
9.9982E-005 0.0530844 0.946716 9.9982E-005
0.120173 0.181474 9.9991E-005 0.698253
0.209309 0.369694 9.9991E-005 0.420897
0.150499 0.338497 9.9991E-005 0.510904
0.154639 0.0766875 0.0699226 0.698751
0.0974494 9.9991E-005 0.0360635 0.866387
0.123738 0.232719 9.9991E-005 0.643442
0.0736331 0.0129331 0.0678639 0.84557
0.117071 9.9991E-005 0.0456871 0.837142
0.335861 9.9991E-005 0.0108124 0.653226
0.209842 0.391349 9.9991E-005 0.398709
0.478964 0.397393 9.9991E-005 0.123543
0.123979 0.0652922 9.9991E-005 0.810629
0.189792 0.271263 9.9991E-005 0.538844
0.556133 0.443667 9.9982E-005 9.9982E-005
0.0261406 0.225249 0.0480165 0.700594
0.39484 0.604387 0.0006723 9.9991E-005
0.0387913 0.44141 9.9991E-005 0.519699
0.15328 0.150522 9.9991E-005 0.696098
0.539792 0.231718 9.9991E-005 0.22839
0.236395 0.175464 0.0157244 0.572417
0.347017 0.241975 9.9991E-005 0.410908
9.9991E-005 0.454098 0.0253096 0.520493
9.9982E-005 0.332748 0.667052 9.9982E-005
0.208599 0.0697686 9.9991E-005 0.721532
0.066696 0.269906 9.9991E-005 0.663298
9.9982E-005 0.284545 9.9982E-005 0.715255
0.344281 0.0333034 9.9991E-005 0.622316
0.019477 0.223506 0.0223568 0.73466
0.0665541 0.213623 9.9991E-005 0.719723
0.0885284 0.313522 9.9991E-005 0.597849
0.74525 0.25455 9.9982E-005 9.9982E-005
0.16909 0.0689723 0.133524 0.628414
0.144436 0.105893 9.9991E-005 0.749571
0.119933 9.9982E-005 9.9982E-005 0.879867
0.0675668 0.137022 0.0838108 0.711601
0.169195 0.178258 0.0194693 0.633078
0.344981 0.172545 0.0225271 0.459947
0.409451 0.162963 9.9991E-005 0.427486
0.186973 0.326013 0.0499347 0.43708
0.296683 0.0569651 0.0126463 0.633706
0.167165 0.0224537 9.9991E-005 0.810281
0.560837 0.39845 0.0406128 9.9991E-005
0.451674 0.0145114 0.00275057 0.531064
0.00607441 0.176865 0.0179032 0.799157
0.185949 9.9991E-005 0.0554738 0.758478
0.134017 0.26686 9.9991E-005 0.599023
9.9982E-005 0.180001 9.9982E-005 0.819799
0.0279529 0.478272 9.9991E-005 0.493675
0.62629 0.323528 0.00640487 0.0437767
0.354709 0.406975 0.0552532 0.183063
0.317778 9.9991E-005 0.0111207 0.671001
0.0458107 0.289363 9.9991E-005 0.664726
0.260971 0.171851 9.9991E-005 0.567078
0.188527 0.371047 9.9991E-005 0.440326
0.015259 0.208088 0.024241 0.752412
0.0854328 9.9991E-005 0.0640458 0.850421
0.38071 0.133654 0.306395 0.179241
0.266807 0.0949377 0.0287427 0.609512
0.293213 0.117771 9.9991E-005 0.588916
0.168934 0.27522 0.341776 0.214071
0.535042 0.106411 0.313415 0.0451326
0.0391411 0.160696 0.0194589 0.780704
0.136218 0.352083 0.0806839 0.431015
0.127426 0.109975 9.9991E-005 0.762499
0.755277 0.103825 9.9991E-005 0.140798
0.305007 0.129957 9.9991E-005 0.564936
0.0659358 0.285855 9.9991E-005 0.648109
0.500405 0.0677734 0.310739 0.121082
0.0795003 0.305037 9.9991E-005 0.615362
0.213508 9.9982E-005 9.9982E-005 0.786292
0.124831 0.264788 9.9991E-005 0.610281
0.351958 9.9982E-005 9.9982E-005 0.647842
0.244976 9.9982E-005 9.9982E-005 0.754824
9.9982E-005 0.34217 9.9982E-005 0.65763
0.0727594 0.0920853 0.0455068 0.789648
0.151266 0.344382 9.9991E-005 0.504252
0.127008 0.165391 9.9991E-005 0.707501
0.270109 0.156292 9.9991E-005 0.5735
9.9991E-005 0.269927 0.659258 0.0707149
0.0401516 0.111741 0.0394204 0.808687
0.0309481 0.198323 0.0148548 0.755874
0.212481 0.503008 9.9991E-005 0.284411
9.9982E-005 0.121823 9.9982E-005 0.877977
0.131453 0.28833 9.9991E-005 0.580116
0.0845739 0.216079 9.9991E-005 0.699247
0.218287 0.513394 0.058525 0.209794
0.000593041 0.338534 9.9991E-005 0.660773
0.029791 0.0975054 0.0468572 0.825846
0.110381 0.114172 0.0780568 0.697391
0.0895195 0.278829 0.0105057 0.621146
0.445247 9.9991E-005 0.0146229 0.540031
9.998E-005 9.998E-005 0.9997 9.998E-005
0.0349565 0.345282 9.9991E-005 0.619662
0.300485 0.251805 9.9991E-005 0.447609
0.24212 0.200434 9.9991E-005 0.557346
0.0418345 0.386816 9.9991E-005 0.57125
9.9991E-005 0.21528 0.0309666 0.753654
0.184784 0.133027 0.0465911 0.635597
9.9982E-005 0.298835 0.700965 9.9982E-005
0.287333 9.9982E-005 9.9982E-005 0.712467
0.102137 0.156717 0.00387678 0.73727
0.14332 0.26543 9.9991E-005 0.59115
9.9982E-005 0.45096 9.9982E-005 0.54884
0.0141349 0.278436 9.9991E-005 0.707329
0.0793195 0.1489 9.9991E-005 0.771681
0.30578 0.0134941 9.9991E-005 0.680626
0.191078 0.257637 9.9991E-005 0.551184
0.161843 0.220157 9.9991E-005 0.6179
0.269392 0.161911 0.0182167 0.55048
9.9982E-005 0.297314 9.9982E-005 0.702486
0.340501 0.108863 9.9991E-005 0.550536
0.354448 0.14677 9.9991E-005 0.498681
0.132239 0.0288451 0.0279035 0.811012
0.398368 9.9982E-005 9.9982E-005 0.601432
0.222877 0.263333 0.0331064 0.480684
0.221213 0.171035 9.9991E-005 0.607651
0.135263 0.0536696 0.0561869 0.75488
0.0352836 0.289699 0.011538 0.663479
0.151206 0.233644 9.9991E-005 0.61505
0.278048 0.230307 9.9991E-005 0.491545
0.107048 9.9982E-005 9.9982E-005 0.892752
0.244309 0.338469 9.9991E-005 0.417122
0.410408 9.9982E-005 9.9982E-005 0.589392
0.0254384 0.0788872 0.895574 9.9991E-005
0.480744 9.9991E-005 0.358126 0.161029
0.285147 0.375747 0.218732 0.120375
0.249833 9.9991E-005 0.617036 0.133031
0.39062 0.409946 0.0136029 0.185831
0.283678 0.592954 9.9991E-005 0.123267
0.217061 0.616532 0.0969839 0.0694227
9.9982E-005 0.423893 9.9982E-005 0.575907
0.348982 0.0880868 0.00893148 0.554
9.9982E-005 0.147296 9.9982E-005 0.852504
0.352422 0.31832 9.9991E-005 0.329159
0.249697 0.01016 0.0867162 0.653426
0.259877 0.240117 9.9991E-005 0.499906
0.174832 0.275081 9.9991E-005 0.549987
0.117471 0.316338 9.9991E-005 0.566091
0.265462 0.0726066 9.9991E-005 0.661831
0.0181498 0.174178 0.066765 0.740907
0.0285225 0.538792 0.00364491 0.429041
0.458506 0.305282 0.0205192 0.215693
0.0460202 0.250683 0.0847603 0.618536
9.9991E-005 0.186666 0.029498 0.783736
0.0308452 0.3358 0.062353 0.571002
0.0777521 9.9991E-005 0.819076 0.103071
0.533728 0.241522 0.184651 0.040098
0.271287 9.9982E-005 9.9982E-005 0.728513
9.9982E-005 0.568254 9.9982E-005 0.431546
0.498268 0.184302 0.226073 0.0913579
0.305335 9.9982E-005 9.9982E-005 0.694465
9.9982E-005 0.217419 9.9982E-005 0.782381
0.474744 0.525056 9.9982E-005 9.9982E-005
0.334804 0.0330893 9.9991E-005 0.632006
0.0500306 0.184337 0.0547507 0.710882
0.115178 0.418732 9.9991E-005 0.46599
9.9982E-005 0.383474 9.9982E-005 0.616326
0.226404 0.20431 0.040782 0.528504
0.242194 0.0732557 9.9991E-005 0.68445
0.186081 0.234421 0.324135 0.255363
0.161827 0.185694 9.9991E-005 0.652379
0.374712 0.0689539 0.0197776 0.536557
0.00488167 0.0875112 9.9991E-005 0.907507
0.175998 0.499182 0.159893 0.164926
0.129522 0.69377 9.9991E-005 0.176608
0.312511 0.453211 9.9991E-005 0.234177
9.9982E-005 0.337129 9.9982E-005 0.662671
0.55837 0.277033 0.00868442 0.155913
0.227902 0.0465568 9.9991E-005 0.725441
0.304856 0.243721 9.9991E-005 0.451324
0.0985856 0.266546 0.000626039 0.634242
0.166226 0.188974 0.00712762 0.637672
0.242963 0.242707 0.334415 0.179915
0.126675 0.245562 0.00634259 0.62142
0.130687 9.9991E-005 0.822018 0.0471947
0.0888406 0.295946 0.001724 0.613489
0.098843 0.107685 9.9991E-005 0.793372
9.998E-005 9.998E-005 0.9997 9.998E-005
9.9982E-005 9.9982E-005 0.892563 0.107237
0.340042 0.0871453 9.9991E-005 0.572713
0.233906 0.364469 9.9991E-005 0.401526
0.252257 0.0786391 0.0168734 0.652231
9.9991E-005 0.243869 0.032628 0.723403
0.237525 0.217237 9.9991E-005 0.545138
0.020998 0.030179 9.9991E-005 0.948723
0.124183 0.328621 0.0119863 0.53521
0.367386 0.15547 0.353591 0.123554
0.180669 0.229897 9.9991E-005 0.589334
0.0547857 9.9991E-005 0.0375939 0.90752
0.170404 0.422733 9.9991E-005 0.406764
0.184667 0.741938 0.0732955 9.9991E-005
0.437489 0.416794 9.9991E-005 0.145616
0.227493 0.772243 9.9991E-005 0.000163458
0.221059 0.134948 0.00818895 0.635804
0.0599856 0.422703 0.299983 0.217328
0.0695117 0.270182 0.0326602 0.627646
0.289438 0.110423 0.0415465 0.558593
9.9982E-005 0.181133 9.9982E-005 0.818667
0.145725 0.234645 9.9991E-005 0.61953
9.9982E-005 0.56828 9.9982E-005 0.43152
0.236875 0.191027 9.9991E-005 0.571998
0.476929 9.9982E-005 9.9982E-005 0.522871
0.297466 0.584204 9.9991E-005 0.118231
0.681842 0.242303 9.9991E-005 0.0757553
0.0397931 0.244043 0.0307413 0.685423
0.124589 0.149676 9.9991E-005 0.725635
0.270147 0.094484 9.9991E-005 0.635269
0.130156 9.9991E-005 0.737805 0.131939
0.361347 0.100522 9.9991E-005 0.538031
9.9982E-005 0.589186 9.9982E-005 0.410614
0.170009 0.302141 9.9991E-005 0.52775
0.0414797 0.645246 9.9991E-005 0.313174
0.281251 0.12518 9.9991E-005 0.593469
0.424837 9.9991E-005 0.0348772 0.540186
0.223864 0.202697 0.0374462 0.535993
9.9991E-005 0.238446 0.0681997 0.693255
0.637262 0.041295 0.111373 0.210069
0.0895663 0.0235719 0.00579865 0.881063
0.268815 9.9991E-005 0.0433869 0.687698
0.0870661 0.341977 9.9991E-005 0.570857
0.650853 0.251842 0.0752835 0.0220211
0.270204 0.00718844 9.9991E-005 0.722508
0.177618 0.37078 9.9991E-005 0.451502
0.363147 0.157129 0.116953 0.36277
0.148253 0.146211 9.9991E-005 0.705435
0.260806 0.212326 9.9991E-005 0.526768
0.292955 0.137546 0.0341173 0.535381
0.197555 0.143022 0.0709993 0.588423
0.228356 0.467488 0.274147 0.0300091
0.195252 0.33812 0.010517 0.456111
9.9982E-005 0.508004 9.9982E-005 0.491796
9.9982E-005 0.413885 9.9982E-005 0.585915
0.365215 0.147969 9.9991E-005 0.486716
0.369411 0.162166 9.9991E-005 0.468323
0.265445 0.241402 9.9991E-005 0.493053
9.9991E-005 0.379088 0.035842 0.58497
0.221928 9.9982E-005 9.9982E-005 0.777872
0.233594 0.124483 9.9991E-005 0.641823
0.152658 0.129089 9.9991E-005 0.718153
0.529177 0.224831 9.9991E-005 0.245892
0.169302 0.228204 0.0511508 0.551343
0.173473 0.152047 0.0757335 0.598747
0.607856 0.226609 9.9991E-005 0.165435
0.267296 0.0845163 0.00510343 0.643084
0.140495 0.158128 0.0881717 0.613205
0.214128 0.206163 9.9991E-005 0.579609
0.25262 0.129265 9.9991E-005 0.618015
0.306559 0.0616482 9.9991E-005 0.631693
0.669174 0.242732 9.9991E-005 0.087994
9.9982E-005 0.248775 9.9982E-005 0.751025
0.276103 0.490277 0.0257445 0.207875
