0.592523 0.0741851 0.0502183 0.283074
0.459756 9.9991E-005 0.0991628 0.440981
0.609572 9.9991E-005 0.0660809 0.324247
0.692916 0.0168273 0.157358 0.132899
0.746901 0.00871606 0.0343418 0.210041
0.109785 0.0222942 0.867821 9.9991E-005
0.60751 0.0879299 9.9991E-005 0.30446
0.073317 9.9982E-005 0.926483 9.9982E-005
0.578094 0.00441482 0.0311316 0.38636
0.459537 9.9982E-005 9.9982E-005 0.540263
0.655997 0.021927 0.0467714 0.275304
0.532277 9.9991E-005 0.282035 0.185588
0.496161 9.9982E-005 9.9982E-005 0.503639
0.714287 0.0310122 0.0821189 0.172582
0.114173 9.9991E-005 0.695436 0.190291
0.574979 9.9991E-005 0.144305 0.280617
0.486418 9.9991E-005 0.244146 0.269337
0.657746 0.240215 9.9991E-005 0.101939
0.686984 0.0354504 0.0248097 0.252756
0.791596 9.9982E-005 9.9982E-005 0.208204
0.809154 0.0439215 9.9991E-005 0.146824
0.648677 9.9991E-005 0.134398 0.216825
0.619789 0.0120195 9.9991E-005 0.368092
0.0670392 9.9991E-005 0.646004 0.286857
0.496301 0.103551 9.9991E-005 0.400048
0.173423 9.9991E-005 0.752351 0.0741265
0.293885 0.149795 0.541099 0.0152209
0.666725 9.9982E-005 0.333075 9.9982E-005
0.0832694 9.9991E-005 0.763852 0.152778
0.822762 9.9982E-005 0.177038 9.9982E-005
0.332569 9.9991E-005 0.533124 0.134207
0.602217 0.117398 0.000971631 0.279413
0.441271 0.0175684 0.277958 0.263202
0.0998765 9.9982E-005 0.899924 9.9982E-005
9.9982E-005 0.092715 0.907085 9.9982E-005
0.651185 0.0436527 0.15618 0.148982
0.72225 9.9991E-005 0.114615 0.163035
0.545502 0.0705123 9.9991E-005 0.383886
0.0291063 9.9991E-005 0.692922 0.277871
0.159589 0.0969508 0.495694 0.247766
0.324984 0.0852409 0.248344 0.341431
0.862289 0.0521469 0.0196789 0.0658847
0.753968 9.9991E-005 0.168224 0.0777078
0.11982 0.0983493 0.570507 0.211323
0.473308 0.0729907 9.9991E-005 0.453602
0.291003 0.0811471 9.9991E-005 0.62775
0.612027 0.0697068 0.0683816 0.249885
0.664094 0.0625907 0.133271 0.140044
0.295434 9.9991E-005 0.0237437 0.680722
0.218022 9.9991E-005 0.572843 0.209035
0.749488 0.0725854 9.9991E-005 0.177826
0.304556 0.0785951 0.453443 0.163406
0.424232 0.017482 9.9991E-005 0.558186
9.9982E-005 9.9982E-005 0.922569 0.0772306
0.299263 0.0154399 0.509118 0.176179
0.628272 0.0681013 9.9991E-005 0.303526
0.622896 0.018258 9.9991E-005 0.358746
0.587159 0.0309143 0.153683 0.228244
0.324599 9.9991E-005 0.352032 0.323269
0.667323 9.9982E-005 0.332477 9.9982E-005
9.9982E-005 0.0758547 0.923945 9.9982E-005
9.9982E-005 9.9982E-005 0.992787 0.00701307
0.679004 0.141099 0.0480418 0.131855
9.998E-005 9.998E-005 0.9997 9.998E-005
0.556485 0.0505401 0.0197785 0.373196
0.000180681 9.9991E-005 0.870862 0.128858
0.635362 0.0312948 9.9991E-005 0.333243
0.48853 9.9991E-005 0.158249 0.35312
0.520531 0.0199876 9.9991E-005 0.459381
0.133039 0.0423708 0.824491 9.9991E-005
0.281942 0.0742876 9.9991E-005 0.64367
0.486952 0.0377618 0.0636303 0.411656
0.399323 0.064534 0.339549 0.196594
0.459339 0.0802433 9.9991E-005 0.460318
0.576006 0.104579 0.0491472 0.270268
0.444851 9.9991E-005 0.375548 0.179501
0.722349 0.0265554 0.0341979 0.216898
0.325081 0.0485773 0.162997 0.463344
0.323717 9.9991E-005 0.158896 0.517287
0.546926 0.123003 0.00624212 0.323829
0.410625 9.9982E-005 9.9982E-005 0.589175
0.629415 0.0307139 0.0592884 0.280583
0.597962 9.9991E-005 0.0861824 0.315756
0.72201 0.0103929 9.9991E-005 0.267497
0.631316 9.9982E-005 9.9982E-005 0.368484
0.298701 9.9991E-005 0.119937 0.581263
0.456765 9.9991E-005 0.372331 0.170804
0.614652 9.9991E-005 0.319244 0.066004
0.0860986 9.9982E-005 0.913701 9.9982E-005
0.405226 0.162551 0.270772 0.161452
0.245085 9.9991E-005 0.059707 0.695108
0.254826 0.0109884 0.581974 0.152211
0.541242 9.9991E-005 0.00208531 0.456572
0.618894 9.9991E-005 0.327072 0.0539343
0.361042 9.9991E-005 0.601205 0.037653
9.9982E-005 9.9982E-005 0.959829 0.0399711
0.474083 9.9991E-005 0.0882253 0.437591
0.404271 0.018436 0.10478 0.472514
0.411759 9.9991E-005 0.106543 0.481599
0.699309 9.9991E-005 0.258026 0.0425646
0.219695 0.00760594 0.538089 0.23461
0.675102 9.9991E-005 0.0821561 0.242642
0.561669 0.0188598 0.00255808 0.416913
0.788961 0.0168412 9.9991E-005 0.194097
0.485672 0.0215868 9.9991E-005 0.492641
9.9982E-005 9.9982E-005 0.736949 0.262851
0.165877 0.0818326 0.534064 0.218226
0.604184 9.9982E-005 9.9982E-005 0.395617
0.604648 9.9991E-005 0.0263714 0.36888
0.718893 9.9982E-005 9.9982E-005 0.280907
0.275335 9.9991E-005 0.526263 0.198302
0.0269575 9.9982E-005 0.972843 9.9982E-005
0.413326 0.0299129 0.489029 0.0677322
0.767424 0.095004 9.99901E-005 0.137472
0.726118 0.0163809 0.11009 0.147411
0.424163 0.0854802 9.9991E-005 0.490257
0.742837 9.9982E-005 9.9982E-005 0.256964
9.998E-005 9.998E-005 0.9997 9.998E-005
0.818349 0.0780471 0.000613105 0.102991
0.566802 9.9982E-005 9.9982E-005 0.432998
0.568223 9.9991E-005 0.0553968 0.37628
0.277543 0.0294618 0.677812 0.0151834
0.792502 0.0390122 9.9991E-005 0.168385
0.554933 0.0171398 0.0352661 0.392661
0.636963 0.0820154 9.9991E-005 0.280921
0.551433 9.9991E-005 0.10072 0.347747
0.348685 9.9982E-005 0.651115 9.9982E-005
9.9982E-005 0.0345473 0.965253 9.9982E-005
0.387882 9.9982E-005 9.9982E-005 0.611918
0.415705 0.12901 9.9991E-005 0.455185
0.577538 0.0233055 0.0347879 0.364369
0.404803 0.130016 9.9991E-005 0.465081
0.386722 9.9991E-005 0.467727 0.145451
0.564035 0.255224 0.0590385 0.121702
0.640191 0.0272338 0.214535 0.11804
9.998E-005 9.998E-005 9.998E-005 0.9997
0.359156 0.0212023 0.578734 0.0409084
0.422508 9.9991E-005 0.318324 0.259068
9.9982E-005 9.9982E-005 0.0533428 0.946457
0.203192 9.9991E-005 0.637192 0.159515
0.697687 0.00599502 0.198644 0.0976742
0.393353 0.101959 0.41318 0.0915082
0.49005 0.0178286 0.218398 0.273723
0.197234 0.0852786 0.264916 0.452572
0.138218 0.0737971 0.787885 9.9991E-005
0.502547 0.00742261 0.296106 0.193924
0.366567 0.000731439 0.28058 0.352122
0.609666 0.0119444 9.9991E-005 0.37829
0.53873 0.0239463 9.9991E-005 0.437223
0.455632 0.183972 9.9991E-005 0.360296
0.595659 0.000451917 0.0202958 0.383594
0.486986 0.00490338 0.315742 0.192368
0.169154 9.9991E-005 0.789306 0.0414398
0.306485 0.0526956 0.415723 0.225096
0.2256 0.0550784 0.0240435 0.695278
0.415346 0.0942746 9.9991E-005 0.490279
9.9982E-005 9.9982E-005 0.884431 0.115369
0.346089 0.051067 9.9991E-005 0.602744
0.554353 0.0549141 0.0147917 0.375941
0.454728 0.0304614 0.172406 0.342405
0.432885 0.137035 0.0205977 0.409482
0.199061 9.9991E-005 0.188261 0.612578
0.345912 0.0140176 0.0802748 0.559796
0.457713 0.0180919 0.0481279 0.476067
0.69443 9.9982E-005 9.9982E-005 0.30537
0.673031 9.9982E-005 9.9982E-005 0.326769
0.266939 0.0844194 0.183234 0.465408
0.202107 9.9991E-005 0.509365 0.288428
0.352083 9.9991E-005 0.360911 0.286907
0.425915 0.101197 0.122965 0.349922
0.488166 0.133235 0.135109 0.243491
0.689201 9.9991E-005 0.16661 0.144088
9.998E-005 9.998E-005 0.9997 9.998E-005
0.448544 9.9991E-005 0.0981511 0.453205
0.329003 9.9991E-005 0.353811 0.317087
0.242672 0.0600864 0.0527489 0.644493
0.638878 9.9991E-005 0.288579 0.0724431
0.183366 0.0501341 0.592503 0.173997
0.326527 9.9991E-005 0.476178 0.197194
0.412032 9.9982E-005 0.587768 9.9982E-005
0.860789 9.9982E-005 9.9982E-005 0.139011
0.0703268 0.0296111 0.898151 0.00191142
0.471813 0.0779602 0.447917 0.00231068
0.479438 0.0552672 0.00509175 0.460204
9.998E-005 9.998E-005 0.9997 9.998E-005
0.237913 9.9991E-005 0.572725 0.189262
0.513291 0.0145473 0.0599615 0.4122
0.406991 9.9991E-005 0.454121 0.138788
0.612754 9.9991E-005 0.159325 0.227821
0.709499 0.109869 9.9991E-005 0.180532
0.274423 0.0970932 0.412037 0.216447
0.821014 9.9982E-005 9.9982E-005 0.178786
0.722474 9.9982E-005 9.9982E-005 0.277326
0.528576 0.115535 0.0332935 0.322595
0.173304 0.0585504 0.207367 0.560778
0.68227 9.9991E-005 0.240342 0.0772887
0.543497 0.200227 9.9991E-005 0.256176
0.64805 0.00986956 0.161817 0.180263
0.314477 0.145331 9.9991E-005 0.540093
0.647361 0.0290338 9.9991E-005 0.323505
0.270067 0.00437628 0.295501 0.430055
0.617721 9.9991E-005 0.00453479 0.377644
0.352689 0.0363119 9.9991E-005 0.610899
0.315112 0.288673 9.9991E-005 0.396115
0.307595 0.389883 9.9991E-005 0.302422
0.234922 0.0311897 0.288959 0.444929
0.749002 0.0979544 9.9991E-005 0.152943
0.504862 9.9991E-005 0.278119 0.216919
0.529699 0.00815359 0.014469 0.447679
0.666014 0.0661546 9.9991E-005 0.267732
0.523161 0.0803995 9.9991E-005 0.39634
0.533487 0.00891852 0.393826 0.0637684
0.360535 0.100027 0.464317 0.0751211
0.967368 0.010599 9.9991E-005 0.0219329
0.423711 0.100863 9.9991E-005 0.475326
0.675618 0.0210563 9.9991E-005 0.303226
0.585958 0.0840361 0.0180169 0.311989
0.365198 9.9991E-005 0.3524 0.282303
0.511418 0.011416 0.216426 0.260739
0.354475 0.199869 9.9991E-005 0.445556
0.0204238 9.9991E-005 0.562812 0.416664
0.592246 9.9991E-005 0.201853 0.2058
0.444497 0.126318 0.150593 0.278593
0.050921 9.9991E-005 0.774649 0.17433
0.409375 0.0784322 0.0285935 0.483599
0.487234 0.0143752 0.0350757 0.463315
0.713595 9.9991E-005 0.0162845 0.270021
0.549457 0.0458807 9.9991E-005 0.404562
0.538472 0.157382 0.00112454 0.303022
0.556429 9.9982E-005 9.9982E-005 0.443371
0.795119 0.00401714 9.9991E-005 0.200764
0.713544 9.9982E-005 9.9982E-005 0.286256
0.365413 9.9991E-005 0.188569 0.445918
0.554436 0.0149694 9.9991E-005 0.430495
0.600217 9.9982E-005 9.9982E-005 0.399583
0.349008 9.9991E-005 0.223515 0.427377
0.578245 9.9982E-005 9.9982E-005 0.421556
0.641974 9.9991E-005 0.00555987 0.352366
0.434646 9.9991E-005 0.411774 0.153481
0.489957 9.9991E-005 0.33112 0.178823
0.80774 9.9991E-005 0.0351585 0.157001
0.161211 9.9991E-005 0.617842 0.220847
0.531694 0.0167225 9.9991E-005 0.451483
0.461339 9.9991E-005 0.358774 0.179787
0.523258 0.198016 9.9991E-005 0.278626
0.270287 9.9991E-005 0.256819 0.472794
0.459751 0.241744 0.298406 9.9991E-005
0.150245 9.9991E-005 0.525348 0.324307
0.656543 9.9991E-005 0.0538417 0.289515
0.707927 9.9982E-005 9.9982E-005 0.291873
0.487106 9.9991E-005 0.335851 0.176943
0.524925 0.0667552 0.0128657 0.395454
0.690676 0.0888725 0.00317025 0.217281
0.0531769 9.9991E-005 0.904293 0.0424305
0.574014 0.00988732 0.0181322 0.397966
0.739624 9.9982E-005 9.9982E-005 0.260176
0.891157 9.9991E-005 0.00639047 0.102353
0.534086 9.9991E-005 0.0454255 0.420388
0.704422 9.9991E-005 0.0268186 0.26866
0.647133 9.9982E-005 9.9982E-005 0.352667
0.83345 0.0664963 0.0573099 0.0427441
0.820354 9.9991E-005 0.0332493 0.146297
0.060727 0.0423059 0.566517 0.33045
0.702846 9.9982E-005 9.9982E-005 0.296954
0.811367 9.9982E-005 9.9982E-005 0.188433
0.337766 0.028663 0.159111 0.47446
0.290584 9.9991E-005 0.45824 0.251076
0.531548 0.0892296 9.9991E-005 0.379123
0.701547 9.9982E-005 0.298253 9.9982E-005
0.666797 9.9982E-005 9.9982E-005 0.333003
0.427281 9.9991E-005 0.394517 0.178102
0.392991 0.164351 0.141972 0.300686
0.268422 9.9991E-005 0.49469 0.236787
0.530106 9.9991E-005 0.302955 0.16684
0.330997 0.0587444 9.9991E-005 0.610159
0.576614 9.9991E-005 0.274991 0.148295
0.433208 9.9982E-005 9.9982E-005 0.566592
0.659907 9.9991E-005 0.0452957 0.294698
0.417407 9.9991E-005 0.0292242 0.553269
0.456776 9.9991E-005 0.277437 0.265687
0.489821 9.9991E-005 0.030158 0.479921
0.400343 9.9982E-005 9.9982E-005 0.599457
0.66302 9.9982E-005 9.9982E-005 0.33678
0.243848 0.11525 0.640802 9.9991E-005
9.9991E-005 0.0455352 0.932304 0.022061
0.524496 0.102516 0.0907823 0.282206
0.499587 0.13853 0.10074 0.261143
0.319013 0.119597 0.133129 0.428261
0.473938 9.9991E-005 0.199892 0.32607
0.508456 0.0782757 0.256875 0.156394
0.625236 9.9991E-005 0.130052 0.244612
0.453353 0.121976 9.9991E-005 0.424571
0.574637 0.0605773 0.00411021 0.360675
0.685863 9.9982E-005 9.9982E-005 0.313937
0.652934 0.160628 9.9991E-005 0.186338
0.754746 9.9982E-005 9.9982E-005 0.245054
0.75414 0.0251751 9.9991E-005 0.220585
0.256337 9.9991E-005 0.0460335 0.697529
0.528578 0.197049 9.9991E-005 0.274273
0.468733 0.0217081 0.123242 0.386317
0.496401 0.128683 0.00518514 0.369731
0.6368 0.105338 0.0893704 0.168492
0.560286 0.0988711 0.155843 0.185
0.192233 0.183292 0.624375 9.9991E-005
0.20936 9.9991E-005 0.436939 0.353602
0.152372 9.9982E-005 0.847428 9.9982E-005
0.667238 9.9982E-005 9.9982E-005 0.332562
0.188358 9.9982E-005 0.811443 9.9982E-005
0.1436 0.07097 0.78533 9.9991E-005
0.499405 0.100349 0.0286361 0.37161
0.532671 0.276649 0.0241187 0.166561
0.487124 0.0523357 9.9991E-005 0.46044
0.155945 9.9991E-005 0.773513 0.0704417
0.663071 0.105057 9.9991E-005 0.231772
0.217336 0.00307502 0.464103 0.315486
0.416525 9.9982E-005 9.9982E-005 0.583275
9.9982E-005 9.9982E-005 0.857466 0.142334
0.40562 0.0451941 0.148336 0.40085
0.769259 0.0218331 0.0537084 0.1552
0.819597 9.9982E-005 9.9982E-005 0.180203
0.494831 9.9982E-005 9.9982E-005 0.504969
0.184551 0.0429987 0.772351 9.9991E-005
0.603799 9.9991E-005 0.235921 0.160179
0.258197 0.0776994 0.428008 0.236096
0.622027 0.202929 9.9991E-005 0.174944
0.109896 0.0591278 0.785332 0.0456447
0.242143 0.298829 0.150677 0.308351
0.210614 0.0733157 0.392408 0.323662
0.494036 0.0878481 9.9991E-005 0.418016
0.300884 0.0456159 0.224585 0.428916
0.252432 0.00235096 0.560882 0.184335
0.525994 0.0388601 9.9991E-005 0.435045
0.586906 0.0676609 9.9991E-005 0.345333
0.496778 0.0692156 9.9991E-005 0.433907
0.519569 0.138556 9.9991E-005 0.341775
0.175035 9.9991E-005 0.461 0.363865
0.59655 0.168922 0.0431131 0.191415
0.62608 0.179035 9.9991E-005 0.194785
0.798955 9.9982E-005 9.9982E-005 0.200845
0.256545 9.9991E-005 0.53278 0.210575
0.4735 9.9991E-005 0.23479 0.29161
0.653736 0.0550748 9.9991E-005 0.291089
9.9982E-005 9.9982E-005 0.141794 0.858006
0.358191 0.016579 0.215275 0.409955
0.463097 0.0749248 9.9991E-005 0.461879
0.220681 0.0406489 0.424648 0.314022
0.461598 0.061551 0.0960796 0.380772
0.315935 0.193713 0.41152 0.0788315
0.773337 0.0955229 9.9991E-005 0.13104
0.763868 9.9982E-005 9.9982E-005 0.235932
0.721326 0.12211 0.0280421 0.128523
0.732106 0.023846 9.9991E-005 0.243948
0.557479 0.205726 9.9991E-005 0.236695
0.571864 0.0067143 9.9991E-005 0.421322
0.412429 9.9991E-005 0.32601 0.261461
0.459867 9.9991E-005 0.0665642 0.473469
0.696821 9.9982E-005 9.9982E-005 0.302979
0.869051 9.9991E-005 0.0524564 0.0783929
0.401637 9.9991E-005 0.0904306 0.507833
0.307415 0.17513 0.366281 0.151175
0.284461 0.141356 9.9991E-005 0.574083
0.571372 0.145466 9.9991E-005 0.283062
9.9982E-005 9.9982E-005 0.813064 0.186736
0.248028 9.9991E-005 0.629888 0.121984
0.594804 9.9982E-005 9.9982E-005 0.404996
0.342992 0.607907 9.9991E-005 0.0490003
9.9991E-005 0.765872 0.0333646 0.200664
0.203509 0.634524 0.0207935 0.141173
0.532106 0.220917 9.9991E-005 0.246877
0.200918 0.793733 9.9991E-005 0.0052491
0.0720182 0.649811 0.0242223 0.253948
0.245326 0.696768 0.0578058 9.9991E-005
9.9991E-005 0.709203 0.00269681 0.288
0.148566 0.76178 0.0515715 0.0380823
0.294837 0.488642 9.9991E-005 0.216421
0.43875 0.390081 9.9991E-005 0.17107
0.248023 0.659276 0.0196188 0.0730825
0.441505 0.329414 9.9991E-005 0.228981
0.0314318 0.426582 9.9991E-005 0.541886
0.11337 0.752338 9.9991E-005 0.134192
9.9991E-005 0.837793 0.121776 0.0403307
0.288248 0.592227 9.9991E-005 0.119425
0.263182 0.50953 0.0160957 0.211192
9.9991E-005 0.128607 0.817617 0.0536764
0.283831 0.465597 9.9991E-005 0.250472
0.129094 0.589979 9.9991E-005 0.280827
0.606618 0.135718 0.116538 0.141125
9.9982E-005 0.991666 0.00813391 9.9982E-005
9.9982E-005 0.747996 9.9982E-005 0.251804
0.349237 0.172265 0.0332387 0.445259
0.178667 0.781659 0.0395736 9.9991E-005
0.295779 0.638641 9.9991E-005 0.0654799
0.163306 0.627192 0.00238078 0.207121
0.124596 0.843014 0.0322898 9.9991E-005
9.9991E-005 0.706 0.0418366 0.252064
9.9991E-005 0.832887 0.0259839 0.141029
9.9991E-005 0.85653 0.089775 0.0535953
0.0356765 0.701778 0.0131908 0.249355
0.212619 0.671666 9.9991E-005 0.115615
9.9991E-005 0.855223 0.129846 0.0148308
0.0994388 0.798087 0.0122696 0.0902048
0.00398005 0.736283 0.113365 0.146372
0.304141 0.0851083 9.9991E-005 0.61065
0.0158257 0.788422 0.00594316 0.18981
0.201813 0.620834 9.9991E-005 0.177254
0.191491 0.658873 0.0197905 0.129845
0.288992 0.595789 9.9991E-005 0.115119
0.0513422 0.948458 9.9982E-005 9.9982E-005
0.573164 0.193973 9.9991E-005 0.232763
0.209752 0.759049 0.0310993 9.9991E-005
0.387003 0.155131 0.402951 0.0549145
0.317963 0.169975 9.9991E-005 0.511961
0.589234 0.229376 0.0302254 0.151165
0.0598756 0.763466 0.038531 0.138127
0.105877 0.541027 9.9991E-005 0.352996
0.0780652 0.875622 0.046213 9.9991E-005
0.169945 0.689689 9.9991E-005 0.140266
0.161207 0.532115 9.9991E-005 0.306578
0.0822349 0.857363 9.9991E-005 0.0603025
0.319421 0.541072 9.9991E-005 0.139407
9.9982E-005 0.949146 9.9982E-005 0.0506542
0.286785 0.660956 9.9991E-005 0.0521588
0.196486 0.237079 0.012227 0.554208
0.0672606 0.932539 9.9982E-005 9.9982E-005
0.108707 0.891093 9.9982E-005 9.9982E-005
9.9991E-005 0.651835 0.0203591 0.327706
9.9982E-005 0.699618 9.9982E-005 0.300183
0.588078 0.198408 9.9991E-005 0.213414
9.9982E-005 0.754122 9.9982E-005 0.245678
0.625521 0.143169 0.18098 0.0503301
0.110901 0.677008 0.0559705 0.156121
0.0140772 0.719786 0.0707507 0.195386
0.525134 0.0833859 0.0968209 0.294659
0.0294026 0.657845 0.0635998 0.249152
0.14642 0.664575 0.0505299 0.138475
9.9982E-005 0.599632 9.9982E-005 0.400168
0.139676 0.643948 0.0125549 0.203821
0.280421 0.571681 9.9991E-005 0.147798
0.186679 0.751688 9.9991E-005 0.0615329
0.159247 0.785833 0.0548197 9.9991E-005
0.270564 0.637489 0.000582051 0.0913651
0.297495 0.254229 9.9991E-005 0.448176
0.0382278 0.567382 9.9991E-005 0.394291
0.376405 0.545528 0.0422088 0.0358575
9.9982E-005 0.0339896 0.96581 9.9982E-005
0.224832 0.774968 9.9982E-005 9.9982E-005
0.52134 0.140796 0.126228 0.211635
9.9991E-005 0.846442 0.019664 0.133794
0.167736 0.424802 9.9991E-005 0.407362
0.285185 0.34455 9.9991E-005 0.370165
0.44472 0.20872 9.9991E-005 0.34646
0.221396 0.559817 9.9991E-005 0.218686
0.237826 0.687948 9.9991E-005 0.0741258
0.237143 0.672575 9.9991E-005 0.0901812
0.0572403 0.693699 0.0240814 0.22498
0.343394 0.101061 9.9991E-005 0.555445
9.9982E-005 0.627164 9.9982E-005 0.372636
0.332508 0.610113 0.00115755 0.0562216
0.238714 0.635659 9.9991E-005 0.125527
0.822051 9.9991E-005 0.0327883 0.145061
0.0825793 0.789866 0.00663021 0.120925
0.19951 0.761226 0.0132363 0.0260277
0.090637 0.55732 9.9991E-005 0.351943
0.130972 0.644681 9.9991E-005 0.224248
0.610428 9.9982E-005 9.9982E-005 0.389372
0.0309448 9.9982E-005 0.968855 9.9982E-005
0.110488 0.603076 9.9991E-005 0.286337
0.325773 0.511396 0.0284877 0.134344
0.246759 0.518617 9.9991E-005 0.234524
0.0770731 0.737852 9.9991E-005 0.184974
0.0860894 0.841465 0.055365 0.017081
0.322149 0.65743 9.9991E-005 0.0203209
0.0349629 0.832001 0.0139866 0.11905
0.0688519 0.819096 0.0448624 0.0671897
0.190525 0.758989 0.0503867 9.9991E-005
0.202417 0.517615 9.9991E-005 0.279868
0.471453 0.0408375 9.9991E-005 0.487609
9.9982E-005 0.834082 9.9982E-005 0.165718
0.177177 0.607642 9.9991E-005 0.215082
0.627707 9.9982E-005 9.9982E-005 0.372093
9.9991E-005 0.711751 0.0564513 0.231697
0.469583 9.9982E-005 9.9982E-005 0.530217
0.219605 0.51501 0.0123735 0.253011
0.141829 0.59292 0.00829756 0.256954
0.532668 0.26456 0.00938508 0.193387
0.106121 0.691006 0.0116268 0.191246
0.343557 0.406267 0.00261405 0.247562
9.9991E-005 0.500404 0.0179764 0.48152
9.9982E-005 9.9982E-005 0.688421 0.311379
0.0771773 0.713971 9.9991E-005 0.208752
0.177226 0.668559 0.027053 0.127162
0.0613706 0.840671 9.9991E-005 0.0978581
0.215582 0.657551 0.0367442 0.0901235
0.0338562 0.65646 0.0195574 0.290127
0.091577 0.743888 9.9991E-005 0.164435
0.103174 0.510346 9.9991E-005 0.386379
0.851478 9.9982E-005 9.9982E-005 0.148322
0.0241465 0.599883 0.0361667 0.339804
0.137929 0.754609 9.9991E-005 0.107362
0.0108529 0.980476 0.00857072 9.9991E-005
0.0837637 0.796063 0.0183575 0.101816
0.196251 0.56489 0.0105206 0.228338
0.308095 0.537208 0.0649988 0.089698
0.344385 0.399036 9.9991E-005 0.256479
0.048008 0.459559 0.0585732 0.433859
0.217898 0.729207 9.9991E-005 0.0527948
0.0214494 0.755088 0.0227671 0.200696
0.7293 9.9991E-005 0.0783458 0.192254
0.390257 0.424176 9.9991E-005 0.185467
9.9982E-005 0.821319 9.9982E-005 0.178481
0.0990286 0.804497 0.0303886 0.066086
0.0922416 0.59659 9.9991E-005 0.311069
9.9982E-005 0.739888 9.9982E-005 0.259912
0.110822 0.531258 0.00423837 0.353682
0.626449 0.0875962 0.0140543 0.271901
0.420442 0.0597507 0.0490356 0.470772
0.184149 0.608079 0.0457062 0.162065
0.069424 0.760275 9.9991E-005 0.170201
0.209373 0.700744 9.9991E-005 0.089783
0.219435 0.4404 9.9991E-005 0.340064
0.0978939 0.704607 0.0289367 0.168562
9.9991E-005 0.88336 0.0342085 0.0823314
0.273709 0.152396 0.316469 0.257426
0.234063 0.684951 0.0618945 0.0190918
0.142327 0.580062 9.9991E-005 0.277511
0.214645 0.215388 0.394088 0.175879
0.504389 0.0312699 0.296022 0.168319
9.9982E-005 0.731785 9.9982E-005 0.268015
0.0380127 0.490226 0.0570927 0.414668
9.9982E-005 0.803068 9.9982E-005 0.196732
0.685712 0.179224 9.9991E-005 0.134963
0.197005 0.685107 0.0213013 0.0965863
0.034873 0.647896 0.00849536 0.308736
0.430304 0.176386 0.340355 0.052954
0.10537 0.668519 9.9991E-005 0.22601
0.216139 0.767475 0.0162864 9.9991E-005
0.0735063 0.687363 9.9991E-005 0.23903
0.210079 0.621268 0.0142958 0.154358
0.151311 0.84849 9.9982E-005 9.9982E-005
0.00964218 0.715633 9.9991E-005 0.274625
0.122034 0.602863 0.0599243 0.215179
0.187033 0.541628 0.0372893 0.23405
0.200823 0.786491 0.0125863 9.9991E-005
0.159058 0.66714 9.9991E-005 0.173701
9.9991E-005 0.143213 0.711964 0.144723
9.9982E-005 0.803533 9.9982E-005 0.196267
0.0515556 0.90096 9.9991E-005 0.0473844
0.315774 0.235816 9.9991E-005 0.448309
9.9982E-005 0.895135 9.9982E-005 0.104665
0.173367 0.632426 0.0253169 0.16889
9.9982E-005 0.655401 9.9982E-005 0.344399
0.284464 0.305534 0.079494 0.330509
0.0306913 0.616724 9.9991E-005 0.352484
0.100268 0.807211 0.0198127 0.072709
0.0562275 0.660753 0.0635226 0.219497
0.0550893 0.696904 9.9991E-005 0.247906
0.230086 0.537407 9.9991E-005 0.232407
9.998E-005 9.998E-005 0.9997 9.998E-005
0.214187 0.540744 9.9991E-005 0.24497
0.261531 0.453812 9.9991E-005 0.284556
0.121621 0.554033 9.9991E-005 0.324246
9.9982E-005 0.693246 9.9982E-005 0.306554
9.9982E-005 0.647438 9.9982E-005 0.352362
0.0915827 0.691451 0.0796031 0.137363
9.9982E-005 9.9982E-005 0.664363 0.335437
0.103312 0.814612 9.9991E-005 0.0819766
0.114079 0.643928 9.9991E-005 0.241893
0.282584 0.621996 9.9991E-005 0.0953204
0.132908 0.572716 9.9991E-005 0.294276
0.000266455 0.641357 9.9991E-005 0.358276
0.00211429 0.790004 0.0336547 0.174227
0.0957179 0.61517 9.9991E-005 0.289012
9.9991E-005 0.614372 0.0157609 0.369767
0.0410546 0.611266 9.9991E-005 0.34758
0.287734 0.60526 0.0413355 0.0656707
9.9982E-005 0.587856 9.9982E-005 0.411944
0.199268 0.614865 9.9991E-005 0.185767
0.312326 0.668732 9.9991E-005 0.0188415
0.111029 0.846217 0.0426536 9.9991E-005
0.372507 0.627293 9.9982E-005 9.9982E-005
0.283593 0.410564 9.9991E-005 0.305743
0.105873 0.599356 9.9991E-005 0.294671
0.0601074 0.868346 0.0714465 9.9991E-005
0.0947458 0.682447 0.0187771 0.20403
0.182503 0.553884 9.9991E-005 0.263513
0.314723 0.436533 9.9991E-005 0.248645
9.9982E-005 0.882934 9.9982E-005 0.116866
0.233732 0.402104 9.9991E-005 0.364064
0.346508 0.653292 9.9982E-005 9.9982E-005
0.0692937 9.9982E-005 0.930506 9.9982E-005
0.431307 0.0384266 0.396097 0.13417
0.324749 0.11312 0.196344 0.365787
0.0139142 0.0476513 0.634227 0.304208
0.457536 0.199736 0.0292314 0.313496
0.485376 0.167175 9.9991E-005 0.347349
0.391314 0.0599851 0.101408 0.447293
0.0602079 0.668795 9.9991E-005 0.270897
0.325909 0.554572 0.0191311 0.100388
9.9982E-005 0.74198 9.9982E-005 0.25782
0.375191 0.295525 0.0163684 0.312916
0.263143 0.597543 0.0593024 0.0800118
0.183996 0.520575 0.00443267 0.290996
0.222835 0.527158 0.0188248 0.231182
0.12554 0.654494 0.00587415 0.214092
0.231822 0.618288 9.9991E-005 0.14979
9.9991E-005 0.699148 0.0524727 0.248279
0.11123 0.567454 9.9991E-005 0.321216
0.43429 0.257158 0.0716981 0.236854
0.0564434 0.647165 0.0969338 0.199458
9.9982E-005 0.625491 9.9982E-005 0.374309
9.9991E-005 0.551042 0.0579404 0.390917
0.118744 0.0975824 0.783574 9.9991E-005
0.575297 0.0849328 0.205501 0.134269
0.178497 0.813754 9.9991E-005 0.00764933
9.9982E-005 0.515129 9.9982E-005 0.484671
0.465629 0.167537 0.198079 0.168755
0.104813 0.764133 0.00540034 0.125653
9.9982E-005 0.743888 9.9982E-005 0.255912
0.603382 0.00223065 0.0355672 0.35882
0.185328 0.685224 9.9991E-005 0.129348
9.9991E-005 0.814337 0.00490608 0.180657
9.9982E-005 0.438607 9.9982E-005 0.561193
9.9982E-005 0.485821 9.9982E-005 0.513979
0.211949 0.641203 0.0485351 0.0983126
0.105285 0.775356 9.9991E-005 0.119259
0.229268 0.196785 0.331326 0.242621
0.176022 0.574719 9.9991E-005 0.249159
0.29232 0.540863 9.9991E-005 0.166716
9.9982E-005 0.757328 9.9982E-005 0.242472
0.226586 0.0686331 0.149691 0.55509
0.108214 0.149523 9.9991E-005 0.742162
0.407936 0.252276 0.0228997 0.316888
9.9982E-005 0.684541 9.9982E-005 0.315259
0.49553 0.191043 0.0225153 0.290912
9.9991E-005 0.793918 0.0215205 0.184461
0.240604 0.517761 0.0310293 0.210606
0.0757811 0.778574 9.9991E-005 0.145545
0.27768 0.58476 0.0414591 0.0961011
0.230678 0.179319 0.279427 0.310576
0.0825557 0.606417 9.9991E-005 0.310927
0.0115153 0.0679251 0.835911 0.0846485
0.12501 0.56677 0.0192207 0.288999
0.0421456 0.842452 0.0545007 0.060902
9.998E-005 9.998E-005 0.9997 9.998E-005
9.9982E-005 0.053455 0.946345 9.9982E-005
0.191011 0.54232 0.0101081 0.256561
0.185128 0.444636 0.0257969 0.344439
0.12689 0.676202 0.0135741 0.183334
9.9982E-005 0.582454 9.9982E-005 0.417346
0.215055 0.462103 9.9991E-005 0.322741
9.9982E-005 0.855455 9.9982E-005 0.144345
0.0902865 0.467438 0.0361509 0.406125
0.371355 0.0584672 0.36261 0.207567
0.0491376 0.577691 9.9991E-005 0.373071
0.0153178 0.891388 0.0585799 0.0347147
0.103479 0.401045 9.9991E-005 0.495377
0.46151 0.13658 0.101117 0.300792
0.683498 0.316302 9.9982E-005 9.9982E-005
0.123357 9.9982E-005 9.9982E-005 0.876443
0.121221 0.610039 9.9991E-005 0.26864
0.147046 0.065674 0.323091 0.46419
0.06956 0.663738 9.9991E-005 0.266602
0.219078 0.592548 0.00717972 0.181194
0.0026854 0.809105 9.9991E-005 0.18811
0.0486466 0.676837 9.9991E-005 0.274416
9.9982E-005 0.429988 9.9982E-005 0.569812
0.275408 0.578872 0.0133152 0.132404
0.268972 0.60573 9.9991E-005 0.125198
0.411704 0.19579 0.0167694 0.375737
0.766736 0.105122 9.9991E-005 0.128042
9.9982E-005 0.538926 9.9982E-005 0.460874
0.0739263 0.702855 9.9991E-005 0.223118
0.263909 0.689626 9.9991E-005 0.046365
0.130958 0.0594815 0.7336 0.0759606
0.365203 0.547369 9.9991E-005 0.0873278
0.1812 0.51814 0.0190985 0.281562
0.324344 0.675456 9.9982E-005 9.9982E-005
9.9982E-005 0.198703 9.9982E-005 0.801097
0.265664 0.597214 9.9991E-005 0.137022
0.425793 0.544029 0.0300779 9.9991E-005
0.172511 0.60434 0.0210504 0.202099
9.9991E-005 0.596494 0.0365891 0.366817
0.549482 0.171528 0.16315 0.115839
0.0515103 0.827932 9.9991E-005 0.120458
0.112539 0.616892 0.0335399 0.237029
0.247241 0.546718 9.9991E-005 0.205942
0.69346 9.9991E-005 0.0626302 0.24381
0.198752 0.798858 9.9991E-005 0.00228965
0.146238 0.553407 9.9991E-005 0.300255
0.300845 0.347364 0.101639 0.250151
0.0344761 0.751313 9.9991E-005 0.214111
0.206263 0.578705 0.0544365 0.160596
0.388474 0.44209 9.9991E-005 0.169336
0.114603 0.609373 0.0695283 0.206496
0.477183 0.0419192 0.27245 0.208448
0.179418 0.455331 0.00222592 0.363025
9.9982E-005 0.353938 9.9982E-005 0.645862
9.9982E-005 0.394737 9.9982E-005 0.605063
0.421142 0.379243 9.9991E-005 0.199515
0.329295 0.456156 9.9991E-005 0.214449
0.192949 0.597656 9.9991E-005 0.209295
9.9991E-005 0.550649 0.0133548 0.435897
0.13377 0.86603 9.9982E-005 9.9982E-005
0.192099 0.557547 9.9991E-005 0.250254
0.0520647 0.725561 0.0321209 0.190253
0.504533 0.162098 0.00292613 0.330443
0.266833 0.591873 0.0695539 0.0717407
0.0501894 0.603501 0.0792252 0.267084
0.605666 0.0743739 0.0095993 0.31036
0.128851 0.591492 9.9991E-005 0.279557
0.132224 0.587715 0.07142 0.20864
0.136902 0.483096 9.9991E-005 0.379902
0.205156 0.667689 9.9991E-005 0.127056
0.152789 0.560871 9.9991E-005 0.28624
0.747234 0.104785 9.9991E-005 0.14788
0.0298884 0.779717 9.9991E-005 0.190294
0.357487 0.162222 0.031527 0.448764
