0.585352 0.339503 0.0750449 9.9991E-005
0.528945 0.416603 9.9991E-005 0.0543519
0.706513 0.176676 9.9991E-005 0.116711
0.685702 0.165939 9.9991E-005 0.148259
0.858887 0.0381097 0.0356873 0.0673155
0.0301427 0.00110954 0.0260526 0.942695
0.608537 0.11965 0.257883 0.0139303
9.9982E-005 0.035111 9.9982E-005 0.964689
0.563552 0.358252 0.0631135 0.0150831
0.560415 0.385058 0.0544261 9.9991E-005
0.636232 0.359697 9.9991E-005 0.00397059
0.373214 0.39829 9.9991E-005 0.228396
0.760749 0.239051 9.9982E-005 9.9982E-005
0.694493 0.207699 9.9991E-005 0.0977079
0.124669 0.186909 9.9991E-005 0.688323
0.482145 0.397302 0.0497958 0.0707566
0.408421 0.415931 9.9991E-005 0.175548
0.795444 9.9982E-005 0.204356 9.9982E-005
0.648193 0.190113 0.103529 0.0581651
0.623057 0.376743 9.9982E-005 9.9982E-005
0.891058 9.9982E-005 0.108742 9.9982E-005
0.586597 0.317195 9.9991E-005 0.0961078
0.671471 0.31214 0.0162892 9.9991E-005
9.9982E-005 0.399409 9.9982E-005 0.600391
0.640667 0.225412 0.131158 0.00276289
0.121584 0.193319 9.9991E-005 0.684997
0.34289 0.0789242 0.0754437 0.502742
0.688458 9.9982E-005 9.9982E-005 0.311342
9.9982E-005 0.255234 9.9982E-005 0.744566
0.754655 0.0672895 9.9991E-005 0.177955
0.225217 0.173457 0.0942714 0.507054
0.788339 9.9991E-005 0.180378 0.0311825
0.461778 0.274521 0.0271674 0.236534
0.0928537 9.9982E-005 9.9982E-005 0.906946
9.9982E-005 9.9982E-005 0.112854 0.886946
0.677446 0.110074 0.0643782 0.148101
0.67679 0.137913 9.9991E-005 0.185197
0.671296 0.179254 0.14935 9.9991E-005
0.0705942 0.225232 9.9991E-005 0.704074
0.185585 0.32841 0.0690927 0.416912
0.351149 0.303689 0.0670525 0.278109
0.70122 0.254007 9.9991E-005 0.0446732
0.64405 0.142241 9.9991E-005 0.213609
0.285592 9.9991E-005 0.0927717 0.621536
0.564185 0.366548 0.069167 9.9991E-005
0.372969 0.408039 0.218892 9.9991E-005
0.562577 0.201398 0.138001 0.0980242
0.619938 0.24077 0.0258182 0.113474
0.415185 0.541799 0.0187529 0.0242632
0.0974227 0.311354 0.00877586 0.582448
0.773628 0.185395 0.0327874 0.00818973
0.175603 0.264207 0.114424 0.445767
0.549125 0.285885 0.160142 0.00484845
0.0216536 9.9982E-005 9.9982E-005 0.978146
0.376916 0.167041 9.9991E-005 0.455944
0.785293 0.167937 0.04667 9.9991E-005
0.548252 0.451548 9.9982E-005 9.9982E-005
0.529956 0.272782 9.9991E-005 0.197162
0.176321 0.50144 9.9991E-005 0.322139
0.66238 9.9982E-005 9.9982E-005 0.33742
9.9991E-005 0.0683943 0.0551467 0.876359
9.9982E-005 0.0737308 9.9982E-005 0.926069
0.712325 0.250692 0.0115893 0.0253935
9.9982E-005 0.0518975 9.9982E-005 0.947903
0.611852 0.363912 0.016759 0.00747627
0.0799099 0.0736675 0.00243572 0.843987
0.643325 0.301126 0.0554485 9.9991E-005
0.408536 0.394041 0.043981 0.153442
0.476204 0.510932 0.0127635 9.9991E-005
9.9991E-005 0.129955 0.0578434 0.812101
0.261425 0.572314 0.166161 9.9991E-005
0.564868 0.298854 0.0775548 0.0587232
0.419036 0.300081 9.9991E-005 0.280783
0.475586 0.434928 0.0893859 9.9991E-005
0.617546 0.19794 0.0711106 0.113403
0.407715 0.195157 9.9991E-005 0.397028
0.70811 0.241481 0.0444891 0.00592057
0.276368 0.563978 9.9991E-005 0.159554
0.414027 0.374146 0.0791843 0.132642
0.595394 0.113851 0.221306 0.0694489
0.442169 0.557631 9.9982E-005 9.9982E-005
0.612002 0.29212 0.0389077 0.0569703
0.488577 0.455053 9.9991E-005 0.0562697
0.768221 0.231579 9.9982E-005 9.9982E-005
0.671392 0.328408 9.9982E-005 9.9982E-005
0.300987 0.544663 0.0232653 0.131085
0.533233 0.11605 9.9991E-005 0.350618
0.463755 0.332583 9.9991E-005 0.203562
0.119337 9.9982E-005 9.9982E-005 0.880463
0.45961 0.310337 9.9991E-005 0.229953
0.329015 0.546499 0.0917564 0.0327296
0.142531 0.212206 0.0154094 0.629853
0.639392 0.344121 9.9991E-005 0.0163874
0.536769 0.179967 9.9991E-005 0.283164
0.16589 0.327319 9.9991E-005 0.506691
9.9982E-005 0.119599 9.9982E-005 0.880201
0.614127 0.232633 0.0265641 0.126676
0.402071 0.455456 0.0502753 0.0921979
0.402838 0.529706 0.0481219 0.0193338
0.745894 9.9982E-005 9.9982E-005 0.253906
0.0985074 0.396156 9.9991E-005 0.505237
0.752139 0.167033 9.9991E-005 0.0807279
0.484461 0.364253 0.151186 9.9991E-005
0.597514 0.402286 9.9982E-005 9.9982E-005
0.688724 0.20253 0.100038 0.00870878
0.0223596 0.202387 9.9991E-005 0.775154
0.124242 0.258124 0.0814412 0.536192
0.579433 0.420367 9.9982E-005 9.9982E-005
0.616452 0.356517 9.9991E-005 0.0269309
0.77126 0.166467 0.0303515 0.031921
0.231747 0.273337 9.9991E-005 0.494816
9.9982E-005 0.00975282 9.9982E-005 0.990047
0.366633 0.125614 9.9991E-005 0.507653
0.835723 0.0573768 0.1068 9.9991E-005
0.593311 0.297144 9.9991E-005 0.109446
0.691509 0.308291 9.9982E-005 9.9982E-005
0.701286 0.298514 9.9982E-005 9.9982E-005
9.998E-005 9.998E-005 9.998E-005 0.9997
0.836465 0.0664286 0.0566689 0.0404379
0.661023 0.330635 0.00824187 9.9991E-005
0.751967 0.157748 9.9991E-005 0.0901847
0.231915 0.112 9.9991E-005 0.655985
0.786631 0.181242 0.0320272 9.9991E-005
0.633878 0.228591 0.0365058 0.101025
0.777395 0.134187 0.0883187 9.9991E-005
0.537531 0.402019 0.00945808 0.0509922
0.292078 9.9982E-005 9.9982E-005 0.707722
9.9982E-005 0.117723 9.9982E-005 0.882077
0.474402 0.479913 0.0455852 9.9991E-005
0.543217 0.295274 0.147807 0.0137029
0.709678 0.24934 0.0188363 0.0221459
0.495233 0.306782 0.180332 0.0176528
0.38736 0.179165 9.9991E-005 0.433375
0.510381 0.212448 0.225501 0.0516704
0.63262 0.165595 9.9991E-005 0.201685
9.998E-005 0.9997 9.998E-005 9.998E-005
0.160469 0.229221 0.00117393 0.609136
0.517367 0.187348 9.9991E-005 0.295185
9.9982E-005 0.996828 9.9982E-005 0.00297213
0.0865249 0.274014 0.0296914 0.609769
0.726264 0.0667406 0.00496513 0.20203
0.311005 0.203559 0.101283 0.384154
0.46745 0.135847 0.0558168 0.340887
0.277285 0.429437 0.0187276 0.274551
0.0366056 0.024935 0.0650851 0.873374
0.439012 0.218272 0.0549612 0.287755
0.379713 0.316614 0.000607323 0.303066
0.59453 0.32382 0.0815492 9.9991E-005
0.600112 0.286117 0.113671 9.9991E-005
0.43233 0.280559 0.281099 0.00601183
0.706805 0.140652 0.0726682 0.0798744
0.487404 0.112047 0.0437043 0.356844
0.223653 9.9982E-005 9.9982E-005 0.776147
0.341883 0.119648 0.081948 0.456521
0.352824 0.461745 0.143157 0.0422745
0.591229 0.227435 0.180998 0.000337807
9.9991E-005 0.101483 0.0128212 0.885595
0.525427 0.284286 0.190187 9.9991E-005
0.473933 0.442412 0.0835556 9.9991E-005
0.594946 0.135258 0.0398381 0.229958
0.512961 0.424422 0.0625168 9.9991E-005
0.310194 0.477091 0.0459519 0.166763
0.434991 0.524253 9.9991E-005 0.0406558
0.42983 0.490341 0.0484422 0.0313875
0.725476 0.25221 0.0221117 0.000202411
0.801607 0.12867 0.0696234 9.9991E-005
0.364975 0.376343 0.0888555 0.169826
0.16549 0.257375 9.9991E-005 0.577035
0.389285 0.326082 9.9991E-005 0.284533
0.40498 0.380034 0.116437 0.0985486
0.343992 0.356438 0.111746 0.187824
0.61425 0.268428 9.9991E-005 0.117222
9.998E-005 9.998E-005 9.998E-005 0.9997
0.567044 0.323792 9.9991E-005 0.109065
0.151382 0.549363 9.9991E-005 0.299155
0.251256 0.610499 0.138146 9.9991E-005
0.506221 0.270518 9.9991E-005 0.223161
0.258511 0.0820877 0.064391 0.59501
0.338406 0.188124 9.9991E-005 0.47337
0.391018 0.0168365 9.9991E-005 0.592045
0.78091 0.19259 9.9991E-005 0.0264001
0.0567308 9.9991E-005 0.0232465 0.919923
0.42712 0.149609 9.9991E-005 0.423171
0.536841 0.301692 0.135984 0.0254831
9.998E-005 9.998E-005 9.998E-005 0.9997
0.116431 0.307792 9.9991E-005 0.575677
0.479127 0.444056 0.0284398 0.0483769
0.398297 0.160976 9.9991E-005 0.440627
0.659051 0.233127 9.9991E-005 0.107722
0.792259 0.146735 0.0609064 9.9991E-005
0.377509 0.219528 9.9991E-005 0.402863
0.751413 0.237127 9.9991E-005 0.0113603
0.771273 0.228527 9.9982E-005 9.9982E-005
0.599461 0.261856 0.0946834 0.0439995
0.129137 0.448073 0.157444 0.265346
0.618195 0.0751073 9.9991E-005 0.306598
0.595238 0.128322 0.27634 9.9991E-005
0.537571 0.286227 0.0554843 0.120718
0.331749 0.494292 0.173859 9.9991E-005
0.577736 0.390477 0.0316873 9.9991E-005
0.318089 0.319222 0.0486429 0.314045
0.718984 0.267855 0.0130606 9.9991E-005
0.422834 0.525883 0.0438316 0.00745147
0.391361 0.328829 0.27971 9.9991E-005
0.311427 0.298271 0.390202 9.9991E-005
0.247936 0.459429 0.0357174 0.256918
0.725907 0.168115 0.105878 9.9991E-005
0.479519 0.270224 9.9991E-005 0.250156
0.616815 0.312622 0.0482184 0.0223448
0.697137 0.218754 0.0840087 9.9991E-005
0.598084 0.207502 0.194314 9.9991E-005
0.348691 0.208823 0.0742493 0.368237
0.361905 0.177368 9.9991E-005 0.460626
0.923279 0.0765211 9.9982E-005 9.9982E-005
0.699367 0.14094 0.159593 9.9991E-005
0.670976 0.238333 0.0905911 9.9991E-005
0.46582 0.434289 0.0997914 9.9991E-005
0.268796 0.363632 9.9991E-005 0.367473
0.46705 0.31118 9.9991E-005 0.22167
0.383993 0.426569 0.189338 9.9991E-005
0.0728425 0.367303 9.9991E-005 0.559755
0.641331 0.11887 0.0218592 0.217939
0.295044 0.448921 0.103787 0.152248
0.0332992 0.0413593 0.0630935 0.862248
0.515035 0.409595 0.0746521 0.000718628
0.49067 0.377486 0.0878815 0.0439622
0.763037 0.234219 9.9991E-005 0.00264435
0.755404 0.232632 0.0118641 9.9991E-005
0.374265 0.433799 0.191836 9.9991E-005
0.634269 0.36331 9.9991E-005 0.00232133
0.880869 0.0473717 0.0641604 0.00759896
0.757444 0.242356 9.9982E-005 9.9982E-005
0.445713 0.259173 9.9991E-005 0.295014
0.644596 0.30935 0.0459538 9.9991E-005
0.575325 0.424475 9.9982E-005 9.9982E-005
0.166311 0.610702 9.9991E-005 0.222887
0.511903 0.474581 0.013416 9.9991E-005
0.547604 0.452196 9.9982E-005 9.9982E-005
0.50405 0.100965 9.9991E-005 0.394886
0.30573 0.382159 9.9991E-005 0.312011
0.836915 0.102278 9.9991E-005 0.0607068
0.212308 0.155324 9.9991E-005 0.632268
0.594165 0.372272 0.0334626 9.9991E-005
0.424319 0.250517 9.9991E-005 0.325064
0.682221 0.0601516 0.229129 0.0284984
0.0534175 0.71906 9.9991E-005 0.227423
0.308887 0.18823 0.171705 0.331178
0.141809 0.350651 9.9991E-005 0.50744
0.727709 0.195672 0.0265251 0.050094
0.52008 0.47972 9.9982E-005 9.9982E-005
0.338301 0.314472 9.9991E-005 0.347127
0.531484 0.347369 0.105536 0.0156108
0.813346 0.137169 0.021344 0.0281413
9.9982E-005 0.116753 9.9982E-005 0.883047
0.629595 0.347505 0.0228 9.9991E-005
0.868125 0.129039 9.9991E-005 0.00273608
0.894539 0.0749599 9.9991E-005 0.0304011
0.62884 0.340744 0.00718868 0.0232277
0.658525 0.308287 9.9991E-005 0.0330877
0.66139 0.33841 9.9982E-005 9.9982E-005
0.872469 0.119714 9.9991E-005 0.00771744
0.522795 0.253055 0.0845111 0.139638
0.141802 0.263347 0.0145142 0.580338
0.678522 0.321278 9.9982E-005 9.9982E-005
0.781438 0.218362 9.9982E-005 9.9982E-005
0.462658 0.295658 0.0352059 0.206478
0.29177 0.296526 9.9991E-005 0.411605
0.673772 0.152932 0.173195 9.9991E-005
0.631083 0.0715142 9.9991E-005 0.297303
0.699039 0.248433 0.0524282 9.9991E-005
0.358565 0.265627 0.0163498 0.359458
0.435499 0.33035 0.112303 0.121847
0.175976 0.34132 9.9991E-005 0.482604
0.572603 0.182065 9.9991E-005 0.245232
0.428873 0.403365 0.146279 0.0214828
0.466834 0.248399 0.0429325 0.241835
0.536931 0.462869 9.9982E-005 9.9982E-005
0.651174 0.258112 0.0577769 0.0329368
0.421745 0.518624 0.00996043 0.04967
0.303358 0.384788 0.0515695 0.260285
0.519693 0.443591 9.9991E-005 0.036616
0.493967 0.306657 0.199276 9.9991E-005
0.727214 0.272586 9.9982E-005 9.9982E-005
0.243119 0.0913435 0.0830863 0.582452
0.027977 9.9991E-005 0.0731951 0.898728
0.458018 0.302665 0.113813 0.125504
0.583563 0.175623 0.135481 0.105332
0.289662 0.436736 0.155625 0.117978
0.43122 0.301348 0.0573675 0.210065
0.48261 0.184627 0.0580003 0.274763
0.54844 0.283601 0.0306807 0.137279
0.587232 0.251066 0.161602 9.9991E-005
0.665902 0.238815 0.091344 0.00393911
0.626496 0.368146 9.9991E-005 0.00525772
0.781145 0.102309 0.116446 9.9991E-005
0.723379 0.276422 9.9982E-005 9.9982E-005
0.691761 0.308039 9.9982E-005 9.9982E-005
0.160521 0.776285 9.9991E-005 0.0630932
0.563824 0.241012 0.195064 9.9991E-005
0.502215 0.421276 0.0224548 0.0540535
0.596642 0.248588 0.154669 9.9991E-005
0.702552 0.150371 0.110733 0.0363435
0.551827 0.234618 0.0798293 0.133725
0.185328 0.0968702 0.129251 0.588551
0.282038 0.263671 9.9991E-005 0.454191
0.193052 9.9982E-005 9.9982E-005 0.806748
0.775128 0.224672 9.9982E-005 9.9982E-005
0.170076 9.9982E-005 9.9982E-005 0.829725
0.0696541 0.146056 9.9991E-005 0.78419
0.573603 0.23123 0.150943 0.0442248
0.628993 0.256862 0.114045 9.9991E-005
0.616606 0.311285 0.0720092 9.9991E-005
0.139205 0.122886 9.9991E-005 0.737808
0.713663 0.253401 0.0328364 9.9991E-005
0.14077 0.393714 9.9991E-005 0.465415
0.574502 0.289769 0.120461 0.0152679
0.161982 9.9991E-005 0.0484875 0.789431
0.345271 0.460608 0.0505264 0.143595
0.843242 0.127255 0.0196494 0.00985362
0.84405 0.133287 0.0225632 9.9991E-005
0.515368 0.46397 0.020562 9.9991E-005
0.251974 9.9991E-005 0.0292826 0.718643
0.549679 0.191524 0.0226411 0.236157
0.228248 0.280727 0.0784768 0.412549
0.448277 0.411671 0.127128 0.0129236
0.131722 0.0157429 0.0436036 0.808931
0.375142 0.201353 0.316638 0.106867
0.30139 0.161632 0.0927089 0.444269
0.736796 0.201418 0.0616854 9.9991E-005
0.363257 0.295344 0.0962531 0.245145
0.193082 0.0480519 0.106737 0.65213
0.405057 0.433284 0.161559 9.9991E-005
0.619643 0.359839 0.0204183 9.9991E-005
0.536102 0.331673 0.132125 9.9991E-005
0.628106 0.220102 0.151692 9.9991E-005
0.180909 0.382523 9.9991E-005 0.436468
0.677816 0.195472 0.121853 0.00485908
0.727261 0.101936 0.170704 9.9991E-005
0.706473 0.240534 9.9991E-005 0.0528933
0.206984 0.300803 9.9991E-005 0.492114
0.349356 0.416763 0.0228269 0.211054
0.760455 0.0926328 0.146812 9.9991E-005
0.0706412 0.735727 0.0683259 0.125306
0.343144 0.339714 0.0954796 0.221663
0.432098 0.465964 0.101838 9.9991E-005
0.193907 0.267771 0.117861 0.420461
0.320883 0.578217 9.9991E-005 0.100799
0.389071 0.0484929 0.0822412 0.480195
0.845366 0.045283 0.109251 9.9991E-005
0.75172 0.24808 9.9982E-005 9.9982E-005
0.853391 0.146409 9.9982E-005 9.9982E-005
0.780565 0.219235 9.9982E-005 9.9982E-005
0.513708 0.374058 0.112134 9.9991E-005
0.568547 0.364916 0.066437 9.9991E-005
0.425185 0.200004 9.9991E-005 0.374711
0.435068 0.502808 9.9991E-005 0.0620241
0.728793 0.271007 9.9982E-005 9.9982E-005
0.792108 0.11604 9.9991E-005 0.0917522
0.466397 0.461653 9.9991E-005 0.0718497
0.390402 0.220908 0.124007 0.264683
0.316378 0.426465 0.257057 9.9991E-005
0.594332 0.282658 0.12291 9.9991E-005
9.9982E-005 0.216411 9.9982E-005 0.783389
0.195305 0.120394 9.9991E-005 0.684201
0.496925 0.502875 9.9982E-005 9.9982E-005
0.383741 0.0905005 0.525659 9.9991E-005
9.9991E-005 0.139875 0.811081 0.0489435
0.243506 0.0773834 0.651785 0.0273257
0.624775 0.198397 0.176729 9.9991E-005
0.196516 0.1313 0.672084 9.9991E-005
0.0960851 0.226366 0.64696 0.0305892
0.224688 9.9991E-005 0.719671 0.0555417
0.0114131 0.15743 0.808232 0.022925
0.252525 9.9991E-005 0.718153 0.0292216
0.25499 0.1923 0.545994 0.00671642
0.278819 0.262357 0.458724 9.9991E-005
0.181789 0.148064 0.670048 9.9991E-005
0.492199 0.170828 0.336873 9.9991E-005
0.0996826 0.245394 0.654823 9.9991E-005
0.310545 0.0369129 0.652442 9.9991E-005
0.0810868 0.0235147 0.80269 0.0927087
0.346416 0.166719 0.486765 9.9991E-005
0.0939619 0.266332 0.639606 9.9991E-005
9.9991E-005 0.0454614 0.157577 0.796861
0.288525 0.0877296 0.623646 9.9991E-005
0.187505 0.222426 0.589969 9.9991E-005
0.526612 0.163114 0.176306 0.133968
9.998E-005 9.998E-005 0.9997 9.998E-005
9.9982E-005 0.358896 0.640904 9.9982E-005
0.412252 0.287795 0.245528 0.0544255
0.0472852 0.0455459 0.877114 0.0300544
0.272651 0.0421676 0.651148 0.0340331
0.266195 0.171338 0.559325 0.00314236
0.0541879 9.9991E-005 0.889137 0.0565752
0.0246731 0.158514 0.767038 0.049774
9.9982E-005 0.158143 0.841657 9.9982E-005
9.9991E-005 0.043655 0.892432 0.0638132
0.10944 0.167551 0.692866 0.0301436
0.305802 9.9982E-005 0.693998 9.9982E-005
0.123662 9.9991E-005 0.762282 0.113956
0.0903893 0.0419398 0.835217 0.0324544
0.00298983 0.153527 0.760519 0.0829632
0.593074 0.252704 0.154122 9.9991E-005
0.105114 0.0136328 0.843683 0.0375711
0.198326 0.165136 0.634455 0.00208244
0.26068 0.0903618 0.633855 0.0151029
0.243732 0.0883892 0.667779 9.9991E-005
9.9982E-005 0.0489404 0.95086 9.9982E-005
0.52314 0.226673 0.19635 0.0538379
0.202269 9.9982E-005 0.797531 9.9982E-005
0.389934 0.114655 0.0674599 0.427951
0.392775 0.363523 0.243602 9.9991E-005
0.530529 0.175572 0.253467 0.0404322
0.169537 0.0738426 0.733968 0.0226518
0.163243 0.179021 0.657636 9.9991E-005
0.069404 9.9991E-005 0.89962 0.0308757
0.178945 0.135866 0.668809 0.0163792
0.161457 0.131218 0.679488 0.0278374
0.252299 0.0131403 0.720913 0.0136486
0.248798 0.186819 0.564283 9.9991E-005
9.9982E-005 0.165947 0.833853 9.9982E-005
0.271784 0.0561947 0.657861 0.0141605
0.154337 0.462535 0.353191 0.0299364
0.0952955 9.9982E-005 0.904505 9.9982E-005
0.179856 9.9982E-005 0.819944 9.9982E-005
9.9982E-005 0.207215 0.792585 9.9982E-005
9.9982E-005 0.215201 0.784599 9.9982E-005
0.531801 0.308636 0.159463 9.9991E-005
0.157841 0.0836938 0.758366 9.9991E-005
0.611637 0.0309514 0.0671046 0.290307
0.251545 9.9991E-005 0.73091 0.0174456
0.115618 0.0496576 0.765679 0.0690459
0.458923 0.288543 0.0749615 0.177572
0.193043 0.0623286 0.730408 0.0142198
0.121223 0.207533 0.671143 9.9991E-005
9.9982E-005 0.288444 0.711356 9.9982E-005
0.162239 0.0769766 0.760684 9.9991E-005
0.0711985 0.353113 0.568589 0.00710012
0.245936 0.0197549 0.734209 9.9991E-005
0.0180007 0.0306515 0.843524 0.107824
0.233941 0.139047 0.62144 0.00557159
0.312009 0.304241 0.383649 9.9991E-005
0.0400821 0.332299 0.627519 9.9991E-005
0.411846 0.0600966 0.500137 0.0279198
9.9991E-005 0.104383 0.00978939 0.885728
0.28897 9.9982E-005 0.71083 9.9982E-005
0.672 0.135486 0.0670299 0.125484
9.9982E-005 0.207868 0.791932 9.9982E-005
0.291001 0.214787 0.49296 0.00125202
0.469279 0.150642 0.379979 9.9991E-005
0.667978 0.112822 0.2191 9.9991E-005
0.248718 0.135906 0.615275 9.9991E-005
0.271513 0.0357247 0.691026 0.00173694
0.235091 9.9991E-005 0.747486 0.0173227
0.108124 0.097631 0.775565 0.0186805
0.460781 0.349782 0.189337 9.9991E-005
9.9982E-005 0.368122 0.631678 9.9982E-005
0.286479 0.0426137 0.633653 0.0372541
0.200644 0.13457 0.664686 9.9991E-005
0.790053 0.172124 0.00987398 0.0279498
9.9991E-005 0.249808 0.739859 0.0102333
0.14157 0.027585 0.830745 9.9991E-005
0.0855922 0.339459 0.574849 9.9991E-005
0.279504 0.00487629 0.709259 0.00636019
0.513151 0.486649 9.9982E-005 9.9982E-005
0.035123 9.9982E-005 9.9982E-005 0.964677
0.153557 0.175006 0.671338 9.9991E-005
0.369315 0.123759 0.504253 0.00267315
0.255579 0.260514 0.483807 9.9991E-005
0.156857 0.0736373 0.734033 0.0354731
0.100489 9.9991E-005 0.836016 0.0633947
0.130021 0.129346 0.740533 9.9991E-005
0.0840616 0.0457923 0.839217 0.0309294
0.0369454 0.0411923 0.879079 0.0427838
0.152415 9.9991E-005 0.779696 0.067789
0.300735 0.141563 0.557602 9.9991E-005
0.38229 0.531072 0.0865385 9.9991E-005
0.13101 9.9982E-005 0.86879 9.9982E-005
0.226041 0.16283 0.611029 9.9991E-005
0.566624 0.412759 0.020517 9.9991E-005
0.0592013 0.120714 0.79663 0.0234548
0.502414 0.497386 9.9982E-005 9.9982E-005
0.129494 0.298936 0.549472 0.0220976
0.224109 0.0014858 0.767322 0.00708355
0.52039 0.284801 0.19471 9.9991E-005
0.108751 0.231121 0.640515 0.0196134
0.289333 0.264988 0.44558 9.9991E-005
0.174312 0.109215 0.657205 0.0592671
0.0229889 0.178924 0.0568906 0.741197
0.174111 9.9982E-005 0.825689 9.9982E-005
0.244878 0.090938 0.664084 9.9991E-005
0.212072 0.0663507 0.721478 9.9991E-005
0.270608 0.0717335 0.630836 0.0268227
0.0546679 0.147126 0.798106 9.9991E-005
0.0293091 0.207418 0.763173 9.9991E-005
0.0405716 0.319964 0.639364 9.9991E-005
0.76321 0.23659 9.9982E-005 9.9982E-005
0.124427 0.049501 0.699059 0.127013
0.0762989 0.20044 0.723161 9.9991E-005
0.0304201 9.9991E-005 0.923898 0.0455822
9.9982E-005 0.269842 0.729958 9.9982E-005
0.363807 0.0276361 0.595656 0.0129017
0.365189 0.0738298 0.518566 0.042415
0.553526 0.0943953 0.351979 9.9991E-005
0.129371 0.347879 0.467416 0.0553347
0.28314 0.115037 0.601723 9.9991E-005
9.9982E-005 0.208036 0.791764 9.9982E-005
0.73236 0.209643 9.9991E-005 0.0578974
0.496124 9.9982E-005 0.503676 9.9982E-005
9.9991E-005 0.0613056 0.932133 0.00646134
0.0383457 0.0408689 0.876802 0.0439838
0.154774 0.112486 0.682287 0.0504531
0.0225294 0.0636726 0.913698 9.9991E-005
0.115655 0.286942 0.597304 9.9991E-005
0.779318 0.166909 0.030906 0.0228673
0.315344 0.477571 0.141574 0.0655108
0.305809 0.0475704 0.630673 0.0159475
0.0242695 0.207888 0.767743 9.9991E-005
0.37655 9.9982E-005 0.62325 9.9982E-005
0.24144 0.263541 0.494919 9.9991E-005
0.200591 0.0358651 0.746005 0.0175389
0.0140095 0.0396899 0.893687 0.0526133
0.324561 0.190007 0.173614 0.311818
0.280238 0.0478826 0.629693 0.0421862
0.191162 0.216075 0.592663 9.9991E-005
0.183171 0.274839 0.194925 0.347066
0.660845 0.0172196 9.9991E-005 0.321836
0.163279 9.9982E-005 0.836521 9.9982E-005
0.181507 0.293886 0.467418 0.0571881
0.0728457 0.132395 0.79466 9.9991E-005
0.814628 9.9991E-005 0.158527 0.0267452
0.195047 0.156877 0.647976 9.9991E-005
0.110334 0.134874 0.723459 0.0313327
0.390538 0.155384 0.128792 0.325286
0.0774981 0.216699 0.694798 0.0110058
0.188712 9.9991E-005 0.798995 0.0121925
0.0316457 0.223898 0.744357 9.9991E-005
0.254258 0.0115113 0.73413 9.9991E-005
0.148808 9.9991E-005 0.825956 0.0251352
9.9982E-005 0.231408 0.768392 9.9982E-005
0.00204538 0.209075 0.761135 0.0277448
0.220282 0.144076 0.635542 9.9991E-005
0.0576521 0.187368 0.753579 0.00140149
0.229604 0.0997884 0.645981 0.0246269
9.9982E-005 0.347902 9.9982E-005 0.651898
0.0430107 0.0383061 0.918583 9.9991E-005
0.14177 9.9982E-005 0.85803 9.9982E-005
0.350137 0.304862 0.344901 9.9991E-005
9.9982E-005 0.10492 0.89488 9.9982E-005
0.141915 0.185048 0.672937 9.9991E-005
0.0363068 0.167914 0.764659 0.0311202
0.184098 0.477446 0.298159 0.0402967
0.151216 0.133109 0.715575 9.9991E-005
0.0651873 0.0160077 0.859449 0.0593555
0.105232 0.105792 0.717022 0.0719537
0.028273 0.174468 0.781449 0.0158098
0.373395 0.129868 0.482699 0.0140385
9.998E-005 9.998E-005 9.998E-005 0.9997
0.207203 0.150686 0.642011 9.9991E-005
0.385787 0.158485 0.455627 9.9991E-005
0.257132 0.0992614 0.634715 0.00889205
0.00596009 0.268891 0.725049 9.9991E-005
9.9991E-005 0.254609 0.742441 0.00285032
0.126545 0.197771 0.644804 0.0308802
9.9982E-005 0.36489 9.9982E-005 0.63491
0.127146 9.9982E-005 0.872654 9.9982E-005
0.154181 0.102982 0.742737 9.9991E-005
0.28029 0.111054 0.608556 9.9991E-005
0.186244 0.210614 0.603041 9.9991E-005
9.9982E-005 0.359763 0.640037 9.9982E-005
0.00809867 0.0979278 0.861943 0.0320306
0.21784 0.127868 0.654192 9.9991E-005
0.17151 0.174568 0.653822 9.9991E-005
0.125826 0.282511 0.591564 9.9991E-005
0.286667 0.0407235 0.67251 9.9991E-005
9.9982E-005 0.223313 0.776487 9.9982E-005
0.393936 0.0669692 0.538995 9.9991E-005
0.405153 0.0712301 0.523516 9.9991E-005
0.0773436 0.0740427 0.801514 0.0471
0.433114 0.080694 0.486092 9.9991E-005
0.371412 0.132586 0.495901 9.9991E-005
0.231753 0.102951 0.665196 9.9991E-005
0.0864178 9.9991E-005 0.883029 0.030453
0.176829 0.0852889 0.697489 0.0403927
0.231179 0.242034 0.526687 9.9991E-005
0.342088 0.236827 0.415977 0.0051082
0.0392044 9.9982E-005 0.960596 9.9982E-005
0.384647 0.155896 0.459357 9.9991E-005
0.384689 9.9982E-005 0.615111 9.9982E-005
0.0254888 0.0314332 9.9991E-005 0.942978
0.430836 0.0437236 0.175108 0.350332
0.146899 0.519685 0.130512 0.202904
0.133183 0.222011 9.9991E-005 0.644706
0.312055 0.3793 0.298226 0.0104192
0.512607 0.279026 0.208267 9.9991E-005
0.201956 0.679008 0.0465147 0.072521
9.9982E-005 0.28412 0.71568 9.9982E-005
0.314673 0.0706289 0.585541 0.0291573
0.100581 0.0275181 0.871801 9.9991E-005
0.325129 0.376915 0.297855 9.9991E-005
0.301954 9.9991E-005 0.621321 0.0766247
0.321108 0.0690225 0.582251 0.0276179
0.175306 0.307375 0.517219 9.9991E-005
0.242975 0.0930841 0.663841 9.9991E-005
0.284829 0.0355618 0.679509 9.9991E-005
0.0712836 0.245618 0.664248 0.0188507
0.155667 0.323795 0.520439 9.9991E-005
0.314345 0.4002 0.254937 0.0305182
0.117988 0.107517 0.658427 0.116068
9.9982E-005 0.215803 0.783997 9.9982E-005
0.100723 0.236469 0.607772 0.0550357
0.144189 9.9991E-005 0.0696232 0.786087
0.591066 0.141704 0.0867568 0.180473
0.264153 9.9982E-005 0.735647 9.9982E-005
9.9982E-005 0.373458 0.626342 9.9982E-005
0.397105 0.218562 0.155949 0.228384
0.247285 0.00503342 0.747581 9.9991E-005
0.0150311 0.173807 0.811062 9.9991E-005
0.558977 0.428026 0.00242618 0.0105715
0.105791 0.0676872 0.826421 9.9991E-005
0.0834248 0.0598333 0.801009 0.055733
0.256741 0.0587193 0.68444 9.9991E-005
0.137984 9.9982E-005 0.861816 9.9982E-005
0.244345 0.032874 0.627982 0.0947988
0.144622 0.0495691 0.805709 9.9991E-005
0.182153 0.254658 0.227443 0.335746
0.102273 0.213881 0.683745 9.9991E-005
0.188706 0.196601 0.608054 0.00663948
9.9982E-005 0.137568 0.862232 9.9982E-005
0.190993 0.491619 0.137756 0.179632
0.223743 0.568816 0.207341 9.9991E-005
0.342745 0.436864 0.220291 9.9991E-005
9.9982E-005 0.242046 0.757755 9.9982E-005
0.399933 0.385139 0.212555 0.00237325
0.143154 0.0571305 0.799616 9.9991E-005
0.435122 0.0926315 0.469356 0.00289023
0.0581917 0.211301 0.730408 9.9991E-005
0.126453 0.156509 0.704771 0.0122674
0.246582 0.239284 0.241428 0.272707
0.249672 0.139983 0.610246 9.9991E-005
0.101354 9.9991E-005 0.027788 0.870758
0.159643 0.325529 0.514728 9.9991E-005
0.138076 0.104873 0.738923 0.0181282
9.998E-005 9.998E-005 9.998E-005 0.9997
9.9991E-005 0.0510228 0.0170324 0.931845
0.242174 0.190478 0.567247 9.9991E-005
0.299112 0.254966 0.445822 9.9991E-005
0.150593 0.121698 0.707983 0.0197261
0.0265738 0.217395 0.748381 0.00765004
0.278489 0.175059 0.546352 9.9991E-005
9.9982E-005 0.106168 0.893632 9.9982E-005
0.0822468 0.428871 0.488782 9.9991E-005
0.352651 0.156709 0.156577 0.334063
0.0608725 0.341937 0.597091 9.9991E-005
0.0463768 9.9991E-005 0.89555 0.0579733
0.04065 0.495715 0.463535 9.9991E-005
0.269784 0.650446 0.0246316 0.0551386
0.539983 0.249226 0.210691 9.9991E-005
0.231233 0.768567 9.9982E-005 9.9982E-005
0.0588961 0.244742 0.696262 9.9991E-005
0.00084564 0.597257 0.126734 0.275164
0.0014324 0.25201 0.728197 0.0183614
0.35354 9.9991E-005 0.614063 0.0322962
9.9982E-005 0.233801 0.765999 9.9982E-005
0.0678615 0.238096 0.693943 9.9991E-005
9.9982E-005 0.527542 0.472258 9.9982E-005
0.359792 0.101753 0.538355 9.9991E-005
0.438333 9.9982E-005 0.561467 9.9982E-005
0.380927 0.450017 0.168956 9.9991E-005
0.806851 0.0722352 0.120814 9.9991E-005
0.0695835 0.291332 0.599316 0.0397685
0.0773746 0.158124 0.764401 9.9991E-005
0.286466 0.029751 0.683683 9.9991E-005
0.121594 9.9991E-005 0.146972 0.731334
0.318758 0.108393 0.572749 9.9991E-005
9.9982E-005 0.502627 0.497173 9.9982E-005
0.228934 0.150616 0.620349 9.9991E-005
0.0719243 0.596426 0.331549 9.9991E-005
0.303324 0.0928691 0.603706 9.9991E-005
0.426798 9.9991E-005 0.519516 0.0535855
0.223508 0.186803 0.585532 0.004156
0.0180117 0.116583 0.750386 0.115019
0.586714 0.11903 0.15426 0.139996
0.000507432 0.0693494 0.882774 0.0473687
0.269544 0.00701954 0.639595 0.0838412
0.195737 0.108026 0.690563 0.00567367
0.620313 0.270718 0.0439775 0.0649912
0.239976 9.9982E-005 0.759824 9.9982E-005
0.12521 0.317258 0.557432 9.9991E-005
0.321732 0.0756552 0.476364 0.126249
0.131794 0.0929221 0.775184 9.9991E-005
0.40932 0.0312672 0.527829 0.0315845
0.272916 0.14215 0.579687 0.00524655
0.260564 0.163169 0.527522 0.0487449
0.340345 0.225555 0.141703 0.292397
0.299718 0.194706 0.479005 0.0265706
9.9982E-005 0.515024 0.484776 9.9982E-005
9.9982E-005 0.501634 0.498167 9.9982E-005
0.273293 0.209258 0.517349 9.9991E-005
0.483203 0.0337303 0.482967 9.9991E-005
0.304663 0.100663 0.594574 9.9991E-005
0.0346583 0.322038 0.642818 0.000484947
0.18507 9.9982E-005 0.81473 9.9982E-005
0.248216 0.128551 0.623134 9.9991E-005
0.184928 0.0562162 0.758755 9.9991E-005
0.477181 0.303711 0.184652 0.0344559
0.213072 0.181425 0.569103 0.0363999
0.289902 9.9991E-005 0.642326 0.0676718
0.535132 0.340725 0.124043 9.9991E-005
0.222656 0.0321203 0.745123 9.9991E-005
0.199822 0.162013 0.627455 0.0107102
0.199078 0.252187 0.548635 9.9991E-005
0.232772 0.117187 0.637903 0.0121387
0.21467 0.141078 0.644152 9.9991E-005
0.739295 0.132108 0.110123 0.0184741
9.9982E-005 0.18744 0.81236 9.9982E-005
0.338589 0.341957 0.290154 0.0292994
