0.5618 9.9991E-005 0.366858 0.0712411
0.514163 0.0256696 0.460067 9.9991E-005
0.633687 0.0897889 0.276425 9.9991E-005
0.701638 0.180465 0.117797 9.9991E-005
0.601305 0.0470718 0.351523 9.9991E-005
0.0843058 0.846898 9.9991E-005 0.0686959
0.701452 0.017551 0.18971 0.0912869
9.9991E-005 0.966288 0.00188 0.031732
0.570185 0.0276079 0.402107 9.9991E-005
0.622937 0.0012113 0.375752 9.9991E-005
0.693914 0.00855796 0.297428 9.9991E-005
0.474882 0.1908 0.334218 9.9991E-005
0.605813 9.9982E-005 0.393987 9.9982E-005
0.672681 0.0780534 0.22025 0.0290159
0.0616341 0.764892 0.173374 9.9991E-005
0.672992 0.0831024 0.243805 9.9991E-005
0.709894 0.191813 0.0981933 9.9991E-005
0.503708 9.9991E-005 0.269544 0.226648
0.623733 9.9991E-005 0.335123 0.0410438
0.744491 9.9982E-005 0.255309 9.9982E-005
0.827556 9.9991E-005 0.151667 0.0206761
0.571268 0.111619 0.317013 9.9991E-005
0.694087 9.9982E-005 0.305713 9.9982E-005
0.0995118 0.665668 0.234721 9.9991E-005
0.575097 9.9991E-005 0.312549 0.112254
0.106414 0.730918 0.162568 9.9991E-005
0.365713 0.499023 0.0778461 0.0574177
0.725003 0.274797 9.9982E-005 9.9982E-005
0.178379 0.806558 0.00815535 0.00690707
0.817318 0.165549 0.0170329 9.9991E-005
0.259707 0.560524 0.179669 9.9991E-005
0.679482 0.0271371 0.244552 0.0488292
0.484237 0.262679 0.252984 9.9991E-005
0.0800526 0.919747 9.9982E-005 9.9982E-005
9.9982E-005 0.966794 9.9982E-005 0.0330064
0.680116 0.063871 0.255913 9.9991E-005
0.627786 0.127082 0.245033 9.9991E-005
0.52939 9.9991E-005 0.454869 0.0156414
0.0424535 0.805933 0.151514 9.9991E-005
0.277161 0.488069 0.219302 0.0154683
0.288291 0.297801 0.283996 0.129912
0.964085 0.00148448 9.9991E-005 0.0343303
0.574362 0.104059 0.321479 9.9991E-005
0.0589054 0.609286 0.331708 9.9991E-005
0.552735 9.9991E-005 0.308285 0.138879
0.281812 9.9982E-005 0.717988 9.9982E-005
0.508927 0.102816 0.312291 0.0759656
0.766715 0.129542 0.0575364 0.0462064
0.481462 0.0301009 0.488337 9.9991E-005
0.222626 0.547044 0.23023 9.9991E-005
0.802258 9.9991E-005 0.160418 0.0372244
0.252793 0.50084 0.0990274 0.147339
0.37666 0.0423167 0.539625 0.0413986
9.9982E-005 0.986507 0.0132932 9.9982E-005
0.380116 0.480147 0.139637 9.9991E-005
0.719304 9.9982E-005 0.280496 9.9982E-005
0.747505 9.9991E-005 0.247566 0.00482862
0.644877 0.139588 0.215435 9.9991E-005
0.3998 0.331002 0.269099 9.9991E-005
0.531669 0.366588 0.101643 9.9991E-005
9.9982E-005 0.90073 9.9982E-005 0.0990704
9.998E-005 0.9997 9.998E-005 9.998E-005
0.695 0.0276238 0.192444 0.0849324
9.998E-005 0.9997 9.998E-005 9.998E-005
0.615637 0.0360377 0.251581 0.0967436
9.9982E-005 0.947055 0.0527453 9.9982E-005
0.712675 9.9982E-005 0.287125 9.9982E-005
0.527626 0.196002 0.276272 9.9991E-005
0.555288 9.9991E-005 0.433148 0.0114636
0.114136 0.832448 9.9991E-005 0.0533166
0.472511 9.9991E-005 0.526174 0.00121511
0.3768 0.0507954 0.572304 9.9991E-005
0.427242 0.364623 0.197115 0.0110198
0.613 0.0202473 0.366653 9.9991E-005
0.583263 0.075685 0.340952 9.9991E-005
0.446268 0.388684 0.164948 9.9991E-005
0.735495 0.0082334 0.256171 9.9991E-005
0.393202 0.241636 0.365062 9.9991E-005
0.472599 0.178295 0.349006 9.9991E-005
0.651265 0.020461 0.28738 0.0408938
0.36043 9.9982E-005 0.63937 9.9982E-005
0.639675 0.0538478 0.195042 0.111435
0.578134 0.0722771 0.349489 9.9991E-005
0.716601 9.9982E-005 0.283199 9.9982E-005
0.795884 9.9982E-005 0.203916 9.9982E-005
0.445034 0.16335 0.391516 9.9991E-005
0.390977 0.320797 0.288125 9.9991E-005
0.568165 0.31682 0.114916 9.9991E-005
0.092875 0.906925 9.9982E-005 9.9982E-005
0.548563 0.26869 0.107239 0.0755081
0.354607 0.105621 0.482399 0.0573725
0.3223 0.585454 0.0921463 9.9991E-005
0.65715 0.0455483 0.297201 9.9991E-005
0.647846 0.248335 0.103719 9.9991E-005
0.362042 0.593586 0.0442722 9.9991E-005
9.9991E-005 0.994893 0.00487615 0.000130488
0.568627 0.113667 0.317606 9.9991E-005
0.680469 0.144791 0.146793 0.0279469
0.369537 0.0929524 0.53741 9.9991E-005
0.648938 0.25243 0.0985323 9.9991E-005
0.242796 0.574588 0.182516 9.9991E-005
0.653488 0.0535293 0.292883 9.9991E-005
0.562059 0.00250406 0.435336 9.9991E-005
0.694921 9.9982E-005 0.304879 9.9982E-005
0.58561 9.9991E-005 0.370381 0.0439094
9.9982E-005 0.814355 0.185445 9.9982E-005
0.192895 0.517509 0.144491 0.145105
0.742565 9.9982E-005 0.257235 9.9982E-005
0.681283 0.0974238 0.221194 9.9991E-005
0.75098 9.9982E-005 0.24882 9.9982E-005
0.418135 0.581516 9.9991E-005 0.0002496
9.998E-005 0.9997 9.998E-005 9.998E-005
0.506327 0.493473 9.9982E-005 9.9982E-005
0.766317 9.9982E-005 0.233483 9.9982E-005
0.639457 0.111447 0.248996 9.9991E-005
0.488068 9.9982E-005 0.511733 9.9982E-005
0.716201 9.9982E-005 0.283599 9.9982E-005
9.9982E-005 0.978806 9.9982E-005 0.0209945
0.729465 0.0163552 0.164791 0.0893885
0.577454 9.9982E-005 0.422346 9.9982E-005
0.595749 0.110465 0.293686 9.9991E-005
0.302735 0.67329 0.00950253 0.0144722
0.813584 9.9982E-005 0.186216 9.9982E-005
0.654375 0.0320244 0.255839 0.0577608
0.678782 9.9991E-005 0.274838 0.0462807
0.580513 0.0463309 0.373056 9.9991E-005
0.238904 0.687091 0.0739051 9.9991E-005
9.9991E-005 0.914887 0.021886 0.0631267
0.525187 9.9991E-005 0.439239 0.0354737
0.547568 9.9991E-005 0.442056 0.0102756
0.675448 9.9991E-005 0.291948 0.0325045
0.488037 0.00871529 0.350974 0.152274
0.562963 0.36467 0.072267 9.9991E-005
0.533175 0.0728629 0.111732 0.28223
0.587237 0.173175 0.220626 0.0189623
9.9982E-005 0.0219926 0.977807 9.9982E-005
0.168148 0.646695 0.121141 0.0640155
0.494308 0.401919 0.0541463 0.049626
9.9982E-005 0.133804 0.865996 9.9982E-005
0.0631083 0.651293 0.285498 9.9991E-005
0.790728 0.17623 9.9991E-005 0.0329414
0.251603 0.419559 0.292871 0.0359667
0.506608 0.326649 0.153466 0.0132767
0.392196 0.269422 0.279619 0.0587634
0.0555408 0.848663 9.9991E-005 0.0956967
0.263447 0.388217 0.316072 0.032263
0.417976 0.257788 0.324136 9.9991E-005
0.572085 9.9982E-005 0.427715 9.9982E-005
0.518111 9.9982E-005 0.481689 9.9982E-005
0.526819 0.0102446 0.266256 0.19668
0.666593 0.0552582 0.278048 9.9991E-005
0.581809 0.374114 0.0412697 0.00280734
0.193798 0.781918 0.0241842 9.9991E-005
0.308333 0.437766 0.242784 0.011118
0.439955 0.0483545 0.488079 0.0236115
0.479998 0.0102926 0.430837 0.0788719
9.9982E-005 0.9236 0.0762003 9.9982E-005
0.536918 0.00386143 0.459121 9.9991E-005
0.548537 9.9991E-005 0.402691 0.0486713
0.631187 0.161311 0.207402 9.9991E-005
0.562489 0.0446936 0.377898 0.0149202
0.370766 0.213403 0.395326 0.0205051
0.407231 0.0915372 0.501132 9.9991E-005
0.464787 0.0584218 0.476691 9.9991E-005
0.63417 9.9982E-005 0.36563 9.9982E-005
0.719015 9.9991E-005 0.257394 0.0234911
0.34061 0.247696 0.353335 0.0583596
0.220541 0.636372 0.117789 0.0252972
0.341518 0.311067 0.347314 9.9991E-005
0.367082 0.141366 0.353737 0.137814
0.50247 0.206285 0.248239 0.0430052
0.82111 0.15746 0.0213304 9.9991E-005
9.998E-005 0.9997 9.998E-005 9.998E-005
0.621636 0.130412 0.184423 0.063529
0.466874 0.454726 0.0783005 9.9991E-005
0.369337 0.0631254 0.465773 0.101765
0.510138 0.260965 0.228797 9.9991E-005
0.217103 0.70304 0.0797565 9.9991E-005
0.2999 0.519924 0.180076 9.9991E-005
0.463751 0.536049 9.9982E-005 9.9982E-005
0.978342 0.0147225 0.00683602 9.9991E-005
0.0345674 0.909582 9.9991E-005 0.0557504
0.419694 0.458374 0.100509 0.0214223
0.479908 0.0302144 0.421591 0.0682865
9.998E-005 0.9997 9.998E-005 9.998E-005
0.358146 0.641654 9.9982E-005 9.9982E-005
0.668291 0.110905 0.210999 0.00980512
0.527965 0.471835 9.9982E-005 9.9982E-005
0.674564 0.206733 0.118603 9.9991E-005
0.715012 9.9991E-005 0.25068 0.0342084
0.32485 0.339879 0.33517 9.9991E-005
0.825349 9.9982E-005 0.174451 9.9982E-005
0.831416 9.9982E-005 0.168384 9.9982E-005
0.623649 0.0523285 0.226547 0.0974756
0.250911 0.280877 0.381788 0.0864244
0.624186 0.201823 0.173891 9.9991E-005
0.560543 9.9991E-005 0.344166 0.095191
0.638474 0.114482 0.215062 0.0319811
0.461941 0.00480696 0.361138 0.172114
0.618716 9.9991E-005 0.303226 0.0779583
0.280663 0.367881 0.348615 0.00284109
0.694975 9.9982E-005 0.304825 9.9982E-005
0.4934 0.0327743 0.435349 0.0384773
0.380913 9.9991E-005 0.441635 0.177352
0.354878 9.9991E-005 0.313921 0.331101
0.289397 0.328096 0.368552 0.0139548
0.65911 9.9991E-005 0.254283 0.0865067
0.573976 0.227756 0.165986 0.0322815
0.599937 9.9991E-005 0.378393 0.0215696
0.533754 9.9982E-005 0.466046 9.9982E-005
0.628912 0.00425173 0.225069 0.141767
0.430447 0.408442 0.161011 9.9991E-005
0.360086 0.575898 0.00122089 0.0627951
0.921245 9.9982E-005 0.0785554 9.9982E-005
0.484384 9.9991E-005 0.475999 0.0395176
0.709877 9.9991E-005 0.244149 0.045874
0.5707 0.0598897 0.29895 0.070461
0.582521 0.316731 0.100647 9.9991E-005
0.343561 0.216889 0.43945 9.9991E-005
0.500585 9.9991E-005 0.330842 0.168472
0.0400713 0.597099 0.362729 9.9991E-005
0.668308 0.215756 0.115836 9.9991E-005
0.529192 0.112915 0.227667 0.130226
0.0158915 0.863754 0.120255 9.9991E-005
0.542054 0.0564025 0.275642 0.125901
0.558897 0.0520528 0.38895 9.9991E-005
0.834581 0.0448939 0.120425 9.9991E-005
0.633999 9.9982E-005 0.365801 9.9982E-005
0.465605 9.9991E-005 0.342445 0.191851
0.715484 0.0418398 0.242577 9.9991E-005
0.743769 9.9982E-005 0.256031 9.9982E-005
0.755488 9.9982E-005 0.244312 9.9982E-005
0.359949 0.250621 0.389331 9.9991E-005
0.602704 9.9982E-005 0.397096 9.9982E-005
0.583778 9.9982E-005 0.416022 9.9982E-005
0.44314 0.310943 0.245817 9.9991E-005
0.530068 9.9982E-005 0.469732 9.9982E-005
0.825423 9.9991E-005 0.170332 0.00414454
0.458725 0.406676 0.0925873 0.0420118
0.572325 0.334871 0.0927037 9.9991E-005
0.8353 0.00872022 0.15588 9.9991E-005
0.243386 0.658538 0.0979762 9.9991E-005
0.713276 9.9982E-005 0.286524 9.9982E-005
0.685655 0.314145 9.9982E-005 9.9982E-005
0.597053 0.0262078 0.240185 0.136554
0.384074 0.251851 0.32872 0.0353554
0.51117 0.293716 9.9991E-005 0.195013
0.137656 0.609499 0.252745 9.9991E-005
0.71468 0.0491526 0.218618 0.0175495
0.583935 9.9982E-005 0.415865 9.9982E-005
0.502903 0.424183 0.0728143 9.9991E-005
0.443303 0.0417144 0.514883 9.9991E-005
0.855355 9.9982E-005 0.144445 9.9982E-005
9.9991E-005 0.952384 0.01925 0.0282656
0.640862 9.9982E-005 0.358938 9.9982E-005
0.844285 9.9982E-005 0.155515 9.9982E-005
0.679021 0.0378779 0.283001 9.9991E-005
0.699935 0.0425528 0.257412 9.9991E-005
0.708521 0.0644451 0.226934 9.9991E-005
0.73469 0.0162003 0.24901 9.9991E-005
0.748769 0.00832175 0.242809 9.9991E-005
0.743876 0.09108 0.151022 0.0140217
0.163936 0.589934 0.24603 9.9991E-005
0.819933 0.0114604 0.168506 9.9991E-005
0.681753 9.9991E-005 0.308164 0.00998244
0.300241 0.235583 0.398429 0.0657472
0.482209 0.411116 0.106575 9.9991E-005
0.660088 9.9991E-005 0.245693 0.0941191
0.720577 0.279223 9.9982E-005 9.9982E-005
0.675777 0.0175382 0.306585 9.9991E-005
0.394785 0.391622 0.213493 9.9991E-005
0.482934 0.141731 0.201967 0.173367
0.305049 0.515637 0.179214 9.9991E-005
0.384857 0.291536 0.323507 9.9991E-005
0.447331 0.0537575 0.413647 0.0852643
0.539486 0.211632 0.248781 9.9991E-005
0.634392 9.9982E-005 0.365408 9.9982E-005
0.690801 0.0613259 0.247773 9.9991E-005
0.595173 0.0602294 0.344497 9.9991E-005
0.408129 0.335738 0.256032 9.9991E-005
0.777927 0.0631425 0.15883 9.9991E-005
0.480238 9.9991E-005 0.512501 0.00716121
0.751466 9.9991E-005 0.167811 0.080623
0.134419 0.648608 0.0898352 0.127138
9.9982E-005 0.987452 9.9982E-005 0.0123479
0.528202 0.128462 0.262624 0.0807122
0.436959 0.101883 0.409991 0.0511662
0.508729 0.148327 0.211507 0.131437
0.547854 0.243956 0.208089 9.9991E-005
0.408864 0.251001 0.276722 0.0634133
0.460183 0.0715397 0.468177 9.9991E-005
0.454746 9.9982E-005 0.545054 9.9982E-005
0.613271 0.0577914 0.225337 0.103601
0.727445 0.0382617 0.234194 9.9991E-005
0.60513 9.9991E-005 0.256423 0.138347
0.81634 9.9982E-005 0.18346 9.9982E-005
0.737199 9.9982E-005 0.262601 9.9982E-005
0.542341 0.060596 0.382946 0.0141169
0.668071 9.9991E-005 0.180124 0.151704
0.493083 0.0762029 0.430614 9.9991E-005
0.603524 0.00865334 0.369223 0.0186004
0.735369 0.0635737 0.108083 0.0929749
0.570242 0.11959 0.310068 9.9991E-005
0.0821155 0.600446 0.228191 0.0892476
0.302061 0.448971 0.248868 9.9991E-005
0.0995584 0.862663 9.9991E-005 0.0376788
0.718059 9.9982E-005 0.281741 9.9982E-005
0.0593144 0.828392 0.102425 0.00986924
0.115651 0.752603 0.088651 0.043096
0.500129 0.0531764 0.441624 0.00507003
0.660006 0.0149696 0.176419 0.148605
0.535989 0.0090416 0.375299 0.0796711
0.168918 0.802588 9.9991E-005 0.0283942
0.887415 9.9982E-005 0.112385 9.9982E-005
0.233806 0.51472 0.251374 9.9991E-005
0.367251 0.0193407 0.613309 9.9991E-005
9.9991E-005 0.86011 0.125486 0.0143043
0.520295 0.19265 0.183067 0.103988
0.889738 9.9991E-005 0.0863892 0.0237727
0.725871 9.9982E-005 0.27393 9.9982E-005
0.664083 9.9982E-005 0.335717 9.9982E-005
0.205986 0.721152 0.0727621 9.9991E-005
0.706753 0.220315 0.0728319 9.9991E-005
0.353188 0.416845 0.0934429 0.136524
0.510643 9.9991E-005 0.385932 0.103325
0.0405894 0.833965 0.0240084 0.101437
0.370174 0.121752 0.194185 0.313888
0.365931 0.425833 0.0610952 0.147141
0.561013 9.9991E-005 0.391316 0.0475709
0.426436 0.282362 0.227537 0.0636651
0.314577 0.586341 0.023454 0.0756282
0.506031 9.9991E-005 0.42539 0.0684796
0.557433 0.00259688 0.439871 9.9991E-005
0.608231 9.9991E-005 0.369827 0.0218423
0.508674 9.9991E-005 0.352466 0.13876
0.213032 0.479761 0.307107 9.9991E-005
0.637323 0.0339653 0.187086 0.141626
0.645541 9.9982E-005 0.354259 9.9982E-005
0.723695 0.0205492 0.255656 9.9991E-005
0.365787 0.541053 0.0930596 9.9991E-005
0.338407 0.332956 0.328536 9.9991E-005
0.574524 9.9991E-005 0.320405 0.10497
0.0790109 0.213921 0.706077 0.000991484
0.309473 0.210486 0.479941 9.9991E-005
0.509682 0.00557775 0.441407 0.0433334
0.239658 0.436814 0.287918 0.0356101
0.53675 0.11406 0.269639 0.0795505
0.228791 0.550681 0.0479419 0.172586
0.696488 9.9991E-005 0.238371 0.0650405
0.653906 9.9982E-005 0.345894 9.9982E-005
0.763906 0.0225798 0.114911 0.0986034
0.74308 9.9982E-005 0.25672 9.9982E-005
0.511228 9.9991E-005 0.40289 0.0857815
0.488478 9.9982E-005 0.511322 9.9982E-005
0.493549 0.309433 0.196918 9.9991E-005
0.648367 0.105688 0.200451 0.0454945
0.767464 9.9982E-005 0.232336 9.9982E-005
0.860957 9.9982E-005 0.138843 9.9982E-005
0.542555 0.144502 0.312843 9.9991E-005
0.343768 0.384805 0.0482963 0.223131
0.412743 9.9991E-005 0.437768 0.149389
0.577183 9.9991E-005 0.212042 0.210675
0.0917768 0.827868 0.080255 9.9991E-005
0.260799 0.719406 0.0196949 9.9991E-005
0.582276 9.9982E-005 0.417524 9.9982E-005
0.352676 9.9991E-005 0.164081 0.483142
9.9991E-005 0.0529512 0.232281 0.714668
0.151638 0.0521571 0.298248 0.497957
0.6106 9.9991E-005 0.230778 0.158522
0.0466416 9.9991E-005 0.293877 0.659381
0.0587434 0.0875914 0.266528 0.587137
0.282731 0.0269914 9.9991E-005 0.690178
9.9982E-005 9.9982E-005 0.426516 0.573284
0.145194 0.018557 0.170665 0.665584
0.312154 9.9991E-005 0.359888 0.327858
0.35437 0.0114813 0.207417 0.426731
0.12434 0.0383907 0.223294 0.613976
0.300735 9.9991E-005 0.431235 0.267929
9.9982E-005 9.9982E-005 0.67221 0.32759
0.0858178 9.9991E-005 0.365124 0.548958
0.070503 0.0993869 0.0506092 0.779501
0.302839 9.9991E-005 0.148753 0.548309
0.259744 0.0137893 0.32506 0.401407
9.9991E-005 0.866114 0.0267282 0.107057
0.319436 0.00204801 0.275634 0.402882
0.208379 0.0313046 0.294135 0.466181
0.665495 0.0853605 0.158927 0.0902173
9.9982E-005 9.9982E-005 0.283781 0.716019
9.9982E-005 9.9982E-005 0.440302 0.559498
0.449908 0.0642604 0.333475 0.152357
0.0962082 0.0314332 0.250474 0.621885
0.325551 9.9991E-005 0.237646 0.436702
0.153347 0.0108303 0.270179 0.565643
0.214995 0.0495532 0.105261 0.630191
9.9991E-005 0.0546997 0.336833 0.608368
9.9982E-005 9.9982E-005 0.381507 0.618293
9.9982E-005 9.9982E-005 0.405578 0.594222
0.0744911 9.9991E-005 0.345644 0.579765
0.238062 9.9991E-005 0.212929 0.548908
0.046748 0.134491 0.0283811 0.79038
0.0692461 0.0197816 0.25474 0.656232
9.9991E-005 0.101864 0.249273 0.648763
0.436498 9.9982E-005 0.563302 9.9982E-005
0.0686226 9.9991E-005 0.243374 0.687903
0.229714 0.0368981 0.204518 0.52887
0.227932 0.0497344 0.0493314 0.673002
0.210952 9.9991E-005 0.279208 0.50974
9.9982E-005 9.9982E-005 0.364026 0.635774
0.555161 0.009168 0.309343 0.126328
0.142699 9.9991E-005 0.179403 0.677798
0.566573 0.344184 0.0286586 0.060584
0.33934 9.9991E-005 0.616147 0.0444127
0.57582 0.0851268 0.1519 0.187153
0.143143 0.0195008 0.171085 0.666272
0.139508 9.9991E-005 0.343216 0.517177
0.108705 0.0209631 0.183658 0.686674
0.234168 9.9991E-005 0.168853 0.596879
0.236526 0.000598747 0.299361 0.463514
0.078708 0.0379718 0.190692 0.692628
0.383855 9.9991E-005 0.103401 0.512644
9.9982E-005 9.9982E-005 0.142596 0.857204
0.22166 9.9991E-005 0.207304 0.570935
0.0508748 0.0236901 0.925335 9.9991E-005
0.0710028 9.9982E-005 9.9982E-005 0.928797
0.0812501 9.9991E-005 0.134952 0.783698
9.9991E-005 0.00438128 0.510179 0.485339
0.0735482 9.9991E-005 0.235914 0.690438
0.581625 0.00805802 0.251223 0.159094
0.128252 9.9991E-005 0.367101 0.504547
0.597268 0.254687 0.0504425 0.0976016
0.145063 0.000338432 0.326087 0.528511
9.9991E-005 0.0780265 0.214103 0.707771
0.494782 0.120616 0.330817 0.0537856
9.9991E-005 0.0544283 0.37157 0.573901
0.245294 9.9991E-005 0.0132125 0.741394
9.9982E-005 9.9982E-005 0.83582 0.16398
0.0934351 0.0161442 0.316124 0.574296
0.244454 9.9991E-005 0.317986 0.43746
0.268733 9.9991E-005 0.10042 0.630747
0.00661498 0.0645037 0.0748755 0.854006
0.141942 9.9991E-005 0.25157 0.606388
0.370071 0.011467 0.400918 0.217544
0.0712602 9.9991E-005 0.302054 0.626586
0.227574 0.0415442 0.221621 0.509261
9.9991E-005 0.910334 0.0400418 0.0495239
0.272259 9.9991E-005 0.172564 0.555077
0.610436 0.128357 0.174954 0.0862527
0.0856017 0.0251063 0.126409 0.762883
0.21804 9.9991E-005 0.344384 0.437476
0.337759 0.0302913 0.306805 0.325145
0.454953 9.9991E-005 0.390295 0.154652
0.164641 9.9991E-005 0.279071 0.556188
0.272665 9.9991E-005 0.168469 0.558766
0.139638 9.9991E-005 0.161311 0.698951
0.0378501 0.0306997 0.430881 0.500569
0.363264 0.0262883 0.526905 0.0835435
9.9982E-005 9.9982E-005 0.45412 0.54568
0.273315 9.9991E-005 0.08807 0.638515
0.214297 9.9991E-005 0.155734 0.629869
0.742807 9.9982E-005 0.256993 9.9982E-005
0.0921319 0.0179678 0.239299 0.650601
0.187506 9.9991E-005 0.10667 0.705724
0.00654024 9.9991E-005 0.541446 0.451913
0.218123 9.9991E-005 0.424062 0.357715
0.754261 0.0113543 0.234285 9.9991E-005
9.9982E-005 0.969238 0.0305618 9.9982E-005
0.167309 9.9991E-005 0.276042 0.556549
0.203478 9.9991E-005 0.33563 0.460792
0.218145 9.9991E-005 0.37172 0.410034
0.108214 0.0244886 0.222387 0.644911
9.9991E-005 0.0061073 0.273197 0.720595
0.153145 9.9991E-005 0.193296 0.65346
0.0351871 0.0237033 0.108339 0.832771
0.0866438 0.0306961 0.0828006 0.799859
0.0628141 0.0645271 0.0713782 0.801281
0.254851 9.9991E-005 0.376534 0.368515
0.54052 9.9982E-005 0.45928 9.9982E-005
0.0593653 9.9991E-005 0.326292 0.614243
0.154623 9.9991E-005 0.377157 0.46812
0.463859 9.9982E-005 0.535941 9.9982E-005
0.0475503 0.0231422 0.277036 0.652272
0.57734 9.9982E-005 0.42246 9.9982E-005
0.0861126 0.0676958 0.380735 0.465457
0.154447 9.9991E-005 0.238584 0.606869
0.501499 0.0579369 0.292158 0.148405
0.155619 0.0460031 0.214975 0.583403
0.268293 0.0279062 0.20513 0.49867
9.9991E-005 0.0343476 0.587641 0.377912
9.9982E-005 0.681943 0.317858 9.9982E-005
0.0684427 9.9991E-005 0.386492 0.544965
0.149611 9.9991E-005 0.370982 0.479307
0.0690032 9.9991E-005 0.202136 0.728761
0.130621 0.075857 0.20038 0.593143
0.00908004 9.9991E-005 0.349184 0.641636
0.0126005 9.9991E-005 0.338427 0.648872
0.0434051 9.9991E-005 0.557904 0.398591
0.865924 9.9982E-005 0.133876 9.9982E-005
0.0360292 0.0629528 0.330164 0.570854
0.0969992 0.0422399 0.130933 0.729828
9.9982E-005 9.9982E-005 0.183123 0.816677
0.0782839 0.0518635 0.18639 0.683462
0.221504 0.00615748 0.340818 0.43152
0.428351 0.034821 9.9991E-005 0.536728
0.347466 9.9991E-005 0.323847 0.328587
0.113783 0.10787 0.353722 0.424625
0.1879 9.9991E-005 0.228122 0.583878
0.176227 0.0171024 0.0657336 0.740937
0.630658 0.0988323 0.270409 9.9991E-005
0.332511 0.0206379 0.290026 0.356825
0.00486455 0.0564644 0.0842236 0.854447
0.103495 0.0698232 0.056636 0.770046
0.103725 0.0776056 0.329083 0.489586
9.9982E-005 9.9982E-005 0.363684 0.636116
0.157019 0.00216428 0.349954 0.490863
0.671801 0.011789 0.307283 0.00912642
0.379 0.0820318 0.523673 0.015296
0.209701 0.0452701 0.14838 0.596648
0.0601792 9.9991E-005 0.294047 0.645673
0.156466 0.00860685 0.285632 0.549295
0.147769 9.9991E-005 0.480817 0.371314
9.9991E-005 0.0176159 0.287044 0.69524
0.103136 0.0651037 9.9991E-005 0.83166
0.432989 0.33531 0.0472391 0.184461
0.218216 0.0109808 0.241343 0.52946
0.16954 9.9991E-005 0.308469 0.521892
0.359517 0.332058 0.140896 0.167529
0.550781 0.252548 0.175478 0.0211935
0.0128363 9.9991E-005 0.235731 0.751333
0.174127 0.0476311 0.358953 0.419289
0.0109645 9.9991E-005 0.314456 0.674479
0.596309 9.9991E-005 0.334732 0.0688589
0.200542 9.9991E-005 0.299124 0.500234
9.9991E-005 0.00432739 0.497355 0.498217
0.384361 0.389117 0.081019 0.145503
0.0770246 9.9991E-005 0.353013 0.569862
0.0521186 9.9991E-005 0.158713 0.789068
0.0468971 9.9991E-005 0.442234 0.510769
0.191881 0.00831687 0.183029 0.616773
0.112537 9.9991E-005 0.0913504 0.796012
9.9982E-005 9.9982E-005 0.418992 0.580808
0.0236688 0.0108586 0.349086 0.616386
0.134899 0.0122049 0.343103 0.509793
0.0644348 9.9991E-005 0.339393 0.596073
0.287011 0.00545992 0.194261 0.513269
0.0656107 0.788664 0.088324 0.0574011
9.9982E-005 9.9982E-005 0.345362 0.654438
0.107197 9.9991E-005 0.152883 0.73982
0.485254 9.9991E-005 0.288473 0.226173
9.9982E-005 9.9982E-005 0.35666 0.64314
0.224941 9.9991E-005 0.303474 0.471485
0.0864361 9.9991E-005 0.28299 0.630474
0.299365 0.139021 0.311791 0.249823
0.0192686 9.9991E-005 0.465212 0.51542
9.9982E-005 9.9982E-005 0.30736 0.69244
0.0169568 0.0277232 0.311964 0.643356
0.197613 0.00170728 0.232227 0.568453
0.232029 0.0102967 0.272496 0.485178
9.998E-005 0.9997 9.998E-005 9.998E-005
0.15843 9.9991E-005 0.30866 0.53281
0.286548 9.9991E-005 0.34466 0.368692
0.119258 0.0176537 0.41353 0.449559
0.0493029 9.9991E-005 0.304361 0.646236
9.9991E-005 0.0135876 0.347193 0.639119
0.174717 0.0645463 0.235505 0.525232
9.9982E-005 0.687355 0.312445 9.9982E-005
0.198035 9.9991E-005 0.14385 0.658016
0.205908 0.0442509 0.188007 0.561834
0.0826168 9.9991E-005 0.394257 0.523026
0.266112 9.9991E-005 0.25617 0.477618
9.9982E-005 9.9982E-005 0.539391 0.460409
9.9991E-005 0.0039872 0.287144 0.708769
0.190524 9.9991E-005 0.281498 0.527878
0.0793038 0.0169699 0.399707 0.504019
0.0734555 0.0382696 0.373362 0.514913
0.270029 0.0204174 0.241209 0.468344
9.9982E-005 9.9982E-005 0.403864 0.595936
0.290791 9.9991E-005 0.229192 0.479917
0.317343 9.9991E-005 0.290865 0.391692
0.140291 0.0357561 0.137913 0.68604
0.380479 9.9991E-005 0.0963193 0.523101
0.273191 0.0212852 0.370555 0.334969
0.110698 9.9991E-005 0.334419 0.554784
0.0500112 0.0143026 0.143179 0.792508
0.0477846 0.0576829 0.328621 0.565912
0.21187 9.9991E-005 0.309228 0.478802
0.245191 0.00101533 0.246109 0.507685
9.9982E-005 9.9982E-005 0.385253 0.614547
0.298993 9.9991E-005 0.338991 0.361916
0.36703 9.9991E-005 0.00569905 0.627171
0.104597 0.895203 9.9982E-005 9.9982E-005
0.343009 0.37796 0.171419 0.107612
0.341707 0.265099 0.284872 0.108322
0.185527 0.620405 0.123325 0.0707429
0.495044 0.0298369 0.258427 0.216691
0.506061 9.9991E-005 0.386477 0.107362
0.390395 0.150885 0.45862 9.9991E-005
9.9982E-005 9.9982E-005 0.248237 0.751563
0.230756 9.9991E-005 0.250888 0.518255
9.9982E-005 9.9982E-005 0.350373 0.649427
0.400212 9.9991E-005 0.30293 0.296758
0.170214 0.105531 0.128476 0.595778
0.274494 9.9991E-005 0.240317 0.485089
0.126998 0.00932782 0.336439 0.527236
0.0839802 0.0158821 0.395223 0.504914
0.189375 9.9991E-005 0.334981 0.475544
0.093425 0.030937 0.331252 0.544386
0.223429 9.9991E-005 0.241008 0.535463
0.446689 0.0481731 0.262378 0.24276
0.0377632 0.102798 0.324901 0.534538
9.9982E-005 9.9982E-005 0.579714 0.420086
0.0233774 0.0562847 0.473941 0.446397
0.129996 0.74209 9.9991E-005 0.127814
0.580246 0.249711 0.0439779 0.126065
0.134642 9.9991E-005 0.104383 0.760876
9.9982E-005 9.9982E-005 0.587003 0.412797
0.58241 0.202929 0.112922 0.101739
0.111011 9.9991E-005 0.30908 0.579809
0.0612212 0.0244144 0.119563 0.794801
0.553819 0.0557515 0.39033 9.9991E-005
0.185211 9.9991E-005 0.116027 0.698662
9.9991E-005 0.0100945 0.385515 0.604291
9.9982E-005 9.9982E-005 0.83255 0.16725
9.9982E-005 9.9982E-005 0.816152 0.183648
0.112462 0.135772 0.245282 0.506484
0.293969 9.9991E-005 0.0827663 0.623165
0.302053 0.39194 0.126981 0.179026
0.0558424 9.9991E-005 0.447856 0.496202
0.244803 9.9991E-005 0.325751 0.429347
9.9982E-005 9.9982E-005 0.359547 0.640254
0.40232 0.22811 0.183559 0.186011
0.21951 0.0475213 0.587204 0.145765
0.421898 0.014566 0.369391 0.194145
0.0510433 9.9991E-005 0.461679 0.487177
0.454384 0.0320853 0.375097 0.138433
0.156808 9.9991E-005 0.1591 0.683992
0.309854 9.9991E-005 0.295373 0.394673
0.151538 9.9991E-005 0.228193 0.620169
0.260102 9.9991E-005 0.251276 0.488521
0.302784 0.329924 0.175271 0.192021
0.089532 9.9991E-005 0.431573 0.478795
0.0965646 0.841943 0.0220246 0.0394675
0.191719 0.0519517 0.266067 0.490262
0.223704 0.000151232 0.171734 0.604411
9.998E-005 0.9997 9.998E-005 9.998E-005
9.9982E-005 0.910182 9.9982E-005 0.0896184
0.252154 9.9991E-005 0.224084 0.523663
0.3011 0.0519711 0.287961 0.358968
0.0984571 9.9991E-005 0.340599 0.560844
9.9991E-005 0.0395106 0.423154 0.537235
0.152807 9.9991E-005 0.449387 0.397706
9.9991E-005 0.0147166 0.172101 0.813082
0.129735 0.0265076 0.384303 0.459454
0.383725 0.313356 0.237851 0.0650683
0.0422449 9.9991E-005 0.560036 0.397619
9.9991E-005 0.0696864 0.124365 0.805849
0.220767 9.9991E-005 0.414946 0.364187
0.436156 0.0864953 0.477249 9.9991E-005
0.744179 9.9982E-005 9.9982E-005 0.255621
0.198164 9.9982E-005 0.801636 9.9982E-005
0.162536 9.9991E-005 0.273973 0.56339
0.139575 0.369015 0.328833 0.162577
9.9991E-005 0.0308986 0.526109 0.442892
0.0613303 0.0661584 0.297989 0.574522
9.9982E-005 9.9982E-005 0.34729 0.65251
0.162841 9.9991E-005 0.251323 0.585737
0.0609859 0.0184716 0.5751 0.345443
0.305017 9.9991E-005 0.284079 0.410804
0.371004 9.9991E-005 0.180722 0.448173
0.479418 0.0480851 0.333667 0.13883
0.702694 9.9991E-005 0.271542 0.0256641
0.0107591 0.00354674 0.421826 0.563869
0.00288376 9.9991E-005 0.300894 0.696122
0.261635 9.9991E-005 0.10691 0.631355
9.9991E-005 0.790704 0.0462192 0.162977
0.431789 9.9991E-005 0.052541 0.51557
0.0750481 0.00506029 0.447764 0.472127
0.44104 9.9991E-005 0.0249239 0.533936
9.9982E-005 9.9982E-005 0.865969 0.133831
0.350745 9.9991E-005 0.135524 0.513631
0.354305 0.0382546 0.133632 0.473808
0.155572 0.0561879 0.261229 0.52701
9.9991E-005 0.0543431 0.421481 0.524075
0.432604 0.181832 0.234957 0.150607
9.9991E-005 0.0155482 0.250935 0.733416
0.101992 0.0675055 0.276411 0.554091
0.142011 0.0298458 0.254085 0.574058
0.780939 0.0204393 0.190854 0.00776749
0.174064 9.9991E-005 0.239489 0.586347
0.171774 9.9991E-005 0.458996 0.36913
0.348365 0.086672 0.242278 0.322684
9.9982E-005 9.9982E-005 0.501215 0.498585
0.230789 0.0373248 0.312157 0.419729
0.279774 0.033117 0.335466 0.351643
0.260363 0.0633595 0.218137 0.458141
0.485189 0.283703 0.190005 0.041103
0.182564 9.9991E-005 0.516254 0.301083
9.9982E-005 9.9982E-005 0.821798 0.178002
9.9982E-005 9.9982E-005 0.782085 0.217715
0.329675 9.9991E-005 0.329255 0.34097
0.35729 9.9991E-005 0.20239 0.44022
0.164409 9.9991E-005 0.418363 0.417128
9.9991E-005 0.0953298 0.465197 0.439373
0.0622236 9.9991E-005 0.125338 0.812338
0.208494 9.9991E-005 0.280925 0.510481
0.123427 0.000201788 0.187467 0.688904
0.626784 0.027442 0.196042 0.149732
0.221288 0.0361905 0.113581 0.628941
0.0679055 0.0695405 0.375487 0.487067
0.648476 9.9991E-005 0.277703 0.0737213
0.177945 9.9991E-005 0.240046 0.581909
0.102935 0.0280538 0.348567 0.520444
0.0993064 9.9991E-005 0.394663 0.505931
0.167505 9.9991E-005 0.166177 0.666219
0.21592 9.9991E-005 0.252142 0.531839
0.756009 9.9991E-005 0.171991 0.0719003
9.9982E-005 9.9982E-005 0.222664 0.777136
0.442857 0.0292862 0.447964 0.0798929
